4.882813 51.269531
7.324219 48.828125
9.765625 46.386719
12.207031 43.945313
14.648438 43.945313
17.089844 41.503906
19.53125 41.503906
21.972656 41.503906
24.414063 43.945313
26.855469 43.945313
29.296875 43.945313
31.738281 43.945313
34.179688 43.945313
36.621094 43.945313
39.0625 43.945313
41.503906 41.503906
43.945313 39.0625
46.386719 39.0625
48.828125 36.621094
51.269531 36.621094
53.710938 34.179688
56.152344 31.738281
56.152344 29.296875
56.152344 26.855469
56.152344 24.414063
56.152344 21.972656
53.710938 19.53125
51.269531 17.089844
48.828125 14.648438
41.503906 7.324219
43.945313 9.765625
46.386719 12.207031
