95.214844 29.296875
95.214844 26.855469
92.773438 24.414063
90.332031 24.414063
87.890625 21.972656
85.449219 21.972656
83.007813 19.53125
80.566406 19.53125
78.125 19.53125
75.683594 19.53125
73.242188 19.53125
70.800781 17.089844
68.359375 17.089844
65.917969 17.089844
63.476563 17.089844
61.035156 17.089844
58.59375 17.089844
56.152344 17.089844
53.710938 17.089844
51.269531 17.089844
48.828125 17.089844
46.386719 17.089844
43.945313 17.089844
41.503906 17.089844
39.0625 17.089844
36.621094 17.089844
34.179688 14.648438
31.738281 14.648438
29.296875 14.648438
26.855469 14.648438
24.414063 14.648438
21.972656 14.648438
19.53125 12.207031
17.089844 12.207031
14.648438 14.648438
12.207031 12.207031
