185.546875 36.621094
187.988281 36.621094
190.429688 39.0625
192.871094 39.0625
195.3125 39.0625
197.753906 41.503906
200.195313 41.503906
202.636719 41.503906
205.078125 41.503906
207.519531 41.503906
209.960938 43.945313
212.402344 43.945313
214.84375 43.945313
217.285156 43.945313
219.726563 46.386719
222.167969 46.386719
224.609375 46.386719
227.050781 46.386719
229.492188 46.386719
231.933594 48.828125
234.375 51.269531
236.816406 51.269531
239.257813 53.710938
241.699219 56.152344
244.140625 58.59375
246.582031 58.59375
249.023438 58.59375
251.464844 61.035156
253.90625 63.476563
256.347656 65.917969
258.789063 68.359375
261.230469 70.800781
263.671875 73.242188
266.113281 75.683594
268.554688 78.125
270.996094 80.566406
273.4375 80.566406
275.878906 83.007813
275.878906 85.449219
278.320313 87.890625
280.761719 90.332031
280.761719 92.773438
280.761719 95.214844
280.761719 97.65625
280.761719 100.097656
278.320313 102.539063
275.878906 104.980469
273.4375 107.421875
270.996094 107.421875
268.554688 109.863281
266.113281 109.863281
263.671875 112.304688
261.230469 112.304688
258.789063 114.746094
256.347656 114.746094
253.90625 114.746094
251.464844 114.746094
249.023438 114.746094
246.582031 114.746094
244.140625 114.746094
241.699219 114.746094
239.257813 114.746094
236.816406 114.746094
234.375 114.746094
231.933594 114.746094
229.492188 114.746094
227.050781 114.746094
224.609375 114.746094
222.167969 114.746094
219.726563 114.746094
217.285156 114.746094
214.84375 114.746094
212.402344 114.746094
209.960938 114.746094
207.519531 114.746094
205.078125 114.746094
202.636719 117.1875
200.195313 117.1875
197.753906 117.1875
195.3125 114.746094
192.871094 114.746094
190.429688 114.746094
187.988281 112.304688
185.546875 112.304688
183.105469 109.863281
180.664063 107.421875
178.222656 107.421875
175.78125 104.980469
173.339844 104.980469
170.898438 104.980469
168.457031 104.980469
166.015625 104.980469
163.574219 102.539063
161.132813 102.539063
158.691406 102.539063
156.25 102.539063
153.808594 102.539063
151.367188 102.539063
148.925781 102.539063
146.484375 102.539063
144.042969 102.539063
141.601563 102.539063
139.160156 102.539063
136.71875 102.539063
134.277344 102.539063
131.835938 102.539063
129.394531 100.097656
126.953125 100.097656
124.511719 100.097656
122.070313 100.097656
119.628906 97.65625
117.1875 95.214844
114.746094 95.214844
112.304688 92.773438
109.863281 92.773438
107.421875 92.773438
104.980469 92.773438
102.539063 90.332031
100.097656 87.890625
97.65625 87.890625
95.214844 85.449219
92.773438 83.007813
90.332031 80.566406
87.890625 78.125
85.449219 75.683594
83.007813 73.242188
80.566406 70.800781
78.125 70.800781
75.683594 68.359375
73.242188 68.359375
70.800781 65.917969
68.359375 65.917969
65.917969 63.476563
63.476563 61.035156
61.035156 58.59375
58.59375 58.59375
56.152344 56.152344
56.152344 53.710938
53.710938 51.269531
51.269531 48.828125
48.828125 46.386719
48.828125 43.945313
46.386719 41.503906
43.945313 39.0625
41.503906 36.621094
39.0625 34.179688
39.0625 31.738281
36.621094 29.296875
34.179688 26.855469
31.738281 24.414063
29.296875 24.414063
26.855469 21.972656
24.414063 19.53125
21.972656 17.089844
19.53125 14.648438
17.089844 12.207031
14.648438 12.207031
12.207031 9.765625
9.765625 7.324219
7.324219 4.882813
4.882813 4.882813
