87.890625 87.890625
87.890625 85.449219
87.890625 83.007813
87.890625 80.566406
87.890625 78.125
87.890625 75.683594
87.890625 73.242188
87.890625 70.800781
87.890625 68.359375
87.890625 65.917969
85.449219 63.476563
83.007813 61.035156
80.566406 58.59375
78.125 56.152344
75.683594 53.710938
73.242188 51.269531
73.242188 48.828125
70.800781 46.386719
68.359375 43.945313
65.917969 41.503906
63.476563 39.0625
61.035156 39.0625
58.59375 39.0625
56.152344 39.0625
53.710938 36.621094
51.269531 36.621094
48.828125 36.621094
46.386719 36.621094
43.945313 36.621094
41.503906 34.179688
39.0625 31.738281
36.621094 31.738281
34.179688 29.296875
31.738281 29.296875
29.296875 26.855469
29.296875 24.414063
29.296875 21.972656
29.296875 19.53125
29.296875 17.089844
31.738281 14.648438
34.179688 12.207031
34.179688 9.765625
34.179688 7.324219
