53.710938 46.386719
51.269531 48.828125
48.828125 51.269531
46.386719 53.710938
43.945313 53.710938
41.503906 53.710938
39.0625 56.152344
36.621094 56.152344
34.179688 56.152344
31.738281 58.59375
29.296875 61.035156
26.855469 61.035156
24.414063 63.476563
21.972656 63.476563
19.53125 65.917969
17.089844 65.917969
14.648438 68.359375
14.648438 70.800781
14.648438 73.242188
14.648438 75.683594
14.648438 78.125
14.648438 80.566406
14.648438 83.007813
14.648438 85.449219
17.089844 87.890625
19.53125 90.332031
21.972656 92.773438
24.414063 92.773438
26.855469 95.214844
29.296875 95.214844
31.738281 95.214844
34.179688 95.214844
36.621094 95.214844
39.0625 92.773438
41.503906 90.332031
43.945313 90.332031
46.386719 87.890625
48.828125 87.890625
51.269531 85.449219
53.710938 83.007813
56.152344 80.566406
58.59375 80.566406
61.035156 78.125
63.476563 78.125
65.917969 75.683594
68.359375 73.242188
70.800781 73.242188
73.242188 70.800781
75.683594 70.800781
78.125 70.800781
80.566406 70.800781
83.007813 70.800781
85.449219 70.800781
87.890625 70.800781
90.332031 70.800781
92.773438 68.359375
95.214844 65.917969
97.65625 65.917969
100.097656 63.476563
102.539063 61.035156
102.539063 58.59375
102.539063 56.152344
102.539063 53.710938
102.539063 51.269531
104.980469 48.828125
107.421875 46.386719
109.863281 43.945313
112.304688 41.503906
114.746094 41.503906
117.1875 39.0625
119.628906 39.0625
122.070313 39.0625
124.511719 39.0625
126.953125 39.0625
129.394531 39.0625
131.835938 39.0625
134.277344 39.0625
136.71875 39.0625
139.160156 36.621094
141.601563 34.179688
144.042969 34.179688
146.484375 34.179688
148.925781 31.738281
151.367188 29.296875
153.808594 26.855469
153.808594 24.414063
156.25 21.972656
158.691406 19.53125
158.691406 17.089844
161.132813 14.648438
161.132813 12.207031
158.691406 9.765625
153.808594 4.882813
156.25 7.324219
