19.53125 78.125
19.53125 75.683594
19.53125 73.242188
19.53125 70.800781
21.972656 68.359375
21.972656 65.917969
21.972656 63.476563
21.972656 61.035156
24.414063 58.59375
24.414063 56.152344
26.855469 53.710938
26.855469 51.269531
29.296875 48.828125
29.296875 46.386719
31.738281 43.945313
34.179688 41.503906
34.179688 39.0625
34.179688 36.621094
34.179688 34.179688
36.621094 31.738281
36.621094 29.296875
36.621094 26.855469
39.0625 24.414063
39.0625 21.972656
39.0625 19.53125
39.0625 17.089844
