90.332031 151.367188
87.890625 151.367188
85.449219 151.367188
83.007813 151.367188
80.566406 151.367188
78.125 148.925781
78.125 146.484375
75.683594 144.042969
73.242188 144.042969
70.800781 141.601563
68.359375 141.601563
65.917969 141.601563
63.476563 141.601563
61.035156 141.601563
58.59375 144.042969
56.152344 144.042969
53.710938 144.042969
51.269531 144.042969
48.828125 144.042969
46.386719 144.042969
43.945313 144.042969
41.503906 144.042969
39.0625 141.601563
36.621094 141.601563
34.179688 141.601563
31.738281 141.601563
29.296875 139.160156
26.855469 139.160156
24.414063 136.71875
21.972656 136.71875
19.53125 134.277344
17.089844 131.835938
14.648438 129.394531
14.648438 126.953125
12.207031 124.511719
12.207031 122.070313
9.765625 119.628906
9.765625 117.1875
9.765625 114.746094
9.765625 112.304688
9.765625 109.863281
9.765625 107.421875
12.207031 104.980469
12.207031 102.539063
12.207031 100.097656
12.207031 97.65625
12.207031 95.214844
14.648438 92.773438
14.648438 90.332031
17.089844 87.890625
19.53125 85.449219
21.972656 83.007813
24.414063 80.566406
26.855469 78.125
29.296875 78.125
31.738281 75.683594
34.179688 73.242188
36.621094 70.800781
39.0625 70.800781
41.503906 68.359375
43.945313 65.917969
46.386719 65.917969
48.828125 65.917969
51.269531 63.476563
53.710938 63.476563
56.152344 61.035156
58.59375 58.59375
61.035156 56.152344
63.476563 53.710938
63.476563 51.269531
63.476563 48.828125
63.476563 46.386719
63.476563 43.945313
63.476563 41.503906
61.035156 39.0625
58.59375 36.621094
58.59375 34.179688
56.152344 31.738281
56.152344 29.296875
53.710938 26.855469
51.269531 24.414063
48.828125 21.972656
46.386719 21.972656
43.945313 19.53125
41.503906 17.089844
39.0625 14.648438
39.0625 12.207031
39.0625 2.441406
39.0625 4.882813
39.0625 7.324219
39.0625 9.765625
