117.1875 19.53125
114.746094 21.972656
112.304688 24.414063
109.863281 26.855469
107.421875 29.296875
104.980469 29.296875
102.539063 29.296875
100.097656 31.738281
97.65625 31.738281
95.214844 31.738281
92.773438 31.738281
90.332031 31.738281
87.890625 31.738281
85.449219 31.738281
83.007813 34.179688
80.566406 34.179688
78.125 34.179688
75.683594 34.179688
73.242188 34.179688
70.800781 34.179688
68.359375 34.179688
65.917969 34.179688
63.476563 34.179688
61.035156 34.179688
58.59375 36.621094
56.152344 36.621094
53.710938 36.621094
51.269531 36.621094
48.828125 36.621094
46.386719 34.179688
43.945313 34.179688
41.503906 31.738281
39.0625 31.738281
36.621094 29.296875
34.179688 29.296875
31.738281 26.855469
29.296875 26.855469
26.855469 26.855469
24.414063 24.414063
21.972656 21.972656
21.972656 19.53125
21.972656 2.441406
21.972656 4.882813
21.972656 7.324219
21.972656 9.765625
21.972656 12.207031
21.972656 14.648438
21.972656 17.089844
