12.207031 75.683594
14.648438 75.683594
17.089844 73.242188
19.53125 73.242188
21.972656 70.800781
24.414063 68.359375
26.855469 68.359375
29.296875 65.917969
31.738281 63.476563
34.179688 63.476563
36.621094 61.035156
39.0625 61.035156
41.503906 58.59375
43.945313 56.152344
46.386719 56.152344
48.828125 53.710938
51.269531 53.710938
53.710938 51.269531
56.152344 48.828125
58.59375 48.828125
61.035156 48.828125
63.476563 48.828125
65.917969 46.386719
68.359375 46.386719
70.800781 43.945313
73.242188 43.945313
75.683594 43.945313
78.125 43.945313
80.566406 43.945313
83.007813 43.945313
85.449219 41.503906
87.890625 41.503906
90.332031 41.503906
92.773438 41.503906
95.214844 39.0625
97.65625 39.0625
100.097656 39.0625
102.539063 39.0625
104.980469 39.0625
107.421875 39.0625
109.863281 39.0625
112.304688 36.621094
114.746094 36.621094
117.1875 36.621094
119.628906 36.621094
122.070313 36.621094
124.511719 36.621094
126.953125 34.179688
129.394531 34.179688
131.835938 34.179688
134.277344 31.738281
136.71875 29.296875
139.160156 29.296875
141.601563 26.855469
144.042969 26.855469
146.484375 24.414063
148.925781 24.414063
151.367188 21.972656
153.808594 21.972656
156.25 24.414063
158.691406 24.414063
161.132813 21.972656
163.574219 21.972656
166.015625 21.972656
168.457031 21.972656
170.898438 21.972656
173.339844 21.972656
175.78125 19.53125
178.222656 19.53125
180.664063 19.53125
183.105469 17.089844
185.546875 17.089844
187.988281 17.089844
190.429688 17.089844
192.871094 17.089844
195.3125 17.089844
197.753906 17.089844
200.195313 17.089844
202.636719 17.089844
205.078125 17.089844
207.519531 17.089844
209.960938 17.089844
212.402344 17.089844
214.84375 17.089844
217.285156 19.53125
219.726563 19.53125
222.167969 19.53125
224.609375 19.53125
227.050781 19.53125
229.492188 19.53125
231.933594 19.53125
234.375 21.972656
236.816406 21.972656
239.257813 21.972656
241.699219 21.972656
244.140625 24.414063
246.582031 24.414063
249.023438 21.972656
251.464844 24.414063
253.90625 24.414063
256.347656 21.972656
258.789063 21.972656
261.230469 21.972656
263.671875 21.972656
266.113281 21.972656
