7.324219 43.945313
9.765625 41.503906
12.207031 39.0625
14.648438 36.621094
17.089844 34.179688
19.53125 31.738281
21.972656 29.296875
24.414063 29.296875
26.855469 29.296875
29.296875 26.855469
31.738281 26.855469
34.179688 24.414063
36.621094 24.414063
39.0625 24.414063
41.503906 24.414063
43.945313 24.414063
46.386719 21.972656
48.828125 21.972656
51.269531 21.972656
53.710938 21.972656
56.152344 21.972656
58.59375 21.972656
61.035156 21.972656
63.476563 21.972656
65.917969 24.414063
68.359375 21.972656
78.125 12.207031
75.683594 14.648438
73.242188 17.089844
70.800781 19.53125
