85.449219 14.648438
83.007813 14.648438
80.566406 14.648438
78.125 14.648438
75.683594 14.648438
73.242188 14.648438
70.800781 14.648438
68.359375 14.648438
65.917969 14.648438
63.476563 14.648438
61.035156 14.648438
58.59375 14.648438
56.152344 12.207031
53.710938 12.207031
51.269531 12.207031
48.828125 12.207031
46.386719 12.207031
43.945313 12.207031
41.503906 12.207031
39.0625 12.207031
36.621094 12.207031
34.179688 14.648438
31.738281 14.648438
29.296875 14.648438
26.855469 14.648438
24.414063 14.648438
21.972656 14.648438
19.53125 14.648438
17.089844 14.648438
14.648438 14.648438
2.441406 14.648438
4.882813 14.648438
7.324219 14.648438
9.765625 14.648438
12.207031 14.648438
