236.816406 109.863281
236.816406 107.421875
236.816406 104.980469
236.816406 102.539063
236.816406 100.097656
239.257813 97.65625
241.699219 95.214844
244.140625 92.773438
244.140625 90.332031
246.582031 87.890625
249.023438 85.449219
249.023438 83.007813
251.464844 80.566406
251.464844 78.125
251.464844 75.683594
249.023438 73.242188
249.023438 70.800781
246.582031 68.359375
244.140625 65.917969
241.699219 63.476563
239.257813 61.035156
236.816406 58.59375
234.375 56.152344
231.933594 53.710938
229.492188 53.710938
227.050781 53.710938
224.609375 51.269531
222.167969 51.269531
219.726563 51.269531
217.285156 51.269531
214.84375 51.269531
212.402344 51.269531
209.960938 51.269531
207.519531 48.828125
205.078125 48.828125
202.636719 46.386719
200.195313 46.386719
197.753906 43.945313
195.3125 43.945313
192.871094 43.945313
190.429688 41.503906
187.988281 41.503906
185.546875 41.503906
183.105469 41.503906
180.664063 41.503906
178.222656 41.503906
175.78125 43.945313
173.339844 46.386719
170.898438 46.386719
168.457031 46.386719
166.015625 48.828125
163.574219 48.828125
161.132813 48.828125
158.691406 46.386719
156.25 46.386719
153.808594 46.386719
151.367188 46.386719
148.925781 43.945313
146.484375 43.945313
144.042969 43.945313
141.601563 41.503906
139.160156 41.503906
136.71875 39.0625
134.277344 39.0625
131.835938 36.621094
129.394531 36.621094
126.953125 34.179688
124.511719 34.179688
122.070313 31.738281
119.628906 31.738281
117.1875 31.738281
114.746094 31.738281
112.304688 31.738281
109.863281 29.296875
107.421875 29.296875
104.980469 29.296875
102.539063 29.296875
100.097656 26.855469
97.65625 24.414063
95.214844 21.972656
92.773438 21.972656
90.332031 19.53125
87.890625 17.089844
85.449219 17.089844
83.007813 14.648438
80.566406 12.207031
78.125 12.207031
75.683594 12.207031
73.242188 12.207031
70.800781 12.207031
68.359375 12.207031
65.917969 12.207031
63.476563 14.648438
61.035156 17.089844
58.59375 17.089844
56.152344 19.53125
53.710938 21.972656
53.710938 24.414063
53.710938 26.855469
53.710938 29.296875
53.710938 31.738281
56.152344 34.179688
56.152344 36.621094
56.152344 39.0625
53.710938 41.503906
51.269531 41.503906
48.828125 41.503906
46.386719 41.503906
43.945313 43.945313
41.503906 43.945313
39.0625 43.945313
36.621094 43.945313
34.179688 43.945313
31.738281 41.503906
29.296875 41.503906
26.855469 41.503906
24.414063 41.503906
21.972656 39.0625
19.53125 39.0625
17.089844 39.0625
14.648438 39.0625
12.207031 39.0625
9.765625 39.0625
7.324219 36.621094
7.324219 34.179688
7.324219 31.738281
