63.476563 46.386719
61.035156 46.386719
58.59375 46.386719
56.152344 46.386719
53.710938 46.386719
51.269531 46.386719
48.828125 43.945313
48.828125 41.503906
48.828125 39.0625
46.386719 36.621094
43.945313 34.179688
41.503906 31.738281
39.0625 29.296875
36.621094 26.855469
34.179688 24.414063
31.738281 21.972656
29.296875 19.53125
26.855469 17.089844
26.855469 14.648438
24.414063 12.207031
21.972656 12.207031
19.53125 14.648438
17.089844 14.648438
14.648438 14.648438
2.441406 14.648438
4.882813 14.648438
7.324219 14.648438
9.765625 14.648438
12.207031 14.648438
