134.277344 63.476563
134.277344 65.917969
134.277344 68.359375
134.277344 70.800781
136.71875 73.242188
139.160156 73.242188
141.601563 75.683594
144.042969 75.683594
146.484375 75.683594
148.925781 73.242188
151.367188 73.242188
153.808594 73.242188
156.25 70.800781
158.691406 68.359375
161.132813 65.917969
163.574219 63.476563
166.015625 61.035156
168.457031 58.59375
170.898438 56.152344
170.898438 53.710938
170.898438 51.269531
170.898438 48.828125
170.898438 46.386719
170.898438 43.945313
170.898438 41.503906
170.898438 39.0625
170.898438 36.621094
170.898438 34.179688
168.457031 31.738281
166.015625 31.738281
163.574219 29.296875
161.132813 26.855469
158.691406 24.414063
156.25 24.414063
153.808594 21.972656
151.367188 21.972656
148.925781 19.53125
146.484375 19.53125
144.042969 19.53125
141.601563 19.53125
139.160156 19.53125
136.71875 19.53125
134.277344 19.53125
131.835938 19.53125
129.394531 21.972656
129.394531 24.414063
126.953125 26.855469
126.953125 29.296875
126.953125 31.738281
124.511719 34.179688
122.070313 36.621094
119.628906 39.0625
117.1875 41.503906
114.746094 41.503906
112.304688 43.945313
109.863281 46.386719
107.421875 46.386719
104.980469 46.386719
102.539063 46.386719
100.097656 46.386719
97.65625 48.828125
95.214844 48.828125
92.773438 48.828125
90.332031 48.828125
87.890625 51.269531
85.449219 51.269531
83.007813 51.269531
80.566406 53.710938
78.125 53.710938
75.683594 53.710938
73.242188 53.710938
70.800781 53.710938
68.359375 53.710938
65.917969 53.710938
63.476563 53.710938
61.035156 53.710938
58.59375 53.710938
56.152344 51.269531
53.710938 51.269531
51.269531 51.269531
48.828125 51.269531
46.386719 51.269531
43.945313 48.828125
41.503906 46.386719
39.0625 46.386719
36.621094 43.945313
34.179688 41.503906
31.738281 41.503906
29.296875 39.0625
26.855469 36.621094
26.855469 34.179688
24.414063 31.738281
24.414063 29.296875
24.414063 26.855469
24.414063 24.414063
24.414063 21.972656
21.972656 19.53125
19.53125 17.089844
17.089844 14.648438
14.648438 12.207031
12.207031 12.207031
9.765625 12.207031
7.324219 14.648438
7.324219 17.089844
7.324219 21.972656
7.324219 19.53125
