70.800781 75.683594
70.800781 73.242188
70.800781 70.800781
70.800781 68.359375
70.800781 65.917969
70.800781 63.476563
68.359375 61.035156
68.359375 58.59375
65.917969 56.152344
65.917969 53.710938
65.917969 51.269531
68.359375 48.828125
68.359375 46.386719
68.359375 43.945313
68.359375 41.503906
68.359375 39.0625
65.917969 36.621094
63.476563 34.179688
61.035156 31.738281
58.59375 29.296875
56.152344 26.855469
53.710938 26.855469
51.269531 26.855469
48.828125 26.855469
46.386719 24.414063
43.945313 24.414063
41.503906 24.414063
39.0625 21.972656
36.621094 21.972656
34.179688 21.972656
31.738281 19.53125
29.296875 19.53125
26.855469 17.089844
24.414063 17.089844
21.972656 17.089844
19.53125 14.648438
17.089844 14.648438
14.648438 12.207031
7.324219 4.882813
9.765625 7.324219
12.207031 9.765625
