2.441406 34.179688
4.882813 34.179688
7.324219 34.179688
9.765625 34.179688
12.207031 31.738281
14.648438 31.738281
17.089844 29.296875
19.53125 26.855469
21.972656 24.414063
24.414063 21.972656
26.855469 21.972656
29.296875 21.972656
31.738281 21.972656
34.179688 19.53125
36.621094 19.53125
39.0625 17.089844
41.503906 14.648438
43.945313 12.207031
46.386719 9.765625
48.828125 9.765625
51.269531 9.765625
53.710938 9.765625
56.152344 12.207031
58.59375 14.648438
61.035156 17.089844
61.035156 19.53125
63.476563 21.972656
61.035156 24.414063
61.035156 26.855469
61.035156 29.296875
61.035156 31.738281
61.035156 39.0625
61.035156 36.621094
61.035156 34.179688
