4.882813 14.648438
7.324219 17.089844
9.765625 19.53125
12.207031 21.972656
14.648438 24.414063
17.089844 26.855469
19.53125 29.296875
19.53125 31.738281
19.53125 34.179688
19.53125 36.621094
17.089844 39.0625
17.089844 41.503906
17.089844 43.945313
14.648438 46.386719
14.648438 48.828125
12.207031 51.269531
12.207031 53.710938
12.207031 56.152344
12.207031 58.59375
12.207031 61.035156
12.207031 63.476563
14.648438 65.917969
17.089844 68.359375
17.089844 70.800781
19.53125 73.242188
21.972656 73.242188
24.414063 75.683594
26.855469 75.683594
29.296875 78.125
31.738281 78.125
34.179688 75.683594
36.621094 75.683594
39.0625 75.683594
41.503906 73.242188
43.945313 73.242188
46.386719 70.800781
48.828125 70.800781
51.269531 68.359375
53.710938 65.917969
56.152344 63.476563
58.59375 61.035156
61.035156 58.59375
61.035156 56.152344
61.035156 53.710938
63.476563 51.269531
63.476563 48.828125
63.476563 46.386719
63.476563 43.945313
63.476563 41.503906
61.035156 39.0625
58.59375 36.621094
56.152344 34.179688
53.710938 31.738281
51.269531 29.296875
48.828125 26.855469
46.386719 24.414063
43.945313 21.972656
43.945313 19.53125
43.945313 17.089844
43.945313 14.648438
46.386719 12.207031
48.828125 9.765625
51.269531 9.765625
53.710938 7.324219
56.152344 9.765625
58.59375 9.765625
61.035156 9.765625
63.476563 12.207031
65.917969 12.207031
68.359375 14.648438
70.800781 17.089844
73.242188 19.53125
75.683594 19.53125
78.125 21.972656
80.566406 24.414063
83.007813 26.855469
85.449219 29.296875
87.890625 31.738281
90.332031 34.179688
92.773438 36.621094
95.214844 39.0625
97.65625 41.503906
100.097656 43.945313
100.097656 46.386719
102.539063 48.828125
104.980469 51.269531
104.980469 53.710938
107.421875 56.152344
107.421875 58.59375
109.863281 61.035156
109.863281 63.476563
112.304688 65.917969
112.304688 68.359375
114.746094 70.800781
114.746094 73.242188
114.746094 80.566406
114.746094 78.125
114.746094 75.683594
