9.765625 78.125
9.765625 75.683594
9.765625 73.242188
9.765625 70.800781
9.765625 68.359375
12.207031 65.917969
12.207031 63.476563
14.648438 61.035156
17.089844 58.59375
19.53125 56.152344
21.972656 56.152344
24.414063 56.152344
26.855469 53.710938
29.296875 51.269531
31.738281 48.828125
34.179688 46.386719
36.621094 43.945313
39.0625 41.503906
41.503906 41.503906
43.945313 39.0625
46.386719 36.621094
48.828125 34.179688
51.269531 31.738281
51.269531 29.296875
53.710938 26.855469
56.152344 24.414063
58.59375 21.972656
58.59375 19.53125
58.59375 17.089844
58.59375 14.648438
58.59375 12.207031
58.59375 2.441406
58.59375 4.882813
58.59375 7.324219
58.59375 9.765625
