51.269531 126.953125
48.828125 129.394531
46.386719 131.835938
43.945313 131.835938
41.503906 131.835938
39.0625 131.835938
36.621094 131.835938
34.179688 131.835938
31.738281 131.835938
29.296875 129.394531
26.855469 126.953125
24.414063 124.511719
24.414063 122.070313
21.972656 119.628906
21.972656 117.1875
21.972656 114.746094
21.972656 112.304688
21.972656 109.863281
21.972656 107.421875
24.414063 104.980469
24.414063 102.539063
26.855469 100.097656
26.855469 97.65625
26.855469 95.214844
26.855469 92.773438
26.855469 90.332031
26.855469 87.890625
24.414063 85.449219
21.972656 83.007813
19.53125 80.566406
19.53125 78.125
17.089844 75.683594
14.648438 73.242188
12.207031 70.800781
12.207031 68.359375
12.207031 65.917969
12.207031 63.476563
12.207031 61.035156
14.648438 58.59375
17.089844 58.59375
19.53125 56.152344
21.972656 56.152344
24.414063 53.710938
26.855469 53.710938
29.296875 53.710938
31.738281 53.710938
34.179688 56.152344
36.621094 56.152344
39.0625 56.152344
41.503906 56.152344
43.945313 56.152344
46.386719 58.59375
48.828125 58.59375
51.269531 58.59375
53.710938 58.59375
56.152344 58.59375
58.59375 56.152344
58.59375 53.710938
61.035156 51.269531
61.035156 48.828125
58.59375 46.386719
58.59375 43.945313
58.59375 41.503906
58.59375 39.0625
58.59375 36.621094
58.59375 34.179688
56.152344 31.738281
56.152344 29.296875
56.152344 26.855469
56.152344 24.414063
56.152344 21.972656
56.152344 19.53125
56.152344 17.089844
56.152344 14.648438
58.59375 12.207031
61.035156 9.765625
65.917969 4.882813
63.476563 7.324219
