129.394531 43.945313
126.953125 43.945313
124.511719 43.945313
122.070313 43.945313
119.628906 43.945313
117.1875 43.945313
114.746094 43.945313
112.304688 41.503906
109.863281 41.503906
107.421875 41.503906
104.980469 41.503906
102.539063 41.503906
100.097656 41.503906
97.65625 41.503906
95.214844 39.0625
92.773438 39.0625
90.332031 39.0625
87.890625 39.0625
85.449219 39.0625
83.007813 39.0625
80.566406 36.621094
78.125 36.621094
75.683594 36.621094
73.242188 36.621094
70.800781 36.621094
68.359375 34.179688
65.917969 34.179688
63.476563 31.738281
61.035156 31.738281
58.59375 31.738281
56.152344 31.738281
53.710938 29.296875
51.269531 29.296875
48.828125 29.296875
46.386719 26.855469
43.945313 26.855469
41.503906 26.855469
39.0625 24.414063
36.621094 24.414063
34.179688 21.972656
31.738281 21.972656
29.296875 19.53125
26.855469 19.53125
24.414063 19.53125
21.972656 17.089844
19.53125 17.089844
17.089844 17.089844
2.441406 17.089844
4.882813 17.089844
7.324219 17.089844
9.765625 17.089844
12.207031 17.089844
14.648438 17.089844
