46.386719 214.84375
48.828125 214.84375
51.269531 214.84375
53.710938 217.285156
56.152344 217.285156
58.59375 217.285156
61.035156 217.285156
63.476563 217.285156
65.917969 217.285156
68.359375 219.726563
70.800781 219.726563
73.242188 217.285156
75.683594 217.285156
78.125 217.285156
80.566406 214.84375
83.007813 212.402344
85.449219 209.960938
85.449219 207.519531
87.890625 205.078125
90.332031 202.636719
90.332031 200.195313
92.773438 197.753906
95.214844 195.3125
95.214844 192.871094
97.65625 190.429688
97.65625 187.988281
100.097656 185.546875
100.097656 183.105469
100.097656 180.664063
97.65625 178.222656
97.65625 175.78125
95.214844 173.339844
92.773438 173.339844
90.332031 170.898438
87.890625 168.457031
87.890625 166.015625
85.449219 163.574219
83.007813 161.132813
83.007813 158.691406
80.566406 156.25
80.566406 153.808594
78.125 151.367188
78.125 148.925781
78.125 146.484375
75.683594 144.042969
75.683594 141.601563
73.242188 139.160156
70.800781 136.71875
70.800781 134.277344
68.359375 131.835938
65.917969 129.394531
63.476563 129.394531
61.035156 126.953125
58.59375 124.511719
56.152344 124.511719
53.710938 122.070313
51.269531 122.070313
48.828125 119.628906
46.386719 117.1875
43.945313 114.746094
41.503906 112.304688
39.0625 109.863281
39.0625 107.421875
36.621094 104.980469
36.621094 102.539063
34.179688 100.097656
31.738281 97.65625
31.738281 95.214844
29.296875 92.773438
26.855469 90.332031
24.414063 87.890625
21.972656 85.449219
19.53125 83.007813
19.53125 80.566406
17.089844 78.125
14.648438 75.683594
14.648438 73.242188
12.207031 70.800781
12.207031 68.359375
9.765625 65.917969
9.765625 63.476563
9.765625 61.035156
9.765625 58.59375
12.207031 56.152344
14.648438 53.710938
14.648438 51.269531
17.089844 48.828125
17.089844 46.386719
19.53125 43.945313
21.972656 41.503906
21.972656 39.0625
21.972656 36.621094
21.972656 34.179688
24.414063 31.738281
24.414063 29.296875
24.414063 26.855469
24.414063 24.414063
24.414063 21.972656
24.414063 19.53125
21.972656 17.089844
21.972656 14.648438
19.53125 12.207031
17.089844 9.765625
14.648438 7.324219
14.648438 4.882813
14.648438 2.441406
