14.648438 124.511719
14.648438 122.070313
14.648438 119.628906
14.648438 117.1875
14.648438 114.746094
14.648438 112.304688
14.648438 109.863281
17.089844 107.421875
19.53125 107.421875
21.972656 107.421875
24.414063 107.421875
26.855469 104.980469
29.296875 104.980469
31.738281 102.539063
34.179688 102.539063
36.621094 100.097656
39.0625 100.097656
41.503906 100.097656
43.945313 97.65625
46.386719 97.65625
48.828125 95.214844
51.269531 95.214844
53.710938 95.214844
56.152344 92.773438
58.59375 92.773438
61.035156 90.332031
63.476563 90.332031
65.917969 90.332031
68.359375 87.890625
70.800781 87.890625
73.242188 85.449219
75.683594 85.449219
78.125 83.007813
80.566406 83.007813
83.007813 80.566406
85.449219 80.566406
87.890625 78.125
90.332031 75.683594
92.773438 73.242188
95.214844 70.800781
97.65625 68.359375
100.097656 65.917969
102.539063 63.476563
104.980469 61.035156
107.421875 58.59375
109.863281 58.59375
112.304688 56.152344
114.746094 53.710938
117.1875 51.269531
119.628906 48.828125
122.070313 46.386719
124.511719 46.386719
126.953125 43.945313
129.394531 43.945313
131.835938 41.503906
134.277344 39.0625
136.71875 39.0625
139.160156 36.621094
141.601563 34.179688
144.042969 31.738281
146.484375 29.296875
148.925781 26.855469
151.367188 24.414063
153.808594 21.972656
156.25 19.53125
158.691406 19.53125
161.132813 17.089844
161.132813 14.648438
161.132813 12.207031
161.132813 2.441406
161.132813 4.882813
161.132813 7.324219
161.132813 9.765625
