4.882813 124.511719
4.882813 122.070313
4.882813 119.628906
7.324219 117.1875
7.324219 114.746094
7.324219 112.304688
7.324219 109.863281
7.324219 107.421875
7.324219 104.980469
7.324219 102.539063
7.324219 100.097656
7.324219 97.65625
7.324219 95.214844
7.324219 92.773438
7.324219 90.332031
7.324219 87.890625
7.324219 85.449219
7.324219 83.007813
7.324219 80.566406
7.324219 78.125
7.324219 75.683594
7.324219 73.242188
7.324219 70.800781
7.324219 68.359375
7.324219 65.917969
7.324219 63.476563
7.324219 61.035156
7.324219 58.59375
7.324219 56.152344
7.324219 53.710938
7.324219 51.269531
7.324219 48.828125
7.324219 46.386719
7.324219 43.945313
7.324219 41.503906
7.324219 39.0625
7.324219 36.621094
7.324219 34.179688
7.324219 31.738281
7.324219 29.296875
7.324219 26.855469
7.324219 24.414063
7.324219 21.972656
7.324219 19.53125
7.324219 17.089844
7.324219 14.648438
7.324219 12.207031
7.324219 9.765625
7.324219 7.324219
7.324219 4.882813
7.324219 2.441406
