48.828125 73.242188
48.828125 70.800781
48.828125 68.359375
48.828125 65.917969
48.828125 63.476563
48.828125 61.035156
48.828125 58.59375
46.386719 56.152344
46.386719 53.710938
43.945313 51.269531
43.945313 48.828125
41.503906 46.386719
39.0625 43.945313
36.621094 41.503906
34.179688 39.0625
31.738281 39.0625
29.296875 39.0625
26.855469 39.0625
24.414063 36.621094
24.414063 34.179688
24.414063 31.738281
26.855469 29.296875
26.855469 26.855469
29.296875 24.414063
31.738281 21.972656
31.738281 19.53125
31.738281 17.089844
31.738281 14.648438
31.738281 12.207031
31.738281 9.765625
31.738281 7.324219
31.738281 2.441406
31.738281 4.882813
