202.636719 297.851563
202.636719 295.410156
202.636719 292.96875
202.636719 290.527344
205.078125 288.085938
205.078125 285.644531
205.078125 283.203125
205.078125 280.761719
202.636719 278.320313
200.195313 275.878906
197.753906 273.4375
197.753906 270.996094
195.3125 268.554688
192.871094 266.113281
190.429688 263.671875
187.988281 261.230469
187.988281 258.789063
185.546875 256.347656
183.105469 253.90625
183.105469 251.464844
180.664063 249.023438
178.222656 246.582031
175.78125 244.140625
173.339844 241.699219
170.898438 239.257813
170.898438 236.816406
170.898438 234.375
168.457031 231.933594
168.457031 229.492188
166.015625 227.050781
163.574219 224.609375
161.132813 222.167969
158.691406 219.726563
156.25 217.285156
153.808594 214.84375
151.367188 212.402344
148.925781 209.960938
148.925781 207.519531
146.484375 205.078125
146.484375 202.636719
144.042969 200.195313
144.042969 197.753906
141.601563 195.3125
141.601563 192.871094
139.160156 190.429688
139.160156 187.988281
136.71875 185.546875
134.277344 183.105469
134.277344 180.664063
131.835938 178.222656
129.394531 175.78125
126.953125 173.339844
124.511719 170.898438
122.070313 168.457031
122.070313 166.015625
119.628906 163.574219
117.1875 161.132813
114.746094 158.691406
112.304688 156.25
109.863281 153.808594
109.863281 151.367188
107.421875 148.925781
107.421875 146.484375
104.980469 144.042969
104.980469 141.601563
102.539063 139.160156
102.539063 136.71875
100.097656 134.277344
100.097656 131.835938
97.65625 129.394531
97.65625 126.953125
95.214844 124.511719
95.214844 122.070313
92.773438 119.628906
92.773438 117.1875
90.332031 114.746094
90.332031 112.304688
90.332031 109.863281
87.890625 107.421875
85.449219 104.980469
83.007813 102.539063
83.007813 100.097656
80.566406 97.65625
80.566406 95.214844
78.125 92.773438
75.683594 90.332031
75.683594 87.890625
75.683594 85.449219
73.242188 83.007813
73.242188 80.566406
70.800781 78.125
70.800781 75.683594
68.359375 73.242188
65.917969 70.800781
63.476563 68.359375
61.035156 65.917969
58.59375 63.476563
56.152344 61.035156
53.710938 58.59375
51.269531 56.152344
48.828125 53.710938
46.386719 51.269531
43.945313 48.828125
41.503906 46.386719
39.0625 43.945313
39.0625 41.503906
36.621094 39.0625
34.179688 36.621094
31.738281 34.179688
31.738281 31.738281
29.296875 29.296875
26.855469 26.855469
26.855469 24.414063
24.414063 21.972656
21.972656 21.972656
19.53125 19.53125
19.53125 17.089844
17.089844 14.648438
14.648438 12.207031
12.207031 9.765625
9.765625 9.765625
