390.625 65.917969
390.625 68.359375
390.625 70.800781
390.625 73.242188
390.625 75.683594
390.625 78.125
390.625 80.566406
388.183594 83.007813
388.183594 85.449219
385.742188 87.890625
383.300781 90.332031
383.300781 92.773438
380.859375 95.214844
378.417969 97.65625
375.976563 100.097656
373.535156 100.097656
371.09375 102.539063
368.652344 102.539063
366.210938 102.539063
363.769531 100.097656
361.328125 102.539063
358.886719 102.539063
356.445313 100.097656
354.003906 100.097656
351.5625 97.65625
349.121094 95.214844
346.679688 92.773438
344.238281 90.332031
341.796875 87.890625
339.355469 85.449219
336.914063 83.007813
334.472656 80.566406
332.03125 78.125
332.03125 75.683594
329.589844 73.242188
327.148438 70.800781
324.707031 68.359375
324.707031 65.917969
322.265625 63.476563
322.265625 61.035156
319.824219 58.59375
317.382813 56.152344
314.941406 53.710938
312.5 51.269531
312.5 48.828125
310.058594 46.386719
307.617188 43.945313
305.175781 41.503906
302.734375 39.0625
300.292969 36.621094
297.851563 34.179688
295.410156 31.738281
292.96875 29.296875
290.527344 29.296875
288.085938 29.296875
285.644531 29.296875
283.203125 26.855469
280.761719 26.855469
278.320313 26.855469
275.878906 26.855469
273.4375 24.414063
270.996094 21.972656
268.554688 21.972656
266.113281 19.53125
263.671875 19.53125
261.230469 19.53125
258.789063 17.089844
256.347656 17.089844
253.90625 17.089844
251.464844 17.089844
249.023438 17.089844
246.582031 17.089844
244.140625 17.089844
241.699219 17.089844
239.257813 14.648438
236.816406 14.648438
234.375 14.648438
231.933594 14.648438
229.492188 14.648438
227.050781 14.648438
224.609375 14.648438
222.167969 14.648438
219.726563 14.648438
217.285156 14.648438
214.84375 14.648438
212.402344 14.648438
209.960938 14.648438
207.519531 14.648438
205.078125 17.089844
202.636719 17.089844
200.195313 17.089844
197.753906 17.089844
195.3125 17.089844
192.871094 17.089844
190.429688 17.089844
187.988281 17.089844
185.546875 17.089844
183.105469 17.089844
180.664063 19.53125
178.222656 19.53125
175.78125 19.53125
173.339844 17.089844
170.898438 17.089844
168.457031 19.53125
166.015625 19.53125
163.574219 19.53125
161.132813 19.53125
158.691406 19.53125
156.25 19.53125
153.808594 19.53125
151.367188 19.53125
148.925781 19.53125
146.484375 19.53125
144.042969 19.53125
141.601563 21.972656
139.160156 21.972656
136.71875 21.972656
134.277344 21.972656
131.835938 21.972656
129.394531 24.414063
126.953125 24.414063
124.511719 24.414063
122.070313 24.414063
119.628906 24.414063
117.1875 24.414063
114.746094 24.414063
112.304688 24.414063
109.863281 24.414063
107.421875 24.414063
104.980469 24.414063
102.539063 24.414063
100.097656 24.414063
97.65625 24.414063
95.214844 24.414063
92.773438 24.414063
90.332031 24.414063
87.890625 24.414063
85.449219 24.414063
83.007813 24.414063
80.566406 24.414063
78.125 24.414063
75.683594 24.414063
73.242188 24.414063
70.800781 26.855469
68.359375 26.855469
65.917969 26.855469
63.476563 26.855469
61.035156 29.296875
58.59375 29.296875
56.152344 29.296875
53.710938 29.296875
51.269531 29.296875
48.828125 29.296875
46.386719 26.855469
43.945313 26.855469
41.503906 24.414063
39.0625 24.414063
36.621094 24.414063
34.179688 24.414063
31.738281 24.414063
29.296875 24.414063
26.855469 26.855469
24.414063 24.414063
21.972656 24.414063
19.53125 24.414063
17.089844 24.414063
14.648438 21.972656
7.324219 14.648438
9.765625 17.089844
12.207031 19.53125
