65.917969 119.628906
63.476563 119.628906
61.035156 119.628906
58.59375 119.628906
56.152344 119.628906
53.710938 117.1875
51.269531 117.1875
48.828125 114.746094
46.386719 112.304688
43.945313 109.863281
41.503906 107.421875
39.0625 104.980469
36.621094 102.539063
34.179688 100.097656
31.738281 97.65625
31.738281 95.214844
29.296875 92.773438
26.855469 90.332031
24.414063 87.890625
24.414063 85.449219
24.414063 83.007813
24.414063 80.566406
24.414063 78.125
24.414063 75.683594
24.414063 73.242188
21.972656 70.800781
21.972656 68.359375
19.53125 65.917969
19.53125 63.476563
17.089844 61.035156
17.089844 58.59375
17.089844 56.152344
14.648438 53.710938
14.648438 51.269531
14.648438 48.828125
14.648438 46.386719
14.648438 43.945313
14.648438 41.503906
17.089844 39.0625
17.089844 36.621094
19.53125 34.179688
19.53125 31.738281
21.972656 29.296875
24.414063 26.855469
26.855469 26.855469
29.296875 24.414063
31.738281 21.972656
34.179688 19.53125
36.621094 17.089844
39.0625 17.089844
41.503906 17.089844
43.945313 14.648438
46.386719 14.648438
48.828125 12.207031
51.269531 12.207031
53.710938 12.207031
56.152344 9.765625
58.59375 9.765625
61.035156 9.765625
63.476563 12.207031
65.917969 12.207031
68.359375 12.207031
70.800781 12.207031
73.242188 12.207031
75.683594 12.207031
78.125 12.207031
80.566406 12.207031
83.007813 12.207031
85.449219 12.207031
87.890625 12.207031
90.332031 12.207031
92.773438 14.648438
95.214844 14.648438
97.65625 17.089844
100.097656 19.53125
100.097656 21.972656
102.539063 24.414063
102.539063 26.855469
104.980469 29.296875
104.980469 31.738281
107.421875 34.179688
107.421875 36.621094
109.863281 39.0625
109.863281 41.503906
109.863281 43.945313
109.863281 46.386719
109.863281 48.828125
109.863281 51.269531
112.304688 53.710938
112.304688 56.152344
112.304688 58.59375
112.304688 61.035156
112.304688 63.476563
112.304688 65.917969
112.304688 68.359375
112.304688 70.800781
114.746094 73.242188
114.746094 75.683594
114.746094 78.125
114.746094 80.566406
114.746094 83.007813
114.746094 85.449219
114.746094 87.890625
114.746094 90.332031
114.746094 100.097656
114.746094 97.65625
114.746094 95.214844
114.746094 92.773438
