129.394531 14.648438
126.953125 14.648438
124.511719 14.648438
122.070313 14.648438
119.628906 14.648438
117.1875 17.089844
114.746094 17.089844
112.304688 17.089844
109.863281 17.089844
107.421875 17.089844
104.980469 17.089844
102.539063 14.648438
100.097656 14.648438
97.65625 14.648438
95.214844 14.648438
92.773438 14.648438
90.332031 14.648438
87.890625 12.207031
85.449219 12.207031
83.007813 12.207031
80.566406 12.207031
78.125 12.207031
75.683594 12.207031
73.242188 12.207031
70.800781 12.207031
68.359375 12.207031
65.917969 12.207031
63.476563 12.207031
61.035156 12.207031
58.59375 12.207031
56.152344 12.207031
53.710938 12.207031
51.269531 12.207031
48.828125 12.207031
46.386719 12.207031
43.945313 12.207031
41.503906 12.207031
39.0625 12.207031
36.621094 12.207031
34.179688 12.207031
31.738281 12.207031
29.296875 12.207031
26.855469 12.207031
24.414063 12.207031
21.972656 12.207031
19.53125 12.207031
17.089844 9.765625
14.648438 12.207031
12.207031 9.765625
9.765625 9.765625
7.324219 12.207031
