4.882813 104.980469
7.324219 102.539063
9.765625 100.097656
12.207031 97.65625
14.648438 95.214844
17.089844 92.773438
19.53125 90.332031
21.972656 90.332031
24.414063 87.890625
26.855469 87.890625
29.296875 87.890625
31.738281 85.449219
34.179688 85.449219
36.621094 83.007813
39.0625 83.007813
41.503906 80.566406
43.945313 78.125
46.386719 78.125
48.828125 75.683594
51.269531 75.683594
53.710938 73.242188
56.152344 73.242188
58.59375 70.800781
61.035156 70.800781
63.476563 70.800781
65.917969 70.800781
68.359375 70.800781
70.800781 68.359375
73.242188 68.359375
75.683594 68.359375
78.125 68.359375
80.566406 68.359375
83.007813 68.359375
85.449219 68.359375
87.890625 68.359375
90.332031 68.359375
92.773438 68.359375
95.214844 68.359375
97.65625 68.359375
100.097656 68.359375
102.539063 68.359375
104.980469 68.359375
107.421875 68.359375
109.863281 68.359375
112.304688 68.359375
114.746094 68.359375
117.1875 65.917969
119.628906 65.917969
122.070313 65.917969
124.511719 65.917969
126.953125 65.917969
129.394531 65.917969
131.835938 65.917969
134.277344 63.476563
136.71875 63.476563
139.160156 63.476563
141.601563 63.476563
144.042969 63.476563
146.484375 63.476563
148.925781 61.035156
151.367188 61.035156
153.808594 61.035156
156.25 61.035156
158.691406 61.035156
161.132813 61.035156
163.574219 58.59375
166.015625 58.59375
168.457031 58.59375
170.898438 58.59375
173.339844 58.59375
175.78125 58.59375
178.222656 56.152344
180.664063 56.152344
183.105469 56.152344
185.546875 56.152344
187.988281 56.152344
190.429688 56.152344
192.871094 56.152344
195.3125 56.152344
197.753906 56.152344
200.195313 53.710938
202.636719 56.152344
205.078125 56.152344
207.519531 56.152344
209.960938 53.710938
212.402344 53.710938
214.84375 51.269531
217.285156 51.269531
219.726563 51.269531
222.167969 48.828125
224.609375 48.828125
227.050781 46.386719
229.492188 46.386719
231.933594 46.386719
234.375 46.386719
236.816406 46.386719
239.257813 46.386719
241.699219 46.386719
244.140625 43.945313
246.582031 43.945313
249.023438 43.945313
251.464844 43.945313
253.90625 43.945313
256.347656 43.945313
258.789063 43.945313
261.230469 43.945313
263.671875 43.945313
266.113281 43.945313
268.554688 41.503906
270.996094 41.503906
273.4375 41.503906
275.878906 39.0625
278.320313 39.0625
280.761719 39.0625
283.203125 36.621094
285.644531 34.179688
288.085938 34.179688
290.527344 31.738281
292.96875 31.738281
295.410156 29.296875
297.851563 29.296875
300.292969 26.855469
302.734375 26.855469
305.175781 24.414063
307.617188 24.414063
310.058594 21.972656
312.5 19.53125
314.941406 19.53125
317.382813 17.089844
319.824219 17.089844
322.265625 14.648438
324.707031 12.207031
327.148438 12.207031
329.589844 12.207031
332.03125 9.765625
334.472656 7.324219
