46.386719 104.980469
46.386719 102.539063
46.386719 100.097656
46.386719 97.65625
46.386719 95.214844
46.386719 92.773438
46.386719 90.332031
46.386719 87.890625
46.386719 85.449219
46.386719 83.007813
43.945313 80.566406
43.945313 78.125
43.945313 75.683594
41.503906 73.242188
39.0625 70.800781
36.621094 68.359375
34.179688 65.917969
31.738281 63.476563
31.738281 61.035156
29.296875 58.59375
29.296875 56.152344
29.296875 53.710938
26.855469 51.269531
26.855469 48.828125
26.855469 46.386719
24.414063 43.945313
24.414063 41.503906
24.414063 39.0625
21.972656 36.621094
21.972656 34.179688
19.53125 31.738281
19.53125 29.296875
19.53125 26.855469
19.53125 24.414063
19.53125 21.972656
17.089844 19.53125
17.089844 17.089844
17.089844 2.441406
17.089844 4.882813
17.089844 7.324219
17.089844 9.765625
17.089844 12.207031
17.089844 14.648438
