139.160156 70.800781
136.71875 70.800781
134.277344 68.359375
131.835938 65.917969
129.394531 65.917969
126.953125 63.476563
124.511719 61.035156
122.070313 58.59375
119.628906 58.59375
117.1875 56.152344
114.746094 56.152344
112.304688 53.710938
109.863281 51.269531
107.421875 51.269531
104.980469 48.828125
102.539063 46.386719
100.097656 46.386719
97.65625 43.945313
95.214844 43.945313
92.773438 43.945313
90.332031 41.503906
87.890625 39.0625
85.449219 36.621094
83.007813 36.621094
80.566406 36.621094
78.125 34.179688
75.683594 34.179688
73.242188 34.179688
70.800781 31.738281
68.359375 31.738281
65.917969 31.738281
63.476563 31.738281
61.035156 29.296875
58.59375 26.855469
56.152344 26.855469
53.710938 24.414063
51.269531 21.972656
48.828125 21.972656
46.386719 21.972656
43.945313 21.972656
41.503906 19.53125
39.0625 19.53125
36.621094 17.089844
34.179688 17.089844
31.738281 17.089844
29.296875 17.089844
26.855469 14.648438
24.414063 14.648438
21.972656 14.648438
19.53125 12.207031
17.089844 12.207031
14.648438 12.207031
12.207031 9.765625
9.765625 9.765625
