17.089844 90.332031
17.089844 87.890625
17.089844 85.449219
17.089844 83.007813
17.089844 80.566406
17.089844 78.125
17.089844 75.683594
17.089844 73.242188
17.089844 70.800781
17.089844 68.359375
19.53125 65.917969
19.53125 63.476563
19.53125 61.035156
19.53125 58.59375
19.53125 56.152344
19.53125 53.710938
19.53125 51.269531
21.972656 48.828125
21.972656 46.386719
24.414063 43.945313
24.414063 41.503906
24.414063 39.0625
24.414063 36.621094
26.855469 34.179688
26.855469 31.738281
26.855469 29.296875
26.855469 26.855469
26.855469 24.414063
26.855469 21.972656
29.296875 19.53125
29.296875 17.089844
29.296875 14.648438
31.738281 12.207031
31.738281 9.765625
31.738281 2.441406
31.738281 4.882813
31.738281 7.324219
