280.761719 144.042969
280.761719 141.601563
280.761719 139.160156
280.761719 136.71875
280.761719 134.277344
278.320313 131.835938
275.878906 131.835938
273.4375 129.394531
270.996094 126.953125
268.554688 124.511719
266.113281 124.511719
263.671875 122.070313
261.230469 119.628906
258.789063 119.628906
256.347656 117.1875
253.90625 117.1875
251.464844 114.746094
249.023438 112.304688
246.582031 109.863281
244.140625 107.421875
244.140625 104.980469
241.699219 102.539063
239.257813 100.097656
239.257813 97.65625
236.816406 95.214844
236.816406 92.773438
234.375 90.332031
231.933594 87.890625
229.492188 87.890625
227.050781 85.449219
224.609375 83.007813
222.167969 83.007813
219.726563 80.566406
217.285156 80.566406
214.84375 80.566406
212.402344 80.566406
209.960938 80.566406
207.519531 80.566406
205.078125 80.566406
202.636719 78.125
200.195313 75.683594
197.753906 75.683594
195.3125 73.242188
192.871094 73.242188
190.429688 73.242188
187.988281 70.800781
185.546875 70.800781
183.105469 68.359375
180.664063 68.359375
178.222656 68.359375
175.78125 68.359375
173.339844 65.917969
170.898438 65.917969
168.457031 65.917969
166.015625 63.476563
163.574219 63.476563
161.132813 63.476563
158.691406 61.035156
156.25 61.035156
153.808594 61.035156
151.367188 61.035156
148.925781 61.035156
146.484375 61.035156
144.042969 61.035156
141.601563 58.59375
139.160156 58.59375
136.71875 58.59375
134.277344 58.59375
131.835938 58.59375
129.394531 58.59375
126.953125 58.59375
124.511719 58.59375
122.070313 56.152344
119.628906 56.152344
117.1875 56.152344
114.746094 53.710938
112.304688 53.710938
109.863281 53.710938
107.421875 51.269531
104.980469 51.269531
102.539063 51.269531
100.097656 48.828125
97.65625 48.828125
95.214844 48.828125
92.773438 46.386719
90.332031 46.386719
87.890625 43.945313
85.449219 43.945313
83.007813 43.945313
80.566406 41.503906
78.125 41.503906
75.683594 39.0625
73.242188 39.0625
70.800781 39.0625
68.359375 36.621094
65.917969 36.621094
63.476563 36.621094
61.035156 34.179688
58.59375 34.179688
56.152344 31.738281
53.710938 31.738281
51.269531 29.296875
48.828125 29.296875
46.386719 29.296875
43.945313 29.296875
41.503906 26.855469
39.0625 26.855469
36.621094 24.414063
34.179688 21.972656
31.738281 21.972656
29.296875 19.53125
26.855469 17.089844
24.414063 17.089844
21.972656 14.648438
19.53125 17.089844
17.089844 14.648438
14.648438 14.648438
2.441406 14.648438
4.882813 14.648438
7.324219 14.648438
9.765625 14.648438
12.207031 14.648438
