21.972656 63.476563
21.972656 61.035156
21.972656 58.59375
21.972656 56.152344
21.972656 53.710938
21.972656 51.269531
21.972656 48.828125
19.53125 46.386719
19.53125 43.945313
19.53125 41.503906
19.53125 39.0625
21.972656 36.621094
24.414063 34.179688
26.855469 34.179688
29.296875 34.179688
31.738281 34.179688
34.179688 36.621094
36.621094 36.621094
39.0625 39.0625
41.503906 39.0625
43.945313 41.503906
46.386719 41.503906
48.828125 43.945313
51.269531 46.386719
53.710938 48.828125
56.152344 51.269531
58.59375 53.710938
61.035156 53.710938
63.476563 56.152344
65.917969 58.59375
68.359375 61.035156
70.800781 61.035156
73.242188 63.476563
75.683594 63.476563
78.125 63.476563
80.566406 63.476563
83.007813 63.476563
85.449219 63.476563
87.890625 65.917969
90.332031 65.917969
92.773438 65.917969
95.214844 68.359375
97.65625 70.800781
100.097656 73.242188
102.539063 73.242188
104.980469 75.683594
107.421875 75.683594
109.863281 75.683594
112.304688 75.683594
114.746094 75.683594
117.1875 75.683594
119.628906 73.242188
122.070313 70.800781
122.070313 68.359375
122.070313 65.917969
122.070313 63.476563
122.070313 61.035156
122.070313 58.59375
122.070313 56.152344
122.070313 53.710938
119.628906 51.269531
117.1875 48.828125
117.1875 46.386719
114.746094 43.945313
112.304688 41.503906
112.304688 39.0625
109.863281 36.621094
107.421875 34.179688
107.421875 31.738281
104.980469 29.296875
104.980469 26.855469
104.980469 24.414063
102.539063 21.972656
102.539063 19.53125
100.097656 17.089844
97.65625 14.648438
95.214844 12.207031
92.773438 12.207031
90.332031 12.207031
87.890625 12.207031
85.449219 12.207031
83.007813 12.207031
80.566406 12.207031
78.125 9.765625
75.683594 9.765625
73.242188 9.765625
70.800781 9.765625
68.359375 9.765625
65.917969 9.765625
63.476563 9.765625
61.035156 9.765625
58.59375 9.765625
56.152344 9.765625
53.710938 9.765625
51.269531 9.765625
48.828125 9.765625
46.386719 9.765625
43.945313 12.207031
41.503906 12.207031
39.0625 12.207031
36.621094 12.207031
34.179688 9.765625
31.738281 9.765625
29.296875 9.765625
26.855469 9.765625
24.414063 7.324219
21.972656 7.324219
19.53125 9.765625
17.089844 9.765625
14.648438 9.765625
12.207031 7.324219
9.765625 7.324219
7.324219 9.765625
4.882813 12.207031
