73.242188 24.414063
70.800781 24.414063
68.359375 24.414063
65.917969 24.414063
63.476563 24.414063
61.035156 24.414063
58.59375 24.414063
56.152344 24.414063
53.710938 24.414063
51.269531 21.972656
48.828125 21.972656
46.386719 21.972656
43.945313 19.53125
41.503906 19.53125
39.0625 17.089844
36.621094 17.089844
34.179688 14.648438
31.738281 14.648438
29.296875 14.648438
26.855469 12.207031
24.414063 12.207031
21.972656 12.207031
19.53125 12.207031
17.089844 12.207031
14.648438 12.207031
12.207031 12.207031
