2.441406 46.386719
4.882813 46.386719
7.324219 46.386719
9.765625 46.386719
12.207031 46.386719
14.648438 46.386719
17.089844 46.386719
19.53125 46.386719
21.972656 46.386719
24.414063 43.945313
26.855469 43.945313
29.296875 43.945313
31.738281 41.503906
34.179688 41.503906
36.621094 41.503906
39.0625 41.503906
41.503906 41.503906
43.945313 39.0625
46.386719 39.0625
48.828125 39.0625
51.269531 36.621094
53.710938 36.621094
56.152344 34.179688
58.59375 31.738281
61.035156 31.738281
63.476563 29.296875
65.917969 26.855469
68.359375 26.855469
70.800781 24.414063
73.242188 24.414063
75.683594 24.414063
78.125 24.414063
80.566406 21.972656
83.007813 21.972656
85.449219 19.53125
87.890625 19.53125
90.332031 17.089844
92.773438 17.089844
95.214844 17.089844
97.65625 17.089844
100.097656 14.648438
102.539063 14.648438
104.980469 14.648438
107.421875 14.648438
109.863281 12.207031
112.304688 12.207031
114.746094 12.207031
117.1875 12.207031
119.628906 12.207031
129.394531 12.207031
126.953125 12.207031
124.511719 12.207031
122.070313 12.207031
