63.476563 112.304688
63.476563 109.863281
63.476563 107.421875
63.476563 104.980469
63.476563 102.539063
63.476563 100.097656
63.476563 97.65625
61.035156 95.214844
58.59375 92.773438
56.152344 90.332031
53.710938 87.890625
53.710938 85.449219
51.269531 83.007813
48.828125 80.566406
46.386719 78.125
46.386719 75.683594
43.945313 73.242188
43.945313 70.800781
41.503906 68.359375
41.503906 65.917969
39.0625 63.476563
36.621094 61.035156
36.621094 58.59375
34.179688 56.152344
34.179688 53.710938
31.738281 51.269531
31.738281 48.828125
29.296875 46.386719
29.296875 43.945313
26.855469 41.503906
26.855469 39.0625
26.855469 36.621094
24.414063 34.179688
24.414063 31.738281
24.414063 29.296875
21.972656 26.855469
21.972656 24.414063
21.972656 21.972656
21.972656 19.53125
21.972656 17.089844
19.53125 14.648438
17.089844 14.648438
14.648438 12.207031
12.207031 9.765625
9.765625 7.324219
7.324219 7.324219
2.441406 7.324219
4.882813 7.324219
