2.441406 119.628906
4.882813 117.1875
7.324219 114.746094
9.765625 112.304688
12.207031 109.863281
14.648438 107.421875
17.089844 104.980469
19.53125 104.980469
21.972656 102.539063
24.414063 100.097656
26.855469 97.65625
26.855469 95.214844
26.855469 92.773438
29.296875 90.332031
31.738281 87.890625
31.738281 85.449219
34.179688 83.007813
34.179688 80.566406
36.621094 78.125
39.0625 75.683594
41.503906 73.242188
43.945313 70.800781
46.386719 68.359375
48.828125 65.917969
51.269531 63.476563
53.710938 61.035156
53.710938 58.59375
56.152344 56.152344
56.152344 53.710938
58.59375 51.269531
61.035156 48.828125
63.476563 46.386719
65.917969 43.945313
65.917969 41.503906
68.359375 39.0625
70.800781 36.621094
73.242188 34.179688
73.242188 31.738281
73.242188 29.296875
75.683594 26.855469
75.683594 24.414063
78.125 21.972656
78.125 19.53125
80.566406 17.089844
80.566406 14.648438
80.566406 12.207031
83.007813 9.765625
83.007813 7.324219
83.007813 2.441406
83.007813 4.882813
