53.710938 70.800781
51.269531 70.800781
48.828125 68.359375
46.386719 65.917969
43.945313 63.476563
41.503906 61.035156
39.0625 58.59375
36.621094 56.152344
34.179688 53.710938
31.738281 51.269531
29.296875 48.828125
29.296875 46.386719
26.855469 43.945313
26.855469 41.503906
26.855469 39.0625
24.414063 36.621094
21.972656 34.179688
21.972656 31.738281
21.972656 29.296875
19.53125 26.855469
17.089844 24.414063
14.648438 21.972656
14.648438 19.53125
12.207031 17.089844
12.207031 14.648438
9.765625 12.207031
9.765625 9.765625
9.765625 7.324219
