4.882813 68.359375
7.324219 70.800781
9.765625 73.242188
12.207031 75.683594
14.648438 75.683594
17.089844 78.125
19.53125 78.125
21.972656 78.125
24.414063 78.125
26.855469 78.125
29.296875 75.683594
31.738281 75.683594
34.179688 73.242188
36.621094 70.800781
39.0625 68.359375
39.0625 65.917969
41.503906 63.476563
41.503906 61.035156
43.945313 58.59375
46.386719 56.152344
43.945313 53.710938
43.945313 51.269531
43.945313 48.828125
43.945313 46.386719
41.503906 43.945313
39.0625 41.503906
39.0625 39.0625
36.621094 36.621094
34.179688 34.179688
31.738281 31.738281
29.296875 29.296875
26.855469 26.855469
24.414063 24.414063
21.972656 24.414063
19.53125 21.972656
19.53125 19.53125
17.089844 17.089844
17.089844 14.648438
17.089844 12.207031
17.089844 9.765625
17.089844 7.324219
17.089844 2.441406
17.089844 4.882813
