87.890625 83.007813
85.449219 83.007813
83.007813 83.007813
80.566406 83.007813
78.125 83.007813
75.683594 80.566406
75.683594 78.125
73.242188 75.683594
73.242188 73.242188
73.242188 70.800781
70.800781 68.359375
70.800781 65.917969
70.800781 63.476563
70.800781 61.035156
70.800781 58.59375
70.800781 56.152344
70.800781 53.710938
70.800781 51.269531
70.800781 48.828125
70.800781 46.386719
70.800781 43.945313
70.800781 41.503906
70.800781 39.0625
70.800781 36.621094
68.359375 34.179688
65.917969 31.738281
63.476563 29.296875
61.035156 29.296875
58.59375 26.855469
56.152344 24.414063
53.710938 21.972656
51.269531 21.972656
48.828125 19.53125
46.386719 17.089844
43.945313 19.53125
41.503906 21.972656
39.0625 24.414063
36.621094 24.414063
34.179688 26.855469
31.738281 29.296875
29.296875 31.738281
26.855469 31.738281
24.414063 34.179688
21.972656 36.621094
19.53125 39.0625
17.089844 39.0625
14.648438 41.503906
12.207031 41.503906
9.765625 43.945313
4.882813 48.828125
7.324219 46.386719
