14.648438 29.296875
17.089844 29.296875
19.53125 29.296875
21.972656 26.855469
24.414063 26.855469
26.855469 24.414063
29.296875 21.972656
31.738281 21.972656
34.179688 19.53125
36.621094 19.53125
39.0625 19.53125
41.503906 19.53125
43.945313 19.53125
46.386719 17.089844
48.828125 17.089844
51.269531 17.089844
53.710938 17.089844
56.152344 14.648438
58.59375 14.648438
61.035156 14.648438
63.476563 14.648438
65.917969 14.648438
68.359375 14.648438
70.800781 12.207031
73.242188 12.207031
75.683594 12.207031
78.125 9.765625
