46.386719 144.042969
46.386719 141.601563
46.386719 139.160156
46.386719 136.71875
46.386719 134.277344
46.386719 131.835938
46.386719 129.394531
46.386719 126.953125
46.386719 124.511719
48.828125 122.070313
48.828125 119.628906
48.828125 117.1875
48.828125 114.746094
48.828125 112.304688
48.828125 109.863281
48.828125 107.421875
48.828125 104.980469
46.386719 102.539063
46.386719 100.097656
46.386719 97.65625
46.386719 95.214844
46.386719 92.773438
43.945313 90.332031
43.945313 87.890625
43.945313 85.449219
41.503906 83.007813
41.503906 80.566406
39.0625 78.125
39.0625 75.683594
36.621094 73.242188
36.621094 70.800781
36.621094 68.359375
36.621094 65.917969
36.621094 63.476563
36.621094 61.035156
36.621094 58.59375
39.0625 56.152344
39.0625 53.710938
39.0625 51.269531
41.503906 48.828125
41.503906 46.386719
41.503906 43.945313
41.503906 41.503906
39.0625 39.0625
36.621094 39.0625
34.179688 36.621094
31.738281 34.179688
29.296875 34.179688
26.855469 31.738281
24.414063 31.738281
21.972656 29.296875
21.972656 26.855469
19.53125 24.414063
19.53125 21.972656
17.089844 19.53125
17.089844 17.089844
14.648438 14.648438
14.648438 12.207031
14.648438 2.441406
14.648438 4.882813
14.648438 7.324219
14.648438 9.765625
