141.601563 53.710938
141.601563 56.152344
141.601563 58.59375
141.601563 61.035156
144.042969 63.476563
144.042969 65.917969
146.484375 68.359375
146.484375 70.800781
146.484375 73.242188
148.925781 75.683594
148.925781 78.125
148.925781 80.566406
148.925781 83.007813
146.484375 85.449219
146.484375 87.890625
144.042969 90.332031
141.601563 90.332031
139.160156 92.773438
136.71875 92.773438
134.277344 95.214844
131.835938 97.65625
129.394531 97.65625
126.953125 100.097656
124.511719 100.097656
122.070313 100.097656
119.628906 102.539063
117.1875 102.539063
114.746094 102.539063
112.304688 104.980469
109.863281 104.980469
107.421875 104.980469
104.980469 104.980469
102.539063 107.421875
100.097656 107.421875
97.65625 107.421875
95.214844 107.421875
92.773438 107.421875
90.332031 107.421875
87.890625 109.863281
85.449219 109.863281
83.007813 107.421875
80.566406 107.421875
78.125 107.421875
75.683594 107.421875
73.242188 104.980469
70.800781 102.539063
68.359375 102.539063
65.917969 102.539063
63.476563 100.097656
61.035156 100.097656
58.59375 97.65625
56.152344 97.65625
53.710938 97.65625
51.269531 95.214844
48.828125 92.773438
46.386719 90.332031
43.945313 87.890625
41.503906 85.449219
39.0625 83.007813
39.0625 80.566406
39.0625 78.125
39.0625 75.683594
39.0625 73.242188
39.0625 70.800781
39.0625 68.359375
41.503906 65.917969
41.503906 63.476563
41.503906 61.035156
41.503906 58.59375
39.0625 56.152344
39.0625 53.710938
36.621094 51.269531
36.621094 48.828125
34.179688 46.386719
34.179688 43.945313
34.179688 41.503906
34.179688 39.0625
34.179688 36.621094
31.738281 34.179688
29.296875 31.738281
29.296875 29.296875
26.855469 26.855469
29.296875 24.414063
31.738281 21.972656
34.179688 19.53125
36.621094 17.089844
36.621094 14.648438
36.621094 12.207031
36.621094 9.765625
36.621094 7.324219
36.621094 2.441406
36.621094 4.882813
