83.007813 41.503906
80.566406 39.0625
78.125 36.621094
75.683594 34.179688
73.242188 36.621094
70.800781 36.621094
68.359375 36.621094
65.917969 36.621094
63.476563 36.621094
61.035156 36.621094
58.59375 36.621094
56.152344 36.621094
53.710938 39.0625
51.269531 39.0625
48.828125 39.0625
46.386719 41.503906
46.386719 43.945313
46.386719 46.386719
43.945313 48.828125
43.945313 51.269531
43.945313 53.710938
43.945313 56.152344
41.503906 58.59375
41.503906 61.035156
39.0625 63.476563
39.0625 65.917969
36.621094 68.359375
34.179688 65.917969
31.738281 63.476563
29.296875 61.035156
26.855469 61.035156
24.414063 58.59375
21.972656 56.152344
19.53125 53.710938
17.089844 51.269531
14.648438 48.828125
12.207031 46.386719
12.207031 43.945313
9.765625 41.503906
12.207031 39.0625
12.207031 36.621094
12.207031 34.179688
12.207031 31.738281
14.648438 29.296875
14.648438 26.855469
14.648438 24.414063
14.648438 21.972656
14.648438 19.53125
14.648438 17.089844
14.648438 14.648438
14.648438 12.207031
14.648438 9.765625
14.648438 2.441406
14.648438 4.882813
14.648438 7.324219
