9.765625 227.050781
9.765625 224.609375
9.765625 222.167969
9.765625 219.726563
9.765625 217.285156
9.765625 214.84375
9.765625 212.402344
12.207031 209.960938
12.207031 207.519531
14.648438 205.078125
14.648438 202.636719
17.089844 200.195313
17.089844 197.753906
17.089844 195.3125
19.53125 192.871094
19.53125 190.429688
19.53125 187.988281
19.53125 185.546875
19.53125 183.105469
19.53125 180.664063
19.53125 178.222656
19.53125 175.78125
19.53125 173.339844
19.53125 170.898438
21.972656 168.457031
21.972656 166.015625
21.972656 163.574219
21.972656 161.132813
24.414063 158.691406
24.414063 156.25
24.414063 153.808594
24.414063 151.367188
26.855469 148.925781
26.855469 146.484375
26.855469 144.042969
26.855469 141.601563
29.296875 139.160156
29.296875 136.71875
29.296875 134.277344
31.738281 131.835938
31.738281 129.394531
31.738281 126.953125
31.738281 124.511719
31.738281 122.070313
31.738281 119.628906
31.738281 117.1875
31.738281 114.746094
29.296875 112.304688
29.296875 109.863281
29.296875 107.421875
29.296875 104.980469
29.296875 102.539063
29.296875 100.097656
31.738281 97.65625
31.738281 95.214844
31.738281 92.773438
34.179688 90.332031
34.179688 87.890625
34.179688 85.449219
34.179688 83.007813
34.179688 80.566406
34.179688 78.125
34.179688 75.683594
34.179688 73.242188
34.179688 70.800781
34.179688 68.359375
34.179688 65.917969
34.179688 63.476563
34.179688 61.035156
34.179688 58.59375
34.179688 56.152344
34.179688 53.710938
34.179688 51.269531
34.179688 48.828125
34.179688 46.386719
34.179688 43.945313
34.179688 41.503906
36.621094 39.0625
36.621094 36.621094
36.621094 34.179688
36.621094 31.738281
36.621094 29.296875
36.621094 26.855469
39.0625 24.414063
39.0625 21.972656
39.0625 19.53125
39.0625 17.089844
39.0625 14.648438
39.0625 2.441406
39.0625 4.882813
39.0625 7.324219
39.0625 9.765625
39.0625 12.207031
