9.765625 178.222656
9.765625 175.78125
12.207031 173.339844
14.648438 170.898438
17.089844 168.457031
17.089844 166.015625
19.53125 163.574219
19.53125 161.132813
21.972656 158.691406
24.414063 156.25
26.855469 153.808594
26.855469 151.367188
29.296875 148.925781
29.296875 146.484375
31.738281 144.042969
34.179688 141.601563
34.179688 139.160156
36.621094 136.71875
36.621094 134.277344
39.0625 131.835938
41.503906 129.394531
41.503906 126.953125
41.503906 124.511719
43.945313 122.070313
43.945313 119.628906
46.386719 117.1875
46.386719 114.746094
46.386719 112.304688
46.386719 109.863281
48.828125 107.421875
48.828125 104.980469
48.828125 102.539063
48.828125 100.097656
51.269531 97.65625
53.710938 95.214844
53.710938 92.773438
56.152344 90.332031
58.59375 87.890625
61.035156 85.449219
61.035156 83.007813
63.476563 80.566406
65.917969 78.125
65.917969 75.683594
65.917969 73.242188
68.359375 70.800781
68.359375 68.359375
68.359375 65.917969
68.359375 63.476563
68.359375 61.035156
70.800781 58.59375
70.800781 56.152344
70.800781 53.710938
70.800781 51.269531
73.242188 48.828125
73.242188 46.386719
73.242188 43.945313
73.242188 41.503906
73.242188 39.0625
75.683594 36.621094
75.683594 34.179688
75.683594 31.738281
78.125 29.296875
78.125 26.855469
80.566406 24.414063
80.566406 21.972656
80.566406 19.53125
83.007813 17.089844
83.007813 14.648438
83.007813 12.207031
