14.648438 92.773438
14.648438 90.332031
14.648438 87.890625
14.648438 85.449219
17.089844 83.007813
19.53125 80.566406
19.53125 78.125
21.972656 75.683594
24.414063 73.242188
26.855469 70.800781
29.296875 68.359375
31.738281 65.917969
34.179688 63.476563
36.621094 61.035156
36.621094 58.59375
39.0625 56.152344
41.503906 53.710938
41.503906 51.269531
43.945313 48.828125
46.386719 46.386719
46.386719 43.945313
48.828125 41.503906
48.828125 39.0625
51.269531 36.621094
51.269531 34.179688
53.710938 31.738281
56.152344 29.296875
56.152344 26.855469
58.59375 24.414063
61.035156 21.972656
63.476563 19.53125
65.917969 19.53125
68.359375 17.089844
70.800781 14.648438
73.242188 12.207031
75.683594 9.765625
