19.53125 92.773438
19.53125 90.332031
19.53125 87.890625
19.53125 85.449219
19.53125 83.007813
19.53125 80.566406
19.53125 78.125
21.972656 75.683594
24.414063 73.242188
26.855469 70.800781
29.296875 68.359375
31.738281 65.917969
34.179688 65.917969
36.621094 63.476563
39.0625 61.035156
41.503906 58.59375
43.945313 56.152344
46.386719 53.710938
46.386719 51.269531
46.386719 48.828125
46.386719 46.386719
46.386719 43.945313
46.386719 41.503906
46.386719 39.0625
46.386719 36.621094
46.386719 34.179688
46.386719 31.738281
46.386719 29.296875
46.386719 26.855469
43.945313 24.414063
43.945313 21.972656
43.945313 19.53125
41.503906 17.089844
39.0625 17.089844
36.621094 14.648438
34.179688 14.648438
31.738281 14.648438
29.296875 14.648438
26.855469 14.648438
24.414063 14.648438
21.972656 14.648438
19.53125 12.207031
17.089844 12.207031
14.648438 12.207031
12.207031 12.207031
9.765625 9.765625
9.765625 7.324219
9.765625 2.441406
9.765625 4.882813
