34.179688 126.953125
34.179688 124.511719
34.179688 122.070313
34.179688 119.628906
34.179688 117.1875
34.179688 114.746094
31.738281 112.304688
31.738281 109.863281
31.738281 107.421875
31.738281 104.980469
29.296875 102.539063
29.296875 100.097656
29.296875 97.65625
29.296875 95.214844
26.855469 92.773438
26.855469 90.332031
26.855469 87.890625
26.855469 85.449219
24.414063 83.007813
24.414063 80.566406
24.414063 78.125
24.414063 75.683594
24.414063 73.242188
24.414063 70.800781
24.414063 68.359375
24.414063 65.917969
24.414063 63.476563
24.414063 61.035156
21.972656 58.59375
21.972656 56.152344
21.972656 53.710938
21.972656 51.269531
21.972656 48.828125
19.53125 46.386719
19.53125 43.945313
17.089844 41.503906
17.089844 39.0625
14.648438 36.621094
14.648438 34.179688
14.648438 31.738281
14.648438 29.296875
12.207031 26.855469
12.207031 24.414063
12.207031 21.972656
12.207031 19.53125
12.207031 17.089844
12.207031 14.648438
9.765625 12.207031
9.765625 9.765625
9.765625 2.441406
9.765625 4.882813
9.765625 7.324219
