12.207031 136.71875
12.207031 134.277344
12.207031 131.835938
12.207031 129.394531
12.207031 126.953125
14.648438 124.511719
14.648438 122.070313
14.648438 119.628906
17.089844 117.1875
17.089844 114.746094
19.53125 112.304688
19.53125 109.863281
21.972656 107.421875
24.414063 104.980469
24.414063 102.539063
24.414063 100.097656
26.855469 97.65625
26.855469 95.214844
29.296875 92.773438
31.738281 90.332031
31.738281 87.890625
34.179688 85.449219
36.621094 83.007813
36.621094 80.566406
39.0625 78.125
41.503906 75.683594
43.945313 73.242188
46.386719 70.800781
46.386719 68.359375
48.828125 65.917969
51.269531 63.476563
51.269531 61.035156
53.710938 58.59375
53.710938 56.152344
56.152344 53.710938
56.152344 51.269531
58.59375 48.828125
58.59375 46.386719
61.035156 43.945313
61.035156 41.503906
63.476563 39.0625
63.476563 36.621094
65.917969 34.179688
65.917969 31.738281
68.359375 29.296875
68.359375 26.855469
68.359375 24.414063
70.800781 21.972656
73.242188 19.53125
73.242188 17.089844
75.683594 14.648438
