180.664063 112.304688
178.222656 109.863281
175.78125 107.421875
173.339844 104.980469
170.898438 102.539063
168.457031 100.097656
166.015625 97.65625
163.574219 95.214844
161.132813 92.773438
161.132813 90.332031
158.691406 87.890625
156.25 85.449219
153.808594 83.007813
151.367188 83.007813
148.925781 80.566406
146.484375 80.566406
144.042969 78.125
141.601563 78.125
139.160156 78.125
136.71875 78.125
134.277344 78.125
131.835938 78.125
129.394531 78.125
126.953125 78.125
124.511719 78.125
122.070313 75.683594
119.628906 75.683594
117.1875 73.242188
114.746094 73.242188
112.304688 70.800781
109.863281 68.359375
107.421875 65.917969
107.421875 63.476563
104.980469 61.035156
102.539063 58.59375
100.097656 56.152344
97.65625 56.152344
95.214844 53.710938
92.773438 53.710938
90.332031 53.710938
87.890625 51.269531
85.449219 51.269531
83.007813 51.269531
80.566406 51.269531
78.125 48.828125
75.683594 48.828125
73.242188 48.828125
70.800781 46.386719
68.359375 46.386719
65.917969 43.945313
63.476563 43.945313
61.035156 41.503906
58.59375 41.503906
56.152344 39.0625
53.710938 39.0625
51.269531 36.621094
48.828125 34.179688
46.386719 34.179688
43.945313 34.179688
41.503906 36.621094
39.0625 39.0625
36.621094 41.503906
36.621094 43.945313
36.621094 46.386719
39.0625 48.828125
41.503906 51.269531
43.945313 53.710938
46.386719 56.152344
46.386719 58.59375
48.828125 61.035156
51.269531 63.476563
53.710938 65.917969
56.152344 65.917969
58.59375 68.359375
61.035156 70.800781
61.035156 73.242188
61.035156 75.683594
