80.566406 139.160156
80.566406 136.71875
80.566406 134.277344
80.566406 131.835938
78.125 129.394531
78.125 126.953125
75.683594 124.511719
75.683594 122.070313
73.242188 119.628906
73.242188 117.1875
70.800781 114.746094
68.359375 112.304688
65.917969 109.863281
63.476563 107.421875
61.035156 104.980469
58.59375 102.539063
58.59375 100.097656
56.152344 97.65625
53.710938 95.214844
51.269531 92.773438
48.828125 90.332031
46.386719 87.890625
46.386719 85.449219
43.945313 83.007813
43.945313 80.566406
41.503906 78.125
41.503906 75.683594
41.503906 73.242188
41.503906 70.800781
41.503906 68.359375
41.503906 65.917969
41.503906 63.476563
39.0625 61.035156
36.621094 58.59375
36.621094 56.152344
34.179688 53.710938
31.738281 51.269531
31.738281 48.828125
29.296875 46.386719
29.296875 43.945313
26.855469 41.503906
24.414063 39.0625
24.414063 36.621094
24.414063 34.179688
21.972656 31.738281
21.972656 29.296875
19.53125 26.855469
19.53125 24.414063
19.53125 21.972656
17.089844 19.53125
17.089844 17.089844
14.648438 14.648438
7.324219 7.324219
9.765625 9.765625
12.207031 12.207031
