90.332031 9.765625
87.890625 9.765625
85.449219 9.765625
83.007813 9.765625
80.566406 9.765625
78.125 9.765625
75.683594 9.765625
73.242188 9.765625
70.800781 9.765625
68.359375 9.765625
65.917969 7.324219
63.476563 7.324219
61.035156 7.324219
58.59375 7.324219
56.152344 7.324219
53.710938 7.324219
51.269531 7.324219
48.828125 7.324219
46.386719 7.324219
43.945313 7.324219
41.503906 7.324219
39.0625 7.324219
36.621094 7.324219
34.179688 7.324219
31.738281 7.324219
29.296875 7.324219
26.855469 7.324219
24.414063 7.324219
21.972656 7.324219
19.53125 7.324219
17.089844 7.324219
14.648438 7.324219
12.207031 7.324219
9.765625 7.324219
7.324219 4.882813
4.882813 7.324219
2.441406 7.324219
