7.324219 141.601563
7.324219 139.160156
7.324219 136.71875
7.324219 134.277344
7.324219 131.835938
9.765625 129.394531
9.765625 126.953125
9.765625 124.511719
12.207031 122.070313
12.207031 119.628906
12.207031 117.1875
12.207031 114.746094
14.648438 112.304688
14.648438 109.863281
14.648438 107.421875
14.648438 104.980469
17.089844 102.539063
17.089844 100.097656
17.089844 97.65625
19.53125 95.214844
19.53125 92.773438
19.53125 90.332031
21.972656 87.890625
21.972656 85.449219
21.972656 83.007813
21.972656 80.566406
21.972656 78.125
24.414063 75.683594
24.414063 73.242188
24.414063 70.800781
24.414063 68.359375
26.855469 65.917969
26.855469 63.476563
26.855469 61.035156
26.855469 58.59375
26.855469 56.152344
26.855469 53.710938
26.855469 51.269531
26.855469 48.828125
26.855469 46.386719
26.855469 43.945313
26.855469 41.503906
26.855469 39.0625
24.414063 36.621094
24.414063 34.179688
24.414063 31.738281
21.972656 29.296875
21.972656 26.855469
21.972656 24.414063
21.972656 21.972656
21.972656 19.53125
21.972656 17.089844
21.972656 14.648438
21.972656 12.207031
21.972656 2.441406
21.972656 4.882813
21.972656 7.324219
21.972656 9.765625
