312.5 114.746094
310.058594 114.746094
307.617188 114.746094
305.175781 114.746094
302.734375 114.746094
300.292969 114.746094
297.851563 112.304688
295.410156 112.304688
292.96875 112.304688
290.527344 109.863281
288.085938 109.863281
285.644531 109.863281
283.203125 107.421875
280.761719 107.421875
278.320313 104.980469
275.878906 104.980469
273.4375 102.539063
270.996094 102.539063
268.554688 102.539063
266.113281 100.097656
263.671875 100.097656
261.230469 97.65625
258.789063 97.65625
256.347656 97.65625
253.90625 95.214844
251.464844 95.214844
249.023438 95.214844
246.582031 92.773438
244.140625 92.773438
241.699219 92.773438
239.257813 90.332031
236.816406 90.332031
234.375 90.332031
231.933594 90.332031
229.492188 90.332031
227.050781 87.890625
224.609375 87.890625
222.167969 87.890625
219.726563 87.890625
217.285156 87.890625
214.84375 87.890625
212.402344 87.890625
209.960938 87.890625
207.519531 87.890625
205.078125 87.890625
202.636719 85.449219
200.195313 85.449219
197.753906 85.449219
195.3125 85.449219
192.871094 83.007813
190.429688 83.007813
187.988281 83.007813
185.546875 83.007813
183.105469 83.007813
180.664063 83.007813
178.222656 80.566406
175.78125 80.566406
173.339844 80.566406
170.898438 80.566406
168.457031 80.566406
166.015625 78.125
163.574219 78.125
161.132813 78.125
158.691406 75.683594
156.25 73.242188
153.808594 73.242188
151.367188 70.800781
148.925781 68.359375
146.484375 68.359375
144.042969 65.917969
141.601563 65.917969
139.160156 65.917969
136.71875 63.476563
134.277344 63.476563
131.835938 61.035156
129.394531 61.035156
126.953125 58.59375
124.511719 58.59375
122.070313 58.59375
119.628906 58.59375
117.1875 58.59375
114.746094 58.59375
112.304688 56.152344
109.863281 56.152344
107.421875 56.152344
104.980469 53.710938
102.539063 53.710938
100.097656 53.710938
97.65625 53.710938
95.214844 51.269531
92.773438 51.269531
90.332031 48.828125
87.890625 48.828125
85.449219 48.828125
83.007813 46.386719
80.566406 46.386719
78.125 43.945313
75.683594 41.503906
73.242188 41.503906
70.800781 39.0625
68.359375 39.0625
65.917969 36.621094
63.476563 36.621094
61.035156 34.179688
58.59375 31.738281
56.152344 31.738281
53.710938 29.296875
51.269531 29.296875
48.828125 26.855469
46.386719 26.855469
43.945313 24.414063
41.503906 24.414063
39.0625 21.972656
36.621094 21.972656
34.179688 21.972656
31.738281 19.53125
29.296875 19.53125
26.855469 17.089844
24.414063 17.089844
21.972656 17.089844
19.53125 14.648438
17.089844 14.648438
14.648438 14.648438
2.441406 14.648438
4.882813 14.648438
7.324219 14.648438
9.765625 14.648438
12.207031 14.648438
