107.421875 119.628906
104.980469 119.628906
102.539063 119.628906
100.097656 117.1875
97.65625 114.746094
97.65625 112.304688
95.214844 109.863281
95.214844 107.421875
92.773438 104.980469
92.773438 102.539063
92.773438 100.097656
90.332031 97.65625
87.890625 95.214844
87.890625 92.773438
85.449219 90.332031
83.007813 87.890625
80.566406 85.449219
78.125 83.007813
75.683594 80.566406
73.242188 80.566406
70.800781 78.125
68.359375 78.125
65.917969 78.125
63.476563 78.125
61.035156 80.566406
58.59375 80.566406
56.152344 83.007813
53.710938 85.449219
51.269531 85.449219
48.828125 85.449219
46.386719 85.449219
43.945313 85.449219
41.503906 83.007813
39.0625 83.007813
36.621094 80.566406
34.179688 78.125
31.738281 75.683594
29.296875 73.242188
26.855469 70.800781
24.414063 68.359375
21.972656 65.917969
19.53125 63.476563
17.089844 61.035156
14.648438 58.59375
14.648438 56.152344
14.648438 53.710938
14.648438 51.269531
17.089844 48.828125
19.53125 46.386719
21.972656 43.945313
24.414063 43.945313
26.855469 41.503906
29.296875 41.503906
31.738281 41.503906
34.179688 41.503906
36.621094 39.0625
39.0625 36.621094
41.503906 36.621094
43.945313 36.621094
46.386719 34.179688
48.828125 34.179688
51.269531 34.179688
53.710938 34.179688
56.152344 31.738281
58.59375 31.738281
61.035156 31.738281
63.476563 29.296875
65.917969 29.296875
68.359375 29.296875
70.800781 29.296875
73.242188 29.296875
75.683594 29.296875
78.125 31.738281
80.566406 34.179688
83.007813 36.621094
85.449219 36.621094
87.890625 39.0625
90.332031 39.0625
92.773438 39.0625
95.214844 39.0625
97.65625 39.0625
100.097656 41.503906
102.539063 41.503906
104.980469 41.503906
107.421875 39.0625
109.863281 36.621094
112.304688 36.621094
114.746094 34.179688
117.1875 31.738281
119.628906 29.296875
122.070313 26.855469
124.511719 24.414063
126.953125 21.972656
129.394531 19.53125
131.835938 17.089844
131.835938 14.648438
129.394531 12.207031
129.394531 9.765625
129.394531 7.324219
129.394531 2.441406
129.394531 4.882813
