112.304688 68.359375
109.863281 65.917969
107.421875 63.476563
104.980469 61.035156
102.539063 61.035156
100.097656 58.59375
97.65625 58.59375
95.214844 58.59375
92.773438 58.59375
90.332031 58.59375
87.890625 58.59375
85.449219 58.59375
83.007813 58.59375
80.566406 61.035156
78.125 61.035156
75.683594 61.035156
73.242188 58.59375
70.800781 58.59375
68.359375 56.152344
65.917969 56.152344
63.476563 56.152344
61.035156 53.710938
58.59375 51.269531
56.152344 48.828125
53.710938 46.386719
51.269531 43.945313
48.828125 43.945313
46.386719 43.945313
43.945313 41.503906
41.503906 41.503906
39.0625 43.945313
36.621094 41.503906
34.179688 43.945313
31.738281 41.503906
29.296875 39.0625
26.855469 36.621094
24.414063 34.179688
21.972656 31.738281
19.53125 29.296875
17.089844 26.855469
17.089844 24.414063
14.648438 21.972656
14.648438 19.53125
14.648438 17.089844
12.207031 14.648438
12.207031 12.207031
9.765625 9.765625
9.765625 7.324219
9.765625 2.441406
9.765625 4.882813
