2.441406 78.125
4.882813 78.125
7.324219 78.125
9.765625 78.125
12.207031 78.125
14.648438 80.566406
17.089844 83.007813
19.53125 83.007813
21.972656 83.007813
24.414063 85.449219
26.855469 85.449219
29.296875 83.007813
31.738281 83.007813
34.179688 80.566406
36.621094 80.566406
39.0625 80.566406
41.503906 80.566406
43.945313 80.566406
46.386719 80.566406
48.828125 80.566406
51.269531 78.125
53.710938 78.125
56.152344 75.683594
58.59375 75.683594
61.035156 73.242188
63.476563 73.242188
65.917969 70.800781
68.359375 68.359375
70.800781 68.359375
73.242188 70.800781
75.683594 73.242188
78.125 73.242188
80.566406 75.683594
83.007813 75.683594
85.449219 75.683594
87.890625 75.683594
90.332031 75.683594
92.773438 73.242188
95.214844 73.242188
97.65625 70.800781
100.097656 68.359375
102.539063 65.917969
104.980469 63.476563
107.421875 61.035156
109.863281 61.035156
112.304688 58.59375
114.746094 56.152344
114.746094 53.710938
114.746094 51.269531
112.304688 48.828125
112.304688 46.386719
112.304688 43.945313
109.863281 41.503906
109.863281 39.0625
107.421875 36.621094
104.980469 34.179688
104.980469 31.738281
102.539063 29.296875
100.097656 26.855469
100.097656 24.414063
97.65625 21.972656
95.214844 19.53125
92.773438 17.089844
90.332031 14.648438
87.890625 12.207031
85.449219 9.765625
83.007813 7.324219
80.566406 7.324219
75.683594 7.324219
78.125 7.324219
