75.683594 65.917969
75.683594 63.476563
75.683594 61.035156
75.683594 58.59375
75.683594 56.152344
75.683594 53.710938
75.683594 51.269531
73.242188 48.828125
73.242188 46.386719
70.800781 43.945313
68.359375 41.503906
65.917969 39.0625
63.476563 36.621094
61.035156 36.621094
58.59375 36.621094
56.152344 36.621094
53.710938 34.179688
51.269531 31.738281
48.828125 31.738281
46.386719 29.296875
43.945313 26.855469
41.503906 24.414063
39.0625 21.972656
36.621094 21.972656
34.179688 19.53125
31.738281 19.53125
29.296875 19.53125
26.855469 19.53125
24.414063 19.53125
21.972656 19.53125
19.53125 19.53125
17.089844 17.089844
17.089844 14.648438
17.089844 12.207031
17.089844 9.765625
17.089844 7.324219
17.089844 4.882813
17.089844 2.441406
