156.25 97.65625
153.808594 97.65625
151.367188 97.65625
148.925781 95.214844
146.484375 92.773438
144.042969 92.773438
141.601563 90.332031
139.160156 90.332031
136.71875 87.890625
134.277344 85.449219
131.835938 85.449219
129.394531 83.007813
126.953125 83.007813
124.511719 80.566406
122.070313 80.566406
119.628906 78.125
117.1875 78.125
114.746094 75.683594
112.304688 75.683594
109.863281 75.683594
107.421875 75.683594
104.980469 73.242188
102.539063 73.242188
100.097656 73.242188
97.65625 70.800781
95.214844 70.800781
92.773438 70.800781
90.332031 68.359375
87.890625 68.359375
85.449219 68.359375
83.007813 65.917969
80.566406 65.917969
78.125 65.917969
75.683594 63.476563
73.242188 63.476563
70.800781 63.476563
68.359375 61.035156
65.917969 61.035156
63.476563 58.59375
61.035156 58.59375
58.59375 56.152344
56.152344 53.710938
53.710938 51.269531
51.269531 48.828125
48.828125 46.386719
46.386719 43.945313
43.945313 41.503906
41.503906 39.0625
39.0625 36.621094
36.621094 34.179688
34.179688 34.179688
31.738281 31.738281
29.296875 29.296875
26.855469 26.855469
24.414063 24.414063
21.972656 21.972656
19.53125 19.53125
17.089844 17.089844
14.648438 14.648438
12.207031 12.207031
9.765625 9.765625
7.324219 7.324219
7.324219 4.882813
7.324219 2.441406
