2.441406 34.179688
4.882813 34.179688
7.324219 34.179688
9.765625 34.179688
12.207031 36.621094
14.648438 36.621094
17.089844 36.621094
19.53125 39.0625
21.972656 39.0625
24.414063 41.503906
26.855469 43.945313
29.296875 46.386719
31.738281 48.828125
34.179688 48.828125
36.621094 48.828125
39.0625 48.828125
41.503906 48.828125
43.945313 51.269531
46.386719 51.269531
48.828125 53.710938
51.269531 53.710938
53.710938 51.269531
56.152344 51.269531
58.59375 51.269531
61.035156 48.828125
63.476563 48.828125
65.917969 48.828125
68.359375 48.828125
70.800781 48.828125
73.242188 48.828125
75.683594 48.828125
78.125 48.828125
80.566406 48.828125
83.007813 48.828125
85.449219 48.828125
87.890625 48.828125
90.332031 48.828125
92.773438 48.828125
95.214844 51.269531
97.65625 51.269531
100.097656 53.710938
102.539063 53.710938
104.980469 53.710938
107.421875 53.710938
109.863281 53.710938
112.304688 53.710938
114.746094 53.710938
117.1875 56.152344
119.628906 56.152344
122.070313 56.152344
124.511719 58.59375
126.953125 58.59375
129.394531 58.59375
131.835938 56.152344
134.277344 56.152344
136.71875 53.710938
139.160156 51.269531
141.601563 48.828125
144.042969 46.386719
146.484375 43.945313
148.925781 43.945313
151.367188 43.945313
153.808594 41.503906
156.25 41.503906
158.691406 39.0625
161.132813 36.621094
161.132813 34.179688
163.574219 31.738281
163.574219 29.296875
163.574219 26.855469
163.574219 24.414063
163.574219 21.972656
163.574219 19.53125
163.574219 17.089844
163.574219 14.648438
166.015625 12.207031
166.015625 9.765625
166.015625 7.324219
166.015625 2.441406
166.015625 4.882813
