119.628906 92.773438
117.1875 92.773438
114.746094 90.332031
112.304688 90.332031
109.863281 90.332031
107.421875 87.890625
104.980469 87.890625
102.539063 87.890625
100.097656 87.890625
97.65625 85.449219
95.214844 83.007813
92.773438 83.007813
90.332031 80.566406
87.890625 80.566406
85.449219 78.125
83.007813 75.683594
80.566406 75.683594
78.125 73.242188
75.683594 70.800781
73.242188 68.359375
70.800781 65.917969
68.359375 65.917969
65.917969 63.476563
63.476563 61.035156
61.035156 61.035156
58.59375 58.59375
56.152344 58.59375
53.710938 56.152344
51.269531 53.710938
48.828125 51.269531
46.386719 51.269531
43.945313 48.828125
41.503906 46.386719
39.0625 43.945313
36.621094 41.503906
34.179688 39.0625
31.738281 36.621094
29.296875 34.179688
26.855469 31.738281
24.414063 29.296875
21.972656 26.855469
19.53125 24.414063
19.53125 21.972656
17.089844 19.53125
14.648438 17.089844
12.207031 14.648438
12.207031 12.207031
9.765625 9.765625
7.324219 7.324219
7.324219 4.882813
