21.972656 56.152344
24.414063 53.710938
26.855469 53.710938
29.296875 51.269531
31.738281 48.828125
34.179688 46.386719
36.621094 43.945313
36.621094 41.503906
36.621094 39.0625
36.621094 36.621094
34.179688 34.179688
31.738281 31.738281
29.296875 31.738281
26.855469 29.296875
24.414063 29.296875
21.972656 26.855469
19.53125 26.855469
17.089844 26.855469
14.648438 24.414063
12.207031 21.972656
9.765625 19.53125
7.324219 17.089844
7.324219 14.648438
7.324219 12.207031
7.324219 9.765625
7.324219 7.324219
7.324219 4.882813
7.324219 2.441406
