12.207031 68.359375
12.207031 65.917969
12.207031 63.476563
14.648438 61.035156
14.648438 58.59375
14.648438 56.152344
14.648438 53.710938
17.089844 51.269531
17.089844 48.828125
19.53125 46.386719
19.53125 43.945313
19.53125 41.503906
21.972656 39.0625
24.414063 36.621094
24.414063 34.179688
24.414063 31.738281
26.855469 29.296875
26.855469 26.855469
26.855469 24.414063
26.855469 21.972656
29.296875 19.53125
29.296875 17.089844
29.296875 14.648438
31.738281 12.207031
31.738281 9.765625
31.738281 7.324219
