136.71875 100.097656
136.71875 102.539063
136.71875 104.980469
136.71875 107.421875
136.71875 109.863281
134.277344 112.304688
131.835938 114.746094
129.394531 114.746094
126.953125 117.1875
124.511719 117.1875
122.070313 119.628906
119.628906 119.628906
117.1875 119.628906
114.746094 122.070313
112.304688 124.511719
109.863281 126.953125
107.421875 126.953125
104.980469 126.953125
102.539063 129.394531
100.097656 129.394531
97.65625 131.835938
95.214844 131.835938
92.773438 131.835938
90.332031 131.835938
87.890625 131.835938
85.449219 131.835938
83.007813 131.835938
80.566406 131.835938
78.125 131.835938
75.683594 131.835938
73.242188 131.835938
70.800781 131.835938
68.359375 129.394531
65.917969 126.953125
63.476563 126.953125
61.035156 124.511719
58.59375 122.070313
56.152344 122.070313
53.710938 119.628906
51.269531 119.628906
48.828125 119.628906
46.386719 119.628906
43.945313 119.628906
41.503906 117.1875
39.0625 117.1875
36.621094 114.746094
34.179688 114.746094
31.738281 112.304688
29.296875 109.863281
26.855469 107.421875
24.414063 104.980469
21.972656 102.539063
19.53125 102.539063
17.089844 100.097656
17.089844 97.65625
14.648438 95.214844
14.648438 92.773438
14.648438 90.332031
14.648438 87.890625
17.089844 85.449219
17.089844 83.007813
19.53125 80.566406
19.53125 78.125
21.972656 75.683594
24.414063 75.683594
26.855469 75.683594
29.296875 75.683594
31.738281 78.125
34.179688 78.125
36.621094 80.566406
39.0625 83.007813
41.503906 85.449219
43.945313 87.890625
46.386719 90.332031
48.828125 92.773438
51.269531 92.773438
53.710938 92.773438
56.152344 95.214844
58.59375 95.214844
61.035156 97.65625
63.476563 97.65625
65.917969 100.097656
68.359375 100.097656
70.800781 100.097656
73.242188 100.097656
75.683594 102.539063
78.125 102.539063
80.566406 102.539063
83.007813 102.539063
85.449219 100.097656
87.890625 100.097656
90.332031 100.097656
92.773438 100.097656
95.214844 100.097656
97.65625 100.097656
100.097656 100.097656
102.539063 100.097656
104.980469 100.097656
107.421875 97.65625
109.863281 97.65625
112.304688 95.214844
114.746094 92.773438
117.1875 90.332031
119.628906 87.890625
122.070313 87.890625
124.511719 85.449219
126.953125 83.007813
129.394531 80.566406
131.835938 78.125
134.277344 75.683594
136.71875 75.683594
139.160156 73.242188
141.601563 70.800781
144.042969 70.800781
146.484375 68.359375
148.925781 65.917969
151.367188 63.476563
153.808594 61.035156
153.808594 58.59375
153.808594 56.152344
153.808594 53.710938
153.808594 51.269531
151.367188 48.828125
151.367188 46.386719
148.925781 43.945313
146.484375 41.503906
144.042969 39.0625
141.601563 36.621094
139.160156 34.179688
136.71875 31.738281
134.277344 29.296875
131.835938 29.296875
129.394531 29.296875
126.953125 26.855469
124.511719 26.855469
122.070313 26.855469
119.628906 26.855469
117.1875 26.855469
114.746094 26.855469
112.304688 26.855469
109.863281 24.414063
107.421875 21.972656
104.980469 19.53125
102.539063 19.53125
100.097656 17.089844
97.65625 14.648438
95.214844 14.648438
92.773438 17.089844
92.773438 19.53125
90.332031 21.972656
90.332031 24.414063
90.332031 29.296875
90.332031 26.855469
