4.882813 70.800781
7.324219 68.359375
9.765625 65.917969
12.207031 63.476563
14.648438 61.035156
17.089844 58.59375
19.53125 56.152344
21.972656 56.152344
24.414063 53.710938
26.855469 51.269531
29.296875 48.828125
31.738281 46.386719
34.179688 46.386719
36.621094 43.945313
39.0625 41.503906
41.503906 39.0625
43.945313 36.621094
46.386719 34.179688
48.828125 31.738281
51.269531 29.296875
53.710938 29.296875
56.152344 26.855469
58.59375 24.414063
61.035156 21.972656
63.476563 19.53125
65.917969 17.089844
68.359375 17.089844
70.800781 14.648438
73.242188 14.648438
75.683594 12.207031
78.125 9.765625
83.007813 4.882813
80.566406 7.324219
