70.800781 19.53125
68.359375 19.53125
65.917969 19.53125
63.476563 19.53125
61.035156 19.53125
58.59375 19.53125
56.152344 19.53125
53.710938 19.53125
51.269531 19.53125
48.828125 19.53125
46.386719 19.53125
43.945313 19.53125
41.503906 19.53125
39.0625 19.53125
36.621094 21.972656
34.179688 21.972656
31.738281 21.972656
29.296875 21.972656
26.855469 19.53125
24.414063 19.53125
21.972656 21.972656
19.53125 21.972656
17.089844 21.972656
2.441406 21.972656
4.882813 21.972656
7.324219 21.972656
9.765625 21.972656
12.207031 21.972656
14.648438 21.972656
