14.648438 119.628906
14.648438 117.1875
17.089844 114.746094
19.53125 112.304688
21.972656 109.863281
24.414063 107.421875
26.855469 104.980469
29.296875 102.539063
31.738281 100.097656
34.179688 97.65625
34.179688 95.214844
36.621094 92.773438
36.621094 90.332031
39.0625 87.890625
39.0625 85.449219
39.0625 83.007813
41.503906 80.566406
41.503906 78.125
41.503906 75.683594
41.503906 73.242188
41.503906 70.800781
41.503906 68.359375
43.945313 65.917969
43.945313 63.476563
46.386719 61.035156
48.828125 58.59375
48.828125 56.152344
51.269531 53.710938
51.269531 51.269531
53.710938 48.828125
56.152344 46.386719
58.59375 43.945313
61.035156 41.503906
61.035156 39.0625
63.476563 36.621094
65.917969 34.179688
65.917969 31.738281
65.917969 29.296875
68.359375 26.855469
68.359375 24.414063
70.800781 21.972656
70.800781 19.53125
70.800781 17.089844
73.242188 14.648438
73.242188 12.207031
75.683594 9.765625
78.125 7.324219
78.125 4.882813
