12.207031 75.683594
14.648438 73.242188
17.089844 73.242188
19.53125 70.800781
21.972656 68.359375
24.414063 68.359375
26.855469 65.917969
29.296875 63.476563
31.738281 61.035156
34.179688 61.035156
36.621094 58.59375
39.0625 56.152344
41.503906 53.710938
43.945313 51.269531
46.386719 48.828125
48.828125 48.828125
51.269531 46.386719
53.710938 43.945313
56.152344 41.503906
58.59375 39.0625
61.035156 36.621094
63.476563 34.179688
65.917969 31.738281
68.359375 29.296875
70.800781 29.296875
73.242188 26.855469
73.242188 24.414063
75.683594 21.972656
78.125 19.53125
80.566406 17.089844
83.007813 14.648438
83.007813 12.207031
85.449219 9.765625
87.890625 7.324219
90.332031 4.882813
