24.414063 170.898438
21.972656 170.898438
19.53125 170.898438
17.089844 170.898438
14.648438 168.457031
14.648438 166.015625
12.207031 163.574219
12.207031 161.132813
9.765625 158.691406
9.765625 156.25
12.207031 153.808594
12.207031 151.367188
12.207031 148.925781
14.648438 146.484375
14.648438 144.042969
17.089844 141.601563
17.089844 139.160156
19.53125 136.71875
21.972656 134.277344
24.414063 131.835938
26.855469 129.394531
29.296875 126.953125
31.738281 124.511719
34.179688 122.070313
36.621094 122.070313
39.0625 119.628906
41.503906 117.1875
43.945313 114.746094
46.386719 114.746094
48.828125 112.304688
51.269531 109.863281
53.710938 107.421875
53.710938 104.980469
56.152344 102.539063
58.59375 102.539063
61.035156 100.097656
63.476563 97.65625
65.917969 97.65625
68.359375 95.214844
70.800781 92.773438
73.242188 90.332031
75.683594 87.890625
78.125 85.449219
78.125 83.007813
80.566406 80.566406
80.566406 78.125
83.007813 75.683594
85.449219 73.242188
85.449219 70.800781
85.449219 68.359375
85.449219 65.917969
85.449219 63.476563
83.007813 61.035156
83.007813 58.59375
83.007813 56.152344
80.566406 53.710938
80.566406 51.269531
78.125 48.828125
78.125 46.386719
75.683594 43.945313
75.683594 41.503906
75.683594 39.0625
75.683594 36.621094
75.683594 34.179688
75.683594 31.738281
78.125 29.296875
80.566406 26.855469
83.007813 24.414063
85.449219 21.972656
85.449219 19.53125
87.890625 17.089844
87.890625 14.648438
90.332031 12.207031
92.773438 9.765625
95.214844 9.765625
97.65625 7.324219
100.097656 7.324219
102.539063 7.324219
104.980469 7.324219
107.421875 7.324219
109.863281 7.324219
112.304688 7.324219
114.746094 7.324219
117.1875 7.324219
119.628906 9.765625
122.070313 9.765625
124.511719 12.207031
126.953125 12.207031
129.394531 12.207031
131.835938 14.648438
134.277344 14.648438
136.71875 14.648438
139.160156 14.648438
141.601563 17.089844
144.042969 17.089844
146.484375 17.089844
148.925781 17.089844
151.367188 17.089844
153.808594 19.53125
156.25 19.53125
158.691406 19.53125
163.574219 19.53125
161.132813 19.53125
