85.449219 85.449219
83.007813 85.449219
80.566406 85.449219
78.125 83.007813
75.683594 83.007813
73.242188 83.007813
70.800781 83.007813
68.359375 83.007813
65.917969 83.007813
63.476563 80.566406
61.035156 80.566406
58.59375 80.566406
56.152344 78.125
53.710938 78.125
51.269531 78.125
48.828125 75.683594
46.386719 73.242188
43.945313 73.242188
41.503906 70.800781
39.0625 68.359375
36.621094 65.917969
34.179688 63.476563
34.179688 61.035156
31.738281 58.59375
31.738281 56.152344
29.296875 53.710938
29.296875 51.269531
26.855469 48.828125
26.855469 46.386719
26.855469 43.945313
26.855469 41.503906
24.414063 39.0625
24.414063 36.621094
21.972656 34.179688
19.53125 31.738281
19.53125 29.296875
19.53125 26.855469
19.53125 24.414063
19.53125 21.972656
19.53125 19.53125
19.53125 17.089844
21.972656 14.648438
24.414063 14.648438
26.855469 14.648438
29.296875 12.207031
31.738281 9.765625
34.179688 9.765625
36.621094 7.324219
39.0625 7.324219
41.503906 7.324219
43.945313 7.324219
46.386719 7.324219
48.828125 7.324219
51.269531 7.324219
53.710938 7.324219
56.152344 9.765625
58.59375 9.765625
61.035156 9.765625
63.476563 9.765625
65.917969 9.765625
68.359375 9.765625
70.800781 9.765625
73.242188 12.207031
75.683594 12.207031
78.125 14.648438
80.566406 14.648438
