21.972656 58.59375
21.972656 56.152344
21.972656 53.710938
21.972656 51.269531
21.972656 48.828125
21.972656 46.386719
21.972656 43.945313
21.972656 41.503906
21.972656 39.0625
21.972656 36.621094
24.414063 34.179688
26.855469 31.738281
29.296875 31.738281
31.738281 29.296875
34.179688 26.855469
36.621094 24.414063
39.0625 24.414063
41.503906 24.414063
43.945313 24.414063
46.386719 21.972656
48.828125 19.53125
51.269531 19.53125
53.710938 19.53125
56.152344 19.53125
58.59375 17.089844
61.035156 17.089844
75.683594 17.089844
73.242188 17.089844
70.800781 17.089844
68.359375 17.089844
65.917969 17.089844
63.476563 17.089844
