39.0625 80.566406
39.0625 78.125
39.0625 75.683594
39.0625 73.242188
36.621094 70.800781
36.621094 68.359375
34.179688 65.917969
31.738281 63.476563
31.738281 61.035156
31.738281 58.59375
29.296875 56.152344
31.738281 53.710938
34.179688 51.269531
36.621094 48.828125
36.621094 46.386719
39.0625 43.945313
41.503906 41.503906
43.945313 41.503906
46.386719 39.0625
48.828125 36.621094
48.828125 34.179688
51.269531 31.738281
53.710938 29.296875
56.152344 26.855469
58.59375 24.414063
61.035156 21.972656
61.035156 19.53125
63.476563 17.089844
63.476563 14.648438
63.476563 12.207031
63.476563 2.441406
63.476563 4.882813
63.476563 7.324219
63.476563 9.765625
