129.394531 61.035156
126.953125 63.476563
124.511719 65.917969
122.070313 68.359375
119.628906 70.800781
117.1875 73.242188
114.746094 73.242188
112.304688 73.242188
109.863281 70.800781
109.863281 68.359375
107.421875 65.917969
104.980469 65.917969
102.539063 63.476563
100.097656 61.035156
97.65625 61.035156
95.214844 58.59375
92.773438 58.59375
90.332031 56.152344
87.890625 53.710938
85.449219 51.269531
83.007813 51.269531
80.566406 51.269531
78.125 51.269531
75.683594 51.269531
73.242188 48.828125
70.800781 51.269531
68.359375 51.269531
65.917969 51.269531
63.476563 51.269531
61.035156 51.269531
58.59375 48.828125
56.152344 48.828125
53.710938 48.828125
51.269531 48.828125
48.828125 51.269531
46.386719 51.269531
43.945313 53.710938
41.503906 51.269531
39.0625 48.828125
36.621094 46.386719
34.179688 43.945313
31.738281 41.503906
29.296875 39.0625
26.855469 36.621094
24.414063 34.179688
21.972656 31.738281
19.53125 29.296875
19.53125 26.855469
17.089844 24.414063
17.089844 21.972656
14.648438 19.53125
14.648438 17.089844
14.648438 14.648438
12.207031 12.207031
4.882813 4.882813
7.324219 7.324219
9.765625 9.765625
