224.609375 39.0625
222.167969 41.503906
219.726563 43.945313
217.285156 46.386719
214.84375 46.386719
212.402344 46.386719
209.960938 48.828125
207.519531 48.828125
205.078125 51.269531
202.636719 51.269531
200.195313 53.710938
197.753906 56.152344
195.3125 56.152344
192.871094 58.59375
190.429688 58.59375
187.988281 58.59375
185.546875 58.59375
183.105469 56.152344
180.664063 56.152344
178.222656 53.710938
175.78125 51.269531
173.339844 48.828125
170.898438 46.386719
168.457031 46.386719
166.015625 43.945313
163.574219 41.503906
161.132813 39.0625
158.691406 39.0625
156.25 36.621094
153.808594 34.179688
151.367188 34.179688
148.925781 31.738281
146.484375 29.296875
144.042969 26.855469
141.601563 24.414063
139.160156 21.972656
136.71875 21.972656
134.277344 19.53125
131.835938 17.089844
129.394531 17.089844
126.953125 14.648438
124.511719 12.207031
122.070313 12.207031
119.628906 12.207031
117.1875 12.207031
114.746094 9.765625
112.304688 9.765625
109.863281 9.765625
107.421875 9.765625
104.980469 9.765625
102.539063 9.765625
100.097656 9.765625
97.65625 12.207031
95.214844 14.648438
92.773438 14.648438
90.332031 17.089844
87.890625 19.53125
85.449219 21.972656
83.007813 21.972656
80.566406 24.414063
78.125 24.414063
75.683594 26.855469
73.242188 26.855469
70.800781 29.296875
68.359375 31.738281
65.917969 34.179688
65.917969 36.621094
63.476563 39.0625
61.035156 41.503906
61.035156 43.945313
58.59375 46.386719
56.152344 48.828125
53.710938 51.269531
51.269531 53.710938
48.828125 56.152344
46.386719 58.59375
43.945313 58.59375
41.503906 58.59375
39.0625 56.152344
36.621094 56.152344
34.179688 53.710938
31.738281 51.269531
29.296875 48.828125
26.855469 46.386719
24.414063 43.945313
21.972656 41.503906
19.53125 39.0625
17.089844 36.621094
14.648438 34.179688
14.648438 31.738281
12.207031 29.296875
9.765625 26.855469
7.324219 26.855469
2.441406 26.855469
4.882813 26.855469
