61.035156 46.386719
61.035156 43.945313
61.035156 41.503906
61.035156 39.0625
58.59375 36.621094
56.152344 34.179688
53.710938 31.738281
53.710938 29.296875
51.269531 26.855469
48.828125 26.855469
46.386719 24.414063
43.945313 21.972656
41.503906 21.972656
39.0625 19.53125
36.621094 19.53125
34.179688 17.089844
31.738281 17.089844
29.296875 14.648438
26.855469 12.207031
24.414063 12.207031
21.972656 9.765625
19.53125 9.765625
17.089844 9.765625
14.648438 9.765625
12.207031 9.765625
9.765625 9.765625
7.324219 9.765625
2.441406 9.765625
4.882813 9.765625
