58.59375 100.097656
56.152344 97.65625
58.59375 95.214844
58.59375 92.773438
58.59375 90.332031
58.59375 87.890625
58.59375 85.449219
58.59375 83.007813
58.59375 80.566406
56.152344 78.125
56.152344 75.683594
53.710938 73.242188
53.710938 70.800781
51.269531 68.359375
48.828125 65.917969
46.386719 63.476563
43.945313 61.035156
43.945313 58.59375
41.503906 56.152344
39.0625 53.710938
39.0625 51.269531
39.0625 48.828125
36.621094 46.386719
36.621094 43.945313
34.179688 41.503906
31.738281 39.0625
29.296875 36.621094
29.296875 34.179688
26.855469 31.738281
24.414063 29.296875
21.972656 26.855469
19.53125 24.414063
17.089844 21.972656
17.089844 19.53125
14.648438 17.089844
14.648438 14.648438
12.207031 12.207031
