7.324219 134.277344
9.765625 131.835938
12.207031 129.394531
14.648438 126.953125
17.089844 124.511719
19.53125 122.070313
21.972656 119.628906
24.414063 119.628906
26.855469 117.1875
29.296875 117.1875
31.738281 117.1875
34.179688 114.746094
36.621094 114.746094
39.0625 114.746094
41.503906 112.304688
43.945313 112.304688
46.386719 112.304688
48.828125 112.304688
51.269531 112.304688
53.710938 112.304688
56.152344 109.863281
58.59375 109.863281
61.035156 109.863281
63.476563 109.863281
65.917969 109.863281
68.359375 109.863281
70.800781 107.421875
73.242188 107.421875
75.683594 104.980469
78.125 104.980469
80.566406 104.980469
83.007813 102.539063
85.449219 102.539063
87.890625 102.539063
90.332031 100.097656
92.773438 100.097656
95.214844 97.65625
97.65625 95.214844
100.097656 92.773438
102.539063 92.773438
104.980469 90.332031
107.421875 87.890625
109.863281 87.890625
112.304688 85.449219
114.746094 85.449219
117.1875 83.007813
119.628906 80.566406
122.070313 80.566406
124.511719 78.125
126.953125 75.683594
129.394531 73.242188
131.835938 70.800781
134.277344 68.359375
136.71875 68.359375
139.160156 65.917969
141.601563 63.476563
144.042969 61.035156
146.484375 58.59375
148.925781 56.152344
151.367188 53.710938
153.808594 51.269531
156.25 48.828125
158.691406 46.386719
161.132813 46.386719
163.574219 43.945313
166.015625 41.503906
168.457031 39.0625
170.898438 39.0625
173.339844 36.621094
175.78125 34.179688
178.222656 31.738281
180.664063 29.296875
183.105469 29.296875
185.546875 26.855469
187.988281 24.414063
190.429688 21.972656
192.871094 21.972656
195.3125 19.53125
197.753906 17.089844
200.195313 14.648438
202.636719 12.207031
202.636719 9.765625
202.636719 2.441406
202.636719 4.882813
202.636719 7.324219
