61.035156 80.566406
58.59375 83.007813
56.152344 85.449219
53.710938 87.890625
51.269531 87.890625
48.828125 90.332031
46.386719 90.332031
43.945313 90.332031
41.503906 90.332031
39.0625 90.332031
36.621094 90.332031
34.179688 87.890625
31.738281 87.890625
29.296875 85.449219
26.855469 85.449219
24.414063 83.007813
24.414063 80.566406
24.414063 78.125
21.972656 75.683594
24.414063 73.242188
24.414063 70.800781
24.414063 68.359375
24.414063 65.917969
24.414063 63.476563
26.855469 61.035156
26.855469 58.59375
26.855469 56.152344
29.296875 53.710938
31.738281 51.269531
34.179688 48.828125
36.621094 48.828125
39.0625 46.386719
41.503906 43.945313
43.945313 43.945313
46.386719 43.945313
48.828125 43.945313
51.269531 43.945313
53.710938 43.945313
56.152344 46.386719
58.59375 46.386719
61.035156 46.386719
63.476563 46.386719
65.917969 48.828125
68.359375 51.269531
70.800781 53.710938
73.242188 56.152344
75.683594 56.152344
78.125 56.152344
80.566406 58.59375
83.007813 58.59375
85.449219 61.035156
87.890625 63.476563
90.332031 65.917969
92.773438 68.359375
95.214844 70.800781
95.214844 73.242188
95.214844 75.683594
97.65625 78.125
100.097656 78.125
102.539063 78.125
104.980469 75.683594
107.421875 73.242188
109.863281 70.800781
112.304688 70.800781
114.746094 68.359375
117.1875 68.359375
119.628906 65.917969
122.070313 63.476563
124.511719 61.035156
126.953125 58.59375
129.394531 56.152344
131.835938 53.710938
134.277344 53.710938
136.71875 53.710938
139.160156 53.710938
141.601563 56.152344
144.042969 56.152344
146.484375 56.152344
148.925781 56.152344
151.367188 56.152344
153.808594 56.152344
156.25 56.152344
158.691406 58.59375
161.132813 58.59375
163.574219 58.59375
166.015625 61.035156
168.457031 61.035156
170.898438 61.035156
173.339844 63.476563
175.78125 63.476563
178.222656 63.476563
192.871094 63.476563
190.429688 63.476563
187.988281 63.476563
185.546875 63.476563
183.105469 63.476563
180.664063 63.476563
