7.324219 78.125
9.765625 75.683594
12.207031 73.242188
14.648438 70.800781
17.089844 68.359375
19.53125 65.917969
21.972656 63.476563
24.414063 61.035156
26.855469 58.59375
29.296875 58.59375
31.738281 56.152344
31.738281 53.710938
31.738281 51.269531
31.738281 48.828125
31.738281 46.386719
29.296875 43.945313
29.296875 41.503906
26.855469 39.0625
26.855469 36.621094
26.855469 34.179688
26.855469 31.738281
26.855469 29.296875
26.855469 26.855469
24.414063 24.414063
24.414063 21.972656
24.414063 19.53125
24.414063 17.089844
26.855469 14.648438
26.855469 12.207031
26.855469 9.765625
26.855469 7.324219
26.855469 4.882813
26.855469 2.441406
