14.648438 53.710938
14.648438 51.269531
14.648438 48.828125
14.648438 46.386719
14.648438 43.945313
14.648438 41.503906
14.648438 39.0625
17.089844 36.621094
19.53125 36.621094
21.972656 36.621094
24.414063 34.179688
26.855469 34.179688
29.296875 34.179688
31.738281 31.738281
34.179688 31.738281
36.621094 31.738281
39.0625 31.738281
41.503906 29.296875
43.945313 29.296875
46.386719 26.855469
48.828125 26.855469
51.269531 24.414063
53.710938 24.414063
56.152344 21.972656
58.59375 21.972656
61.035156 21.972656
63.476563 19.53125
65.917969 19.53125
68.359375 19.53125
70.800781 19.53125
73.242188 19.53125
75.683594 19.53125
78.125 19.53125
80.566406 19.53125
83.007813 19.53125
85.449219 19.53125
87.890625 19.53125
90.332031 19.53125
92.773438 17.089844
95.214844 19.53125
97.65625 19.53125
100.097656 19.53125
102.539063 19.53125
104.980469 19.53125
107.421875 17.089844
109.863281 17.089844
112.304688 17.089844
114.746094 17.089844
117.1875 17.089844
131.835938 17.089844
129.394531 17.089844
126.953125 17.089844
124.511719 17.089844
122.070313 17.089844
119.628906 17.089844
