80.566406 136.71875
80.566406 134.277344
78.125 131.835938
78.125 129.394531
75.683594 126.953125
75.683594 124.511719
73.242188 122.070313
73.242188 119.628906
70.800781 117.1875
68.359375 114.746094
65.917969 112.304688
63.476563 109.863281
61.035156 107.421875
58.59375 104.980469
56.152344 102.539063
56.152344 100.097656
53.710938 97.65625
51.269531 95.214844
48.828125 92.773438
48.828125 90.332031
46.386719 87.890625
43.945313 85.449219
43.945313 83.007813
41.503906 80.566406
41.503906 78.125
41.503906 75.683594
41.503906 73.242188
41.503906 70.800781
41.503906 68.359375
39.0625 65.917969
39.0625 63.476563
36.621094 61.035156
36.621094 58.59375
34.179688 56.152344
34.179688 53.710938
31.738281 51.269531
29.296875 48.828125
29.296875 46.386719
26.855469 43.945313
24.414063 41.503906
24.414063 39.0625
24.414063 36.621094
21.972656 34.179688
21.972656 31.738281
19.53125 29.296875
19.53125 26.855469
19.53125 24.414063
17.089844 21.972656
17.089844 19.53125
14.648438 17.089844
14.648438 14.648438
12.207031 12.207031
12.207031 9.765625
9.765625 7.324219
9.765625 4.882813
9.765625 2.441406
