2.441406 41.503906
4.882813 41.503906
7.324219 41.503906
9.765625 41.503906
12.207031 41.503906
14.648438 41.503906
17.089844 41.503906
19.53125 41.503906
21.972656 41.503906
24.414063 39.0625
26.855469 39.0625
29.296875 39.0625
31.738281 36.621094
34.179688 36.621094
36.621094 34.179688
39.0625 34.179688
41.503906 31.738281
43.945313 31.738281
46.386719 29.296875
48.828125 26.855469
51.269531 26.855469
53.710938 24.414063
56.152344 24.414063
58.59375 24.414063
61.035156 21.972656
63.476563 21.972656
65.917969 21.972656
68.359375 21.972656
70.800781 21.972656
73.242188 21.972656
75.683594 19.53125
78.125 19.53125
80.566406 19.53125
83.007813 19.53125
85.449219 19.53125
87.890625 19.53125
90.332031 19.53125
92.773438 17.089844
95.214844 17.089844
97.65625 17.089844
100.097656 17.089844
102.539063 17.089844
104.980469 17.089844
107.421875 17.089844
119.628906 17.089844
117.1875 17.089844
114.746094 17.089844
112.304688 17.089844
109.863281 17.089844
