73.242188 173.339844
70.800781 173.339844
68.359375 173.339844
65.917969 173.339844
63.476563 173.339844
61.035156 170.898438
58.59375 170.898438
56.152344 170.898438
53.710938 168.457031
51.269531 166.015625
48.828125 166.015625
46.386719 166.015625
43.945313 166.015625
41.503906 168.457031
39.0625 168.457031
36.621094 168.457031
34.179688 168.457031
31.738281 168.457031
29.296875 168.457031
26.855469 168.457031
24.414063 168.457031
21.972656 168.457031
19.53125 168.457031
17.089844 166.015625
14.648438 163.574219
12.207031 161.132813
9.765625 158.691406
9.765625 156.25
9.765625 153.808594
9.765625 151.367188
9.765625 148.925781
12.207031 146.484375
14.648438 144.042969
14.648438 141.601563
17.089844 139.160156
19.53125 136.71875
21.972656 134.277344
24.414063 131.835938
26.855469 129.394531
29.296875 129.394531
31.738281 126.953125
34.179688 124.511719
36.621094 122.070313
39.0625 119.628906
41.503906 117.1875
43.945313 114.746094
46.386719 112.304688
48.828125 109.863281
48.828125 107.421875
51.269531 104.980469
53.710938 102.539063
53.710938 100.097656
56.152344 97.65625
56.152344 95.214844
58.59375 92.773438
58.59375 90.332031
61.035156 87.890625
61.035156 85.449219
63.476563 83.007813
63.476563 80.566406
63.476563 78.125
65.917969 75.683594
65.917969 73.242188
65.917969 70.800781
65.917969 68.359375
65.917969 65.917969
65.917969 63.476563
65.917969 61.035156
65.917969 58.59375
68.359375 56.152344
68.359375 53.710938
70.800781 51.269531
73.242188 48.828125
73.242188 46.386719
75.683594 43.945313
75.683594 41.503906
78.125 39.0625
78.125 36.621094
78.125 34.179688
78.125 31.738281
78.125 29.296875
75.683594 26.855469
75.683594 24.414063
73.242188 21.972656
70.800781 19.53125
68.359375 17.089844
65.917969 17.089844
63.476563 17.089844
61.035156 14.648438
58.59375 14.648438
56.152344 12.207031
53.710938 12.207031
51.269531 9.765625
48.828125 9.765625
46.386719 9.765625
43.945313 9.765625
41.503906 9.765625
39.0625 9.765625
36.621094 7.324219
34.179688 4.882813
