58.59375 73.242188
56.152344 73.242188
53.710938 73.242188
51.269531 73.242188
48.828125 73.242188
46.386719 73.242188
43.945313 73.242188
41.503906 73.242188
39.0625 73.242188
36.621094 73.242188
34.179688 73.242188
31.738281 73.242188
29.296875 70.800781
26.855469 70.800781
24.414063 68.359375
21.972656 65.917969
19.53125 63.476563
17.089844 61.035156
14.648438 58.59375
14.648438 56.152344
17.089844 53.710938
19.53125 51.269531
19.53125 48.828125
19.53125 46.386719
21.972656 43.945313
24.414063 41.503906
26.855469 39.0625
26.855469 36.621094
29.296875 34.179688
29.296875 31.738281
29.296875 29.296875
29.296875 26.855469
31.738281 24.414063
34.179688 21.972656
36.621094 19.53125
39.0625 19.53125
41.503906 17.089844
43.945313 17.089844
46.386719 14.648438
48.828125 14.648438
51.269531 12.207031
53.710938 12.207031
56.152344 9.765625
63.476563 2.441406
61.035156 4.882813
58.59375 7.324219
