17.089844 102.539063
17.089844 100.097656
17.089844 97.65625
17.089844 95.214844
17.089844 92.773438
14.648438 90.332031
14.648438 87.890625
17.089844 85.449219
17.089844 83.007813
17.089844 80.566406
17.089844 78.125
17.089844 75.683594
17.089844 73.242188
17.089844 70.800781
17.089844 68.359375
19.53125 65.917969
19.53125 63.476563
19.53125 61.035156
19.53125 58.59375
19.53125 56.152344
19.53125 53.710938
19.53125 51.269531
17.089844 48.828125
17.089844 46.386719
17.089844 43.945313
17.089844 41.503906
17.089844 39.0625
17.089844 36.621094
19.53125 34.179688
19.53125 31.738281
19.53125 29.296875
19.53125 26.855469
19.53125 24.414063
19.53125 21.972656
19.53125 19.53125
19.53125 17.089844
19.53125 14.648438
19.53125 12.207031
19.53125 9.765625
