9.765625 207.519531
12.207031 205.078125
14.648438 202.636719
17.089844 200.195313
17.089844 197.753906
14.648438 195.3125
14.648438 192.871094
14.648438 190.429688
14.648438 187.988281
17.089844 185.546875
19.53125 183.105469
21.972656 183.105469
24.414063 180.664063
26.855469 178.222656
29.296875 178.222656
31.738281 175.78125
34.179688 173.339844
36.621094 173.339844
39.0625 170.898438
41.503906 170.898438
43.945313 168.457031
46.386719 168.457031
48.828125 166.015625
51.269531 166.015625
53.710938 166.015625
56.152344 163.574219
58.59375 163.574219
61.035156 161.132813
63.476563 161.132813
65.917969 158.691406
68.359375 156.25
70.800781 153.808594
73.242188 153.808594
75.683594 151.367188
78.125 148.925781
80.566406 146.484375
83.007813 144.042969
83.007813 141.601563
85.449219 139.160156
85.449219 136.71875
87.890625 134.277344
90.332031 131.835938
90.332031 129.394531
92.773438 126.953125
92.773438 124.511719
92.773438 122.070313
92.773438 119.628906
92.773438 117.1875
92.773438 114.746094
92.773438 112.304688
92.773438 109.863281
92.773438 107.421875
92.773438 104.980469
92.773438 102.539063
92.773438 100.097656
92.773438 97.65625
92.773438 95.214844
92.773438 92.773438
92.773438 90.332031
92.773438 87.890625
92.773438 85.449219
92.773438 83.007813
92.773438 80.566406
92.773438 78.125
95.214844 75.683594
95.214844 73.242188
95.214844 70.800781
95.214844 68.359375
95.214844 65.917969
95.214844 63.476563
97.65625 61.035156
97.65625 58.59375
100.097656 56.152344
102.539063 53.710938
104.980469 51.269531
107.421875 48.828125
109.863281 46.386719
112.304688 46.386719
114.746094 43.945313
114.746094 41.503906
117.1875 39.0625
117.1875 36.621094
119.628906 34.179688
119.628906 31.738281
122.070313 29.296875
122.070313 26.855469
122.070313 24.414063
124.511719 21.972656
126.953125 19.53125
129.394531 17.089844
131.835938 14.648438
134.277344 12.207031
136.71875 9.765625
139.160156 9.765625
141.601563 7.324219
144.042969 7.324219
146.484375 7.324219
148.925781 7.324219
151.367188 4.882813
