153.808594 349.121094
153.808594 346.679688
153.808594 344.238281
153.808594 341.796875
153.808594 339.355469
153.808594 336.914063
153.808594 334.472656
153.808594 332.03125
153.808594 329.589844
153.808594 327.148438
151.367188 324.707031
151.367188 322.265625
151.367188 319.824219
151.367188 317.382813
148.925781 314.941406
148.925781 312.5
148.925781 310.058594
148.925781 307.617188
148.925781 305.175781
148.925781 302.734375
146.484375 300.292969
146.484375 297.851563
146.484375 295.410156
146.484375 292.96875
146.484375 290.527344
144.042969 288.085938
144.042969 285.644531
144.042969 283.203125
144.042969 280.761719
144.042969 278.320313
144.042969 275.878906
141.601563 273.4375
141.601563 270.996094
141.601563 268.554688
141.601563 266.113281
141.601563 263.671875
141.601563 261.230469
141.601563 258.789063
141.601563 256.347656
141.601563 253.90625
141.601563 251.464844
141.601563 249.023438
141.601563 246.582031
141.601563 244.140625
144.042969 241.699219
144.042969 239.257813
144.042969 236.816406
144.042969 234.375
146.484375 231.933594
146.484375 229.492188
146.484375 227.050781
146.484375 224.609375
148.925781 222.167969
148.925781 219.726563
148.925781 217.285156
146.484375 214.84375
146.484375 212.402344
144.042969 209.960938
141.601563 207.519531
139.160156 207.519531
136.71875 207.519531
134.277344 205.078125
131.835938 202.636719
129.394531 202.636719
126.953125 200.195313
124.511719 197.753906
122.070313 195.3125
119.628906 192.871094
117.1875 190.429688
114.746094 187.988281
112.304688 185.546875
109.863281 183.105469
107.421875 180.664063
104.980469 178.222656
102.539063 175.78125
100.097656 173.339844
97.65625 170.898438
95.214844 168.457031
92.773438 166.015625
90.332031 163.574219
90.332031 161.132813
87.890625 158.691406
85.449219 156.25
85.449219 153.808594
83.007813 151.367188
80.566406 148.925781
80.566406 146.484375
78.125 144.042969
75.683594 141.601563
73.242188 139.160156
73.242188 136.71875
70.800781 134.277344
68.359375 131.835938
65.917969 129.394531
63.476563 126.953125
61.035156 124.511719
58.59375 122.070313
56.152344 119.628906
53.710938 117.1875
51.269531 114.746094
51.269531 112.304688
48.828125 109.863281
46.386719 107.421875
43.945313 104.980469
43.945313 102.539063
41.503906 100.097656
41.503906 97.65625
39.0625 95.214844
39.0625 92.773438
36.621094 90.332031
36.621094 87.890625
34.179688 85.449219
34.179688 83.007813
31.738281 80.566406
31.738281 78.125
29.296875 75.683594
29.296875 73.242188
29.296875 70.800781
29.296875 68.359375
26.855469 65.917969
26.855469 63.476563
26.855469 61.035156
24.414063 58.59375
24.414063 56.152344
24.414063 53.710938
21.972656 51.269531
21.972656 48.828125
21.972656 46.386719
19.53125 43.945313
19.53125 41.503906
19.53125 39.0625
17.089844 36.621094
17.089844 34.179688
14.648438 31.738281
14.648438 29.296875
14.648438 26.855469
12.207031 24.414063
12.207031 21.972656
12.207031 19.53125
12.207031 17.089844
12.207031 14.648438
12.207031 12.207031
12.207031 2.441406
12.207031 4.882813
12.207031 7.324219
12.207031 9.765625
