7.324219 92.773438
7.324219 90.332031
7.324219 87.890625
7.324219 85.449219
9.765625 83.007813
9.765625 80.566406
9.765625 78.125
9.765625 75.683594
9.765625 73.242188
12.207031 70.800781
12.207031 68.359375
12.207031 65.917969
14.648438 63.476563
14.648438 61.035156
17.089844 58.59375
19.53125 56.152344
21.972656 53.710938
21.972656 51.269531
24.414063 48.828125
26.855469 46.386719
26.855469 43.945313
26.855469 41.503906
26.855469 39.0625
29.296875 36.621094
29.296875 34.179688
29.296875 31.738281
31.738281 29.296875
34.179688 26.855469
34.179688 24.414063
36.621094 21.972656
36.621094 19.53125
36.621094 17.089844
36.621094 14.648438
39.0625 12.207031
41.503906 9.765625
41.503906 7.324219
41.503906 2.441406
41.503906 4.882813
