14.648438 80.566406
14.648438 78.125
14.648438 75.683594
14.648438 73.242188
14.648438 70.800781
14.648438 68.359375
14.648438 65.917969
17.089844 63.476563
19.53125 63.476563
21.972656 61.035156
24.414063 58.59375
26.855469 56.152344
29.296875 53.710938
31.738281 51.269531
34.179688 48.828125
36.621094 46.386719
39.0625 43.945313
41.503906 43.945313
43.945313 41.503906
46.386719 39.0625
48.828125 36.621094
51.269531 34.179688
53.710938 31.738281
56.152344 31.738281
58.59375 29.296875
61.035156 26.855469
63.476563 24.414063
65.917969 21.972656
68.359375 19.53125
70.800781 17.089844
70.800781 14.648438
73.242188 12.207031
75.683594 9.765625
83.007813 2.441406
80.566406 4.882813
78.125 7.324219
