70.800781 124.511719
70.800781 122.070313
70.800781 119.628906
70.800781 117.1875
70.800781 114.746094
70.800781 112.304688
70.800781 109.863281
68.359375 107.421875
65.917969 104.980469
63.476563 102.539063
63.476563 100.097656
61.035156 97.65625
58.59375 95.214844
56.152344 92.773438
53.710938 90.332031
51.269531 87.890625
48.828125 85.449219
46.386719 83.007813
46.386719 80.566406
43.945313 78.125
41.503906 75.683594
39.0625 73.242188
39.0625 70.800781
36.621094 68.359375
36.621094 65.917969
34.179688 63.476563
34.179688 61.035156
31.738281 58.59375
31.738281 56.152344
29.296875 53.710938
29.296875 51.269531
26.855469 48.828125
26.855469 46.386719
24.414063 43.945313
24.414063 41.503906
21.972656 39.0625
21.972656 36.621094
19.53125 34.179688
19.53125 31.738281
19.53125 29.296875
17.089844 26.855469
17.089844 24.414063
17.089844 21.972656
14.648438 19.53125
14.648438 17.089844
14.648438 14.648438
14.648438 12.207031
14.648438 2.441406
14.648438 4.882813
14.648438 7.324219
14.648438 9.765625
