9.765625 131.835938
9.765625 129.394531
9.765625 126.953125
9.765625 124.511719
9.765625 122.070313
12.207031 119.628906
14.648438 117.1875
17.089844 114.746094
19.53125 112.304688
21.972656 109.863281
24.414063 107.421875
26.855469 107.421875
29.296875 104.980469
31.738281 102.539063
34.179688 100.097656
36.621094 97.65625
39.0625 95.214844
39.0625 92.773438
41.503906 90.332031
43.945313 90.332031
46.386719 87.890625
48.828125 85.449219
51.269531 83.007813
53.710938 80.566406
56.152344 78.125
58.59375 75.683594
58.59375 73.242188
61.035156 70.800781
63.476563 68.359375
63.476563 65.917969
63.476563 63.476563
65.917969 61.035156
68.359375 58.59375
68.359375 56.152344
68.359375 53.710938
70.800781 51.269531
70.800781 48.828125
70.800781 46.386719
73.242188 43.945313
73.242188 41.503906
73.242188 39.0625
75.683594 36.621094
75.683594 34.179688
75.683594 31.738281
75.683594 29.296875
75.683594 26.855469
78.125 24.414063
78.125 21.972656
78.125 19.53125
78.125 17.089844
78.125 14.648438
78.125 12.207031
78.125 2.441406
78.125 4.882813
78.125 7.324219
78.125 9.765625
