148.925781 185.546875
148.925781 183.105469
148.925781 180.664063
148.925781 178.222656
148.925781 175.78125
148.925781 173.339844
148.925781 170.898438
146.484375 168.457031
146.484375 166.015625
146.484375 163.574219
148.925781 161.132813
148.925781 158.691406
146.484375 156.25
144.042969 153.808594
141.601563 151.367188
139.160156 148.925781
136.71875 146.484375
136.71875 144.042969
134.277344 141.601563
131.835938 139.160156
131.835938 136.71875
131.835938 134.277344
131.835938 131.835938
129.394531 129.394531
126.953125 126.953125
124.511719 126.953125
122.070313 124.511719
119.628906 124.511719
117.1875 122.070313
114.746094 119.628906
112.304688 119.628906
109.863281 119.628906
107.421875 117.1875
104.980469 117.1875
102.539063 117.1875
100.097656 114.746094
97.65625 114.746094
95.214844 114.746094
92.773438 114.746094
90.332031 114.746094
87.890625 112.304688
85.449219 112.304688
83.007813 112.304688
80.566406 109.863281
78.125 107.421875
75.683594 104.980469
73.242188 102.539063
70.800781 100.097656
68.359375 97.65625
65.917969 97.65625
63.476563 95.214844
61.035156 92.773438
58.59375 92.773438
56.152344 92.773438
53.710938 92.773438
51.269531 90.332031
48.828125 90.332031
46.386719 90.332031
43.945313 90.332031
41.503906 90.332031
39.0625 90.332031
36.621094 90.332031
34.179688 87.890625
31.738281 87.890625
29.296875 85.449219
26.855469 85.449219
24.414063 83.007813
21.972656 80.566406
19.53125 78.125
17.089844 75.683594
14.648438 73.242188
12.207031 70.800781
12.207031 68.359375
12.207031 65.917969
14.648438 63.476563
17.089844 61.035156
19.53125 58.59375
21.972656 56.152344
24.414063 53.710938
26.855469 51.269531
29.296875 48.828125
29.296875 46.386719
31.738281 43.945313
34.179688 41.503906
34.179688 39.0625
36.621094 36.621094
36.621094 34.179688
36.621094 31.738281
36.621094 29.296875
34.179688 26.855469
34.179688 24.414063
34.179688 21.972656
34.179688 19.53125
34.179688 17.089844
36.621094 14.648438
39.0625 12.207031
41.503906 9.765625
43.945313 7.324219
46.386719 7.324219
48.828125 7.324219
51.269531 7.324219
53.710938 7.324219
56.152344 7.324219
58.59375 7.324219
61.035156 7.324219
63.476563 9.765625
65.917969 9.765625
68.359375 12.207031
70.800781 14.648438
73.242188 17.089844
75.683594 19.53125
78.125 21.972656
80.566406 24.414063
83.007813 26.855469
85.449219 26.855469
87.890625 26.855469
