26.855469 53.710938
26.855469 51.269531
26.855469 48.828125
26.855469 46.386719
26.855469 43.945313
26.855469 41.503906
24.414063 39.0625
24.414063 36.621094
24.414063 34.179688
24.414063 31.738281
26.855469 29.296875
29.296875 26.855469
31.738281 24.414063
34.179688 21.972656
36.621094 21.972656
39.0625 19.53125
41.503906 19.53125
43.945313 19.53125
46.386719 21.972656
48.828125 21.972656
51.269531 24.414063
53.710938 24.414063
56.152344 24.414063
58.59375 26.855469
61.035156 26.855469
73.242188 26.855469
70.800781 26.855469
68.359375 26.855469
65.917969 26.855469
63.476563 26.855469
