36.621094 75.683594
36.621094 73.242188
36.621094 70.800781
36.621094 68.359375
36.621094 65.917969
36.621094 63.476563
34.179688 61.035156
34.179688 58.59375
31.738281 56.152344
31.738281 53.710938
29.296875 51.269531
29.296875 48.828125
26.855469 46.386719
26.855469 43.945313
24.414063 41.503906
21.972656 41.503906
19.53125 39.0625
19.53125 36.621094
17.089844 34.179688
14.648438 31.738281
12.207031 29.296875
12.207031 26.855469
12.207031 24.414063
9.765625 21.972656
9.765625 19.53125
9.765625 17.089844
9.765625 14.648438
9.765625 12.207031
9.765625 9.765625
9.765625 7.324219
9.765625 4.882813
9.765625 2.441406
