126.953125 107.421875
126.953125 109.863281
126.953125 112.304688
126.953125 114.746094
129.394531 117.1875
131.835938 119.628906
131.835938 122.070313
134.277344 124.511719
134.277344 126.953125
136.71875 129.394531
139.160156 131.835938
139.160156 134.277344
139.160156 136.71875
139.160156 139.160156
136.71875 141.601563
134.277344 144.042969
131.835938 144.042969
129.394531 144.042969
126.953125 144.042969
124.511719 144.042969
122.070313 141.601563
119.628906 141.601563
117.1875 139.160156
114.746094 139.160156
112.304688 136.71875
109.863281 134.277344
107.421875 131.835938
104.980469 129.394531
102.539063 126.953125
100.097656 126.953125
97.65625 124.511719
95.214844 124.511719
92.773438 124.511719
90.332031 122.070313
87.890625 119.628906
85.449219 119.628906
83.007813 119.628906
80.566406 117.1875
78.125 114.746094
75.683594 112.304688
73.242188 109.863281
70.800781 109.863281
68.359375 107.421875
65.917969 104.980469
63.476563 102.539063
61.035156 100.097656
58.59375 97.65625
58.59375 95.214844
56.152344 92.773438
53.710938 90.332031
53.710938 87.890625
53.710938 85.449219
51.269531 83.007813
51.269531 80.566406
51.269531 78.125
48.828125 75.683594
48.828125 73.242188
46.386719 70.800781
46.386719 68.359375
43.945313 65.917969
43.945313 63.476563
43.945313 61.035156
43.945313 58.59375
43.945313 56.152344
43.945313 53.710938
43.945313 51.269531
46.386719 48.828125
46.386719 46.386719
48.828125 43.945313
51.269531 41.503906
51.269531 39.0625
53.710938 36.621094
53.710938 34.179688
56.152344 31.738281
56.152344 29.296875
56.152344 26.855469
56.152344 24.414063
53.710938 21.972656
51.269531 19.53125
48.828125 17.089844
46.386719 17.089844
43.945313 14.648438
41.503906 12.207031
39.0625 12.207031
36.621094 12.207031
34.179688 9.765625
31.738281 9.765625
29.296875 9.765625
26.855469 9.765625
24.414063 9.765625
21.972656 9.765625
19.53125 9.765625
17.089844 9.765625
14.648438 9.765625
12.207031 9.765625
9.765625 7.324219
7.324219 9.765625
4.882813 12.207031
