2.441406 43.945313
4.882813 43.945313
7.324219 43.945313
9.765625 43.945313
12.207031 43.945313
14.648438 43.945313
17.089844 43.945313
19.53125 41.503906
21.972656 41.503906
24.414063 39.0625
26.855469 39.0625
29.296875 36.621094
31.738281 36.621094
34.179688 34.179688
36.621094 31.738281
39.0625 29.296875
41.503906 26.855469
41.503906 24.414063
43.945313 21.972656
46.386719 21.972656
48.828125 19.53125
51.269531 17.089844
53.710938 14.648438
56.152344 14.648438
58.59375 14.648438
61.035156 14.648438
68.359375 14.648438
65.917969 14.648438
63.476563 14.648438
