83.007813 139.160156
83.007813 136.71875
83.007813 134.277344
83.007813 131.835938
83.007813 129.394531
80.566406 126.953125
78.125 124.511719
75.683594 122.070313
73.242188 122.070313
70.800781 119.628906
68.359375 117.1875
65.917969 114.746094
63.476563 112.304688
61.035156 109.863281
58.59375 107.421875
56.152344 104.980469
53.710938 104.980469
51.269531 102.539063
48.828125 102.539063
46.386719 102.539063
43.945313 100.097656
41.503906 100.097656
39.0625 100.097656
36.621094 97.65625
34.179688 97.65625
31.738281 95.214844
29.296875 92.773438
26.855469 90.332031
24.414063 87.890625
21.972656 85.449219
19.53125 83.007813
17.089844 80.566406
14.648438 78.125
14.648438 75.683594
14.648438 73.242188
12.207031 70.800781
12.207031 68.359375
12.207031 65.917969
12.207031 63.476563
12.207031 61.035156
12.207031 58.59375
9.765625 56.152344
9.765625 53.710938
9.765625 51.269531
9.765625 48.828125
9.765625 46.386719
9.765625 43.945313
9.765625 41.503906
9.765625 39.0625
9.765625 36.621094
9.765625 34.179688
9.765625 31.738281
12.207031 29.296875
12.207031 26.855469
14.648438 24.414063
17.089844 21.972656
19.53125 19.53125
21.972656 17.089844
24.414063 14.648438
26.855469 12.207031
29.296875 12.207031
31.738281 12.207031
34.179688 9.765625
36.621094 12.207031
39.0625 12.207031
41.503906 12.207031
43.945313 14.648438
46.386719 17.089844
48.828125 17.089844
51.269531 19.53125
53.710938 21.972656
53.710938 24.414063
51.269531 26.855469
51.269531 29.296875
48.828125 31.738281
48.828125 34.179688
46.386719 36.621094
43.945313 39.0625
43.945313 41.503906
41.503906 43.945313
41.503906 46.386719
43.945313 48.828125
43.945313 51.269531
46.386719 53.710938
48.828125 53.710938
51.269531 56.152344
53.710938 58.59375
56.152344 58.59375
58.59375 61.035156
61.035156 61.035156
63.476563 63.476563
65.917969 65.917969
68.359375 68.359375
70.800781 68.359375
73.242188 68.359375
75.683594 70.800781
78.125 70.800781
80.566406 70.800781
