4.882813 126.953125
7.324219 124.511719
9.765625 122.070313
12.207031 122.070313
14.648438 119.628906
17.089844 119.628906
19.53125 117.1875
21.972656 114.746094
24.414063 114.746094
26.855469 114.746094
29.296875 112.304688
31.738281 112.304688
34.179688 112.304688
36.621094 109.863281
39.0625 107.421875
41.503906 107.421875
43.945313 104.980469
46.386719 104.980469
48.828125 102.539063
51.269531 102.539063
53.710938 100.097656
56.152344 100.097656
58.59375 97.65625
61.035156 95.214844
63.476563 92.773438
65.917969 90.332031
68.359375 87.890625
70.800781 85.449219
73.242188 83.007813
75.683594 80.566406
78.125 78.125
80.566406 75.683594
83.007813 73.242188
85.449219 73.242188
87.890625 70.800781
90.332031 70.800781
92.773438 68.359375
95.214844 65.917969
97.65625 65.917969
100.097656 63.476563
102.539063 63.476563
104.980469 63.476563
107.421875 61.035156
109.863281 58.59375
112.304688 56.152344
114.746094 53.710938
117.1875 51.269531
119.628906 48.828125
122.070313 48.828125
124.511719 46.386719
126.953125 43.945313
129.394531 41.503906
131.835938 39.0625
131.835938 36.621094
134.277344 34.179688
136.71875 31.738281
136.71875 29.296875
139.160156 26.855469
141.601563 24.414063
141.601563 21.972656
144.042969 19.53125
146.484375 19.53125
148.925781 17.089844
151.367188 14.648438
151.367188 12.207031
151.367188 2.441406
151.367188 4.882813
151.367188 7.324219
151.367188 9.765625
