61.035156 68.359375
61.035156 65.917969
61.035156 63.476563
61.035156 61.035156
61.035156 58.59375
61.035156 56.152344
58.59375 53.710938
58.59375 51.269531
58.59375 48.828125
56.152344 46.386719
56.152344 43.945313
53.710938 41.503906
51.269531 39.0625
51.269531 36.621094
48.828125 34.179688
46.386719 34.179688
43.945313 31.738281
41.503906 29.296875
39.0625 26.855469
36.621094 24.414063
34.179688 24.414063
31.738281 21.972656
29.296875 19.53125
26.855469 19.53125
24.414063 17.089844
21.972656 17.089844
19.53125 14.648438
17.089844 14.648438
14.648438 14.648438
2.441406 14.648438
4.882813 14.648438
7.324219 14.648438
9.765625 14.648438
12.207031 14.648438
