95.214844 161.132813
95.214844 158.691406
95.214844 156.25
95.214844 153.808594
95.214844 151.367188
97.65625 148.925781
100.097656 146.484375
100.097656 144.042969
102.539063 141.601563
100.097656 139.160156
100.097656 136.71875
100.097656 134.277344
97.65625 131.835938
95.214844 129.394531
92.773438 126.953125
90.332031 124.511719
87.890625 122.070313
85.449219 119.628906
83.007813 117.1875
80.566406 114.746094
80.566406 112.304688
78.125 109.863281
78.125 107.421875
78.125 104.980469
78.125 102.539063
78.125 100.097656
80.566406 97.65625
83.007813 95.214844
83.007813 92.773438
85.449219 90.332031
85.449219 87.890625
87.890625 85.449219
90.332031 85.449219
92.773438 85.449219
95.214844 85.449219
97.65625 85.449219
100.097656 85.449219
102.539063 83.007813
104.980469 83.007813
107.421875 80.566406
109.863281 80.566406
112.304688 80.566406
114.746094 80.566406
117.1875 83.007813
119.628906 83.007813
122.070313 83.007813
124.511719 85.449219
126.953125 85.449219
129.394531 83.007813
131.835938 83.007813
134.277344 80.566406
136.71875 80.566406
139.160156 78.125
139.160156 75.683594
141.601563 73.242188
141.601563 70.800781
141.601563 68.359375
141.601563 65.917969
139.160156 63.476563
139.160156 61.035156
136.71875 58.59375
134.277344 56.152344
131.835938 53.710938
129.394531 51.269531
126.953125 51.269531
124.511719 48.828125
122.070313 46.386719
119.628906 43.945313
117.1875 41.503906
114.746094 39.0625
112.304688 39.0625
109.863281 36.621094
107.421875 34.179688
104.980469 31.738281
102.539063 31.738281
100.097656 31.738281
97.65625 31.738281
95.214844 29.296875
92.773438 29.296875
90.332031 29.296875
87.890625 29.296875
85.449219 29.296875
83.007813 26.855469
80.566406 26.855469
78.125 26.855469
75.683594 26.855469
73.242188 24.414063
70.800781 24.414063
68.359375 21.972656
65.917969 19.53125
63.476563 19.53125
61.035156 17.089844
58.59375 17.089844
56.152344 14.648438
53.710938 12.207031
51.269531 12.207031
48.828125 12.207031
46.386719 9.765625
43.945313 9.765625
41.503906 12.207031
39.0625 12.207031
36.621094 12.207031
34.179688 12.207031
31.738281 14.648438
29.296875 14.648438
26.855469 14.648438
24.414063 17.089844
21.972656 17.089844
19.53125 17.089844
17.089844 19.53125
14.648438 19.53125
12.207031 19.53125
9.765625 19.53125
2.441406 19.53125
4.882813 19.53125
7.324219 19.53125
