12.207031 97.65625
12.207031 95.214844
12.207031 92.773438
12.207031 90.332031
12.207031 87.890625
12.207031 85.449219
12.207031 83.007813
12.207031 80.566406
14.648438 78.125
14.648438 75.683594
14.648438 73.242188
17.089844 70.800781
17.089844 68.359375
17.089844 65.917969
17.089844 63.476563
17.089844 61.035156
19.53125 58.59375
19.53125 56.152344
19.53125 53.710938
19.53125 51.269531
19.53125 48.828125
19.53125 46.386719
19.53125 43.945313
19.53125 41.503906
17.089844 39.0625
17.089844 36.621094
17.089844 34.179688
17.089844 31.738281
17.089844 29.296875
19.53125 26.855469
19.53125 24.414063
19.53125 21.972656
19.53125 19.53125
19.53125 17.089844
19.53125 14.648438
19.53125 12.207031
19.53125 9.765625
19.53125 7.324219
