114.746094 478.515625
112.304688 476.074219
112.304688 473.632813
112.304688 471.191406
109.863281 468.75
107.421875 466.308594
107.421875 463.867188
104.980469 461.425781
102.539063 458.984375
102.539063 456.542969
100.097656 454.101563
100.097656 451.660156
97.65625 449.21875
97.65625 446.777344
97.65625 444.335938
97.65625 441.894531
95.214844 439.453125
95.214844 437.011719
95.214844 434.570313
95.214844 432.128906
95.214844 429.6875
95.214844 427.246094
95.214844 424.804688
92.773438 422.363281
92.773438 419.921875
92.773438 417.480469
92.773438 415.039063
92.773438 412.597656
92.773438 410.15625
90.332031 407.714844
90.332031 405.273438
87.890625 402.832031
87.890625 400.390625
87.890625 397.949219
87.890625 395.507813
87.890625 393.066406
87.890625 390.625
85.449219 388.183594
85.449219 385.742188
85.449219 383.300781
85.449219 380.859375
85.449219 378.417969
83.007813 375.976563
83.007813 373.535156
83.007813 371.09375
83.007813 368.652344
83.007813 366.210938
80.566406 363.769531
80.566406 361.328125
80.566406 358.886719
80.566406 356.445313
80.566406 354.003906
78.125 351.5625
78.125 349.121094
78.125 346.679688
78.125 344.238281
75.683594 341.796875
75.683594 339.355469
73.242188 336.914063
73.242188 334.472656
73.242188 332.03125
73.242188 329.589844
70.800781 327.148438
70.800781 324.707031
70.800781 322.265625
68.359375 319.824219
68.359375 317.382813
68.359375 314.941406
68.359375 312.5
65.917969 310.058594
65.917969 307.617188
65.917969 305.175781
63.476563 302.734375
63.476563 300.292969
63.476563 297.851563
61.035156 295.410156
61.035156 292.96875
61.035156 290.527344
58.59375 288.085938
58.59375 285.644531
58.59375 283.203125
58.59375 280.761719
56.152344 278.320313
56.152344 275.878906
56.152344 273.4375
56.152344 270.996094
56.152344 268.554688
56.152344 266.113281
56.152344 263.671875
53.710938 261.230469
53.710938 258.789063
53.710938 256.347656
51.269531 253.90625
51.269531 251.464844
48.828125 249.023438
46.386719 246.582031
46.386719 244.140625
43.945313 241.699219
43.945313 239.257813
43.945313 236.816406
43.945313 234.375
41.503906 231.933594
41.503906 229.492188
41.503906 227.050781
41.503906 224.609375
41.503906 222.167969
41.503906 219.726563
41.503906 217.285156
41.503906 214.84375
41.503906 212.402344
39.0625 209.960938
39.0625 207.519531
39.0625 205.078125
36.621094 202.636719
36.621094 200.195313
34.179688 197.753906
34.179688 195.3125
31.738281 192.871094
31.738281 190.429688
29.296875 187.988281
29.296875 185.546875
29.296875 183.105469
29.296875 180.664063
29.296875 178.222656
29.296875 175.78125
26.855469 173.339844
26.855469 170.898438
26.855469 168.457031
26.855469 166.015625
24.414063 163.574219
24.414063 161.132813
24.414063 158.691406
24.414063 156.25
21.972656 153.808594
21.972656 151.367188
21.972656 148.925781
21.972656 146.484375
19.53125 144.042969
19.53125 141.601563
19.53125 139.160156
19.53125 136.71875
17.089844 134.277344
17.089844 131.835938
17.089844 129.394531
17.089844 126.953125
17.089844 124.511719
17.089844 122.070313
17.089844 119.628906
14.648438 117.1875
17.089844 114.746094
17.089844 112.304688
17.089844 109.863281
17.089844 107.421875
17.089844 104.980469
14.648438 102.539063
14.648438 100.097656
14.648438 97.65625
14.648438 95.214844
14.648438 92.773438
14.648438 90.332031
14.648438 87.890625
14.648438 85.449219
14.648438 83.007813
14.648438 80.566406
14.648438 78.125
14.648438 75.683594
14.648438 73.242188
14.648438 70.800781
14.648438 68.359375
14.648438 65.917969
14.648438 63.476563
17.089844 61.035156
17.089844 58.59375
17.089844 56.152344
17.089844 53.710938
17.089844 51.269531
17.089844 48.828125
17.089844 46.386719
14.648438 43.945313
14.648438 41.503906
14.648438 39.0625
14.648438 36.621094
12.207031 34.179688
12.207031 31.738281
12.207031 29.296875
9.765625 26.855469
9.765625 24.414063
9.765625 21.972656
9.765625 19.53125
9.765625 17.089844
9.765625 14.648438
9.765625 12.207031
9.765625 9.765625
12.207031 7.324219
12.207031 4.882813
12.207031 2.441406
