183.105469 53.710938
180.664063 53.710938
178.222656 53.710938
175.78125 53.710938
173.339844 51.269531
170.898438 51.269531
168.457031 48.828125
166.015625 48.828125
163.574219 48.828125
161.132813 48.828125
158.691406 46.386719
156.25 46.386719
153.808594 46.386719
151.367188 46.386719
148.925781 46.386719
146.484375 46.386719
144.042969 46.386719
141.601563 46.386719
139.160156 43.945313
136.71875 43.945313
134.277344 43.945313
131.835938 43.945313
129.394531 43.945313
126.953125 41.503906
124.511719 41.503906
122.070313 41.503906
119.628906 39.0625
117.1875 39.0625
114.746094 36.621094
112.304688 36.621094
109.863281 36.621094
107.421875 36.621094
104.980469 34.179688
102.539063 34.179688
100.097656 31.738281
97.65625 31.738281
95.214844 31.738281
92.773438 29.296875
90.332031 29.296875
87.890625 29.296875
85.449219 29.296875
83.007813 29.296875
80.566406 29.296875
78.125 26.855469
75.683594 26.855469
73.242188 26.855469
70.800781 26.855469
68.359375 26.855469
65.917969 26.855469
63.476563 26.855469
61.035156 26.855469
58.59375 26.855469
56.152344 24.414063
53.710938 24.414063
51.269531 21.972656
48.828125 21.972656
46.386719 19.53125
43.945313 19.53125
41.503906 19.53125
39.0625 17.089844
36.621094 17.089844
34.179688 14.648438
31.738281 14.648438
29.296875 14.648438
26.855469 12.207031
24.414063 12.207031
21.972656 12.207031
19.53125 9.765625
17.089844 9.765625
14.648438 9.765625
12.207031 9.765625
9.765625 9.765625
2.441406 9.765625
4.882813 9.765625
7.324219 9.765625
