26.855469 73.242188
26.855469 70.800781
26.855469 68.359375
26.855469 65.917969
26.855469 63.476563
26.855469 61.035156
26.855469 58.59375
26.855469 56.152344
26.855469 53.710938
26.855469 51.269531
26.855469 48.828125
26.855469 46.386719
24.414063 43.945313
24.414063 41.503906
24.414063 39.0625
21.972656 36.621094
21.972656 34.179688
21.972656 31.738281
21.972656 29.296875
21.972656 26.855469
21.972656 24.414063
19.53125 21.972656
19.53125 19.53125
19.53125 17.089844
19.53125 2.441406
19.53125 4.882813
19.53125 7.324219
19.53125 9.765625
19.53125 12.207031
19.53125 14.648438
