183.105469 146.484375
183.105469 144.042969
183.105469 141.601563
183.105469 139.160156
180.664063 136.71875
178.222656 134.277344
175.78125 131.835938
175.78125 129.394531
175.78125 126.953125
178.222656 124.511719
178.222656 122.070313
180.664063 119.628906
183.105469 119.628906
185.546875 117.1875
187.988281 114.746094
190.429688 117.1875
192.871094 117.1875
195.3125 117.1875
197.753906 119.628906
200.195313 119.628906
202.636719 122.070313
205.078125 122.070313
207.519531 124.511719
207.519531 126.953125
209.960938 129.394531
212.402344 131.835938
214.84375 134.277344
214.84375 136.71875
214.84375 139.160156
214.84375 141.601563
212.402344 144.042969
212.402344 146.484375
209.960938 148.925781
207.519531 151.367188
205.078125 153.808594
202.636719 156.25
200.195313 158.691406
197.753906 158.691406
195.3125 161.132813
192.871094 163.574219
190.429688 163.574219
187.988281 163.574219
185.546875 163.574219
183.105469 163.574219
180.664063 163.574219
178.222656 163.574219
175.78125 163.574219
173.339844 163.574219
170.898438 163.574219
168.457031 163.574219
166.015625 161.132813
163.574219 161.132813
161.132813 161.132813
158.691406 158.691406
156.25 156.25
153.808594 156.25
151.367188 153.808594
148.925781 151.367188
146.484375 148.925781
146.484375 146.484375
144.042969 144.042969
144.042969 141.601563
141.601563 139.160156
139.160156 136.71875
136.71875 134.277344
134.277344 131.835938
131.835938 129.394531
129.394531 126.953125
126.953125 124.511719
126.953125 122.070313
124.511719 119.628906
122.070313 117.1875
122.070313 114.746094
122.070313 112.304688
122.070313 109.863281
122.070313 107.421875
122.070313 104.980469
119.628906 102.539063
119.628906 100.097656
119.628906 97.65625
119.628906 95.214844
117.1875 92.773438
114.746094 90.332031
114.746094 87.890625
112.304688 85.449219
112.304688 83.007813
112.304688 80.566406
112.304688 78.125
114.746094 75.683594
114.746094 73.242188
112.304688 70.800781
112.304688 68.359375
109.863281 65.917969
107.421875 63.476563
104.980469 61.035156
102.539063 58.59375
100.097656 56.152344
97.65625 53.710938
95.214844 51.269531
92.773438 51.269531
90.332031 48.828125
87.890625 48.828125
85.449219 48.828125
83.007813 46.386719
80.566406 46.386719
78.125 43.945313
75.683594 43.945313
73.242188 41.503906
70.800781 39.0625
68.359375 36.621094
65.917969 36.621094
63.476563 34.179688
61.035156 31.738281
58.59375 29.296875
56.152344 29.296875
53.710938 29.296875
51.269531 29.296875
48.828125 29.296875
46.386719 29.296875
43.945313 29.296875
41.503906 29.296875
39.0625 26.855469
36.621094 29.296875
34.179688 31.738281
31.738281 31.738281
29.296875 31.738281
26.855469 34.179688
24.414063 34.179688
21.972656 36.621094
19.53125 39.0625
17.089844 41.503906
14.648438 43.945313
12.207031 46.386719
9.765625 48.828125
9.765625 51.269531
7.324219 53.710938
7.324219 56.152344
7.324219 58.59375
7.324219 61.035156
7.324219 63.476563
7.324219 65.917969
7.324219 68.359375
7.324219 70.800781
7.324219 73.242188
7.324219 75.683594
7.324219 78.125
4.882813 80.566406
4.882813 83.007813
4.882813 85.449219
