39.0625 70.800781
39.0625 73.242188
39.0625 75.683594
39.0625 78.125
41.503906 80.566406
41.503906 83.007813
41.503906 85.449219
39.0625 87.890625
39.0625 90.332031
41.503906 92.773438
41.503906 95.214844
43.945313 97.65625
46.386719 97.65625
48.828125 100.097656
51.269531 102.539063
53.710938 102.539063
56.152344 104.980469
58.59375 104.980469
61.035156 104.980469
63.476563 104.980469
65.917969 107.421875
68.359375 104.980469
70.800781 104.980469
73.242188 104.980469
75.683594 102.539063
75.683594 100.097656
78.125 97.65625
78.125 95.214844
78.125 92.773438
78.125 90.332031
78.125 87.890625
80.566406 85.449219
80.566406 83.007813
83.007813 80.566406
83.007813 78.125
85.449219 75.683594
87.890625 73.242188
90.332031 70.800781
92.773438 68.359375
92.773438 65.917969
92.773438 63.476563
92.773438 61.035156
90.332031 58.59375
90.332031 56.152344
90.332031 53.710938
87.890625 51.269531
87.890625 48.828125
85.449219 46.386719
83.007813 43.945313
80.566406 41.503906
80.566406 39.0625
78.125 36.621094
78.125 34.179688
78.125 31.738281
78.125 29.296875
78.125 26.855469
78.125 24.414063
75.683594 21.972656
73.242188 21.972656
70.800781 19.53125
68.359375 19.53125
65.917969 19.53125
63.476563 19.53125
61.035156 21.972656
58.59375 21.972656
56.152344 24.414063
53.710938 24.414063
51.269531 26.855469
48.828125 26.855469
46.386719 29.296875
43.945313 29.296875
41.503906 29.296875
39.0625 29.296875
36.621094 29.296875
34.179688 29.296875
31.738281 26.855469
29.296875 26.855469
26.855469 24.414063
24.414063 24.414063
21.972656 26.855469
19.53125 26.855469
17.089844 26.855469
14.648438 29.296875
12.207031 31.738281
9.765625 34.179688
7.324219 36.621094
7.324219 39.0625
7.324219 41.503906
7.324219 46.386719
7.324219 43.945313
