12.207031 34.179688
14.648438 34.179688
17.089844 34.179688
19.53125 31.738281
21.972656 31.738281
24.414063 31.738281
26.855469 31.738281
29.296875 31.738281
31.738281 31.738281
34.179688 31.738281
36.621094 31.738281
39.0625 31.738281
41.503906 31.738281
43.945313 29.296875
46.386719 29.296875
48.828125 29.296875
51.269531 29.296875
53.710938 29.296875
56.152344 29.296875
58.59375 26.855469
61.035156 26.855469
63.476563 26.855469
65.917969 26.855469
68.359375 24.414063
70.800781 24.414063
73.242188 24.414063
75.683594 24.414063
78.125 24.414063
80.566406 24.414063
83.007813 24.414063
85.449219 24.414063
87.890625 24.414063
90.332031 24.414063
92.773438 24.414063
95.214844 21.972656
97.65625 21.972656
100.097656 21.972656
102.539063 19.53125
104.980469 19.53125
107.421875 19.53125
109.863281 17.089844
112.304688 17.089844
114.746094 17.089844
117.1875 14.648438
119.628906 14.648438
122.070313 14.648438
124.511719 14.648438
126.953125 14.648438
129.394531 12.207031
131.835938 12.207031
134.277344 12.207031
136.71875 12.207031
139.160156 12.207031
141.601563 9.765625
