163.574219 119.628906
163.574219 117.1875
163.574219 114.746094
163.574219 112.304688
161.132813 109.863281
158.691406 107.421875
156.25 104.980469
153.808594 104.980469
151.367188 102.539063
148.925781 102.539063
146.484375 100.097656
144.042969 97.65625
141.601563 95.214844
139.160156 92.773438
136.71875 92.773438
134.277344 90.332031
131.835938 87.890625
129.394531 87.890625
126.953125 85.449219
124.511719 85.449219
122.070313 83.007813
119.628906 83.007813
117.1875 80.566406
114.746094 80.566406
112.304688 78.125
109.863281 75.683594
107.421875 75.683594
104.980469 73.242188
102.539063 70.800781
100.097656 70.800781
97.65625 68.359375
95.214844 68.359375
92.773438 68.359375
90.332031 68.359375
87.890625 68.359375
85.449219 68.359375
83.007813 68.359375
80.566406 68.359375
78.125 68.359375
75.683594 68.359375
73.242188 70.800781
70.800781 68.359375
68.359375 65.917969
65.917969 63.476563
63.476563 61.035156
61.035156 58.59375
58.59375 58.59375
56.152344 58.59375
53.710938 56.152344
51.269531 56.152344
48.828125 53.710938
48.828125 51.269531
48.828125 48.828125
48.828125 46.386719
48.828125 43.945313
48.828125 41.503906
46.386719 39.0625
43.945313 36.621094
41.503906 34.179688
39.0625 31.738281
36.621094 29.296875
36.621094 26.855469
34.179688 24.414063
31.738281 21.972656
29.296875 19.53125
26.855469 17.089844
24.414063 17.089844
21.972656 14.648438
19.53125 14.648438
17.089844 12.207031
14.648438 9.765625
12.207031 9.765625
9.765625 9.765625
2.441406 9.765625
4.882813 9.765625
7.324219 9.765625
