9.765625 48.828125
12.207031 46.386719
14.648438 43.945313
17.089844 43.945313
19.53125 43.945313
21.972656 41.503906
24.414063 41.503906
26.855469 39.0625
29.296875 39.0625
31.738281 39.0625
34.179688 39.0625
36.621094 39.0625
39.0625 36.621094
41.503906 36.621094
43.945313 34.179688
46.386719 34.179688
48.828125 31.738281
51.269531 31.738281
53.710938 29.296875
56.152344 26.855469
58.59375 26.855469
61.035156 24.414063
63.476563 24.414063
65.917969 24.414063
68.359375 24.414063
70.800781 21.972656
73.242188 21.972656
75.683594 21.972656
78.125 21.972656
80.566406 21.972656
83.007813 21.972656
85.449219 21.972656
87.890625 21.972656
90.332031 21.972656
92.773438 21.972656
95.214844 21.972656
97.65625 21.972656
100.097656 21.972656
102.539063 24.414063
104.980469 24.414063
