83.007813 183.105469
80.566406 183.105469
78.125 183.105469
75.683594 183.105469
73.242188 180.664063
70.800781 178.222656
68.359375 175.78125
65.917969 173.339844
63.476563 170.898438
61.035156 168.457031
58.59375 166.015625
56.152344 163.574219
53.710938 161.132813
51.269531 161.132813
48.828125 158.691406
46.386719 156.25
43.945313 153.808594
41.503906 151.367188
39.0625 148.925781
36.621094 148.925781
34.179688 146.484375
34.179688 144.042969
34.179688 141.601563
31.738281 139.160156
31.738281 136.71875
31.738281 134.277344
31.738281 131.835938
34.179688 129.394531
34.179688 126.953125
36.621094 124.511719
39.0625 122.070313
39.0625 119.628906
41.503906 117.1875
43.945313 114.746094
46.386719 112.304688
48.828125 109.863281
51.269531 107.421875
53.710938 104.980469
53.710938 102.539063
56.152344 100.097656
58.59375 97.65625
58.59375 95.214844
58.59375 92.773438
58.59375 90.332031
58.59375 87.890625
56.152344 85.449219
56.152344 83.007813
53.710938 80.566406
51.269531 78.125
48.828125 75.683594
48.828125 73.242188
48.828125 70.800781
48.828125 68.359375
46.386719 65.917969
46.386719 63.476563
46.386719 61.035156
46.386719 58.59375
43.945313 56.152344
43.945313 53.710938
43.945313 51.269531
43.945313 48.828125
43.945313 46.386719
43.945313 43.945313
43.945313 41.503906
43.945313 39.0625
41.503906 36.621094
41.503906 34.179688
41.503906 31.738281
41.503906 29.296875
41.503906 26.855469
41.503906 24.414063
43.945313 21.972656
46.386719 19.53125
48.828125 17.089844
51.269531 17.089844
53.710938 14.648438
56.152344 14.648438
58.59375 14.648438
61.035156 17.089844
63.476563 17.089844
65.917969 17.089844
68.359375 19.53125
68.359375 21.972656
70.800781 24.414063
70.800781 26.855469
73.242188 29.296875
75.683594 31.738281
78.125 34.179688
80.566406 36.621094
83.007813 39.0625
83.007813 41.503906
85.449219 43.945313
85.449219 46.386719
87.890625 48.828125
90.332031 51.269531
92.773438 53.710938
95.214844 56.152344
97.65625 58.59375
100.097656 61.035156
100.097656 63.476563
100.097656 68.359375
100.097656 65.917969
