68.359375 61.035156
65.917969 61.035156
63.476563 61.035156
61.035156 61.035156
58.59375 61.035156
56.152344 61.035156
53.710938 58.59375
51.269531 61.035156
48.828125 58.59375
46.386719 58.59375
43.945313 58.59375
41.503906 58.59375
39.0625 56.152344
36.621094 56.152344
34.179688 53.710938
31.738281 53.710938
29.296875 51.269531
26.855469 48.828125
24.414063 46.386719
21.972656 43.945313
19.53125 43.945313
17.089844 41.503906
14.648438 39.0625
14.648438 36.621094
14.648438 34.179688
14.648438 31.738281
12.207031 29.296875
12.207031 26.855469
9.765625 24.414063
9.765625 21.972656
7.324219 19.53125
7.324219 17.089844
7.324219 14.648438
4.882813 12.207031
4.882813 9.765625
4.882813 7.324219
7.324219 4.882813
7.324219 2.441406
