12.207031 173.339844
12.207031 170.898438
14.648438 168.457031
14.648438 166.015625
14.648438 163.574219
14.648438 161.132813
17.089844 158.691406
17.089844 156.25
19.53125 153.808594
19.53125 151.367188
21.972656 148.925781
24.414063 146.484375
24.414063 144.042969
24.414063 141.601563
26.855469 139.160156
26.855469 136.71875
29.296875 134.277344
31.738281 131.835938
31.738281 129.394531
31.738281 126.953125
34.179688 124.511719
34.179688 122.070313
36.621094 119.628906
39.0625 117.1875
39.0625 114.746094
41.503906 112.304688
43.945313 109.863281
46.386719 107.421875
48.828125 104.980469
51.269531 102.539063
53.710938 100.097656
56.152344 97.65625
58.59375 95.214844
61.035156 92.773438
63.476563 92.773438
65.917969 90.332031
68.359375 87.890625
70.800781 85.449219
73.242188 83.007813
75.683594 83.007813
78.125 80.566406
78.125 78.125
80.566406 75.683594
83.007813 73.242188
85.449219 73.242188
87.890625 70.800781
90.332031 70.800781
92.773438 68.359375
95.214844 65.917969
97.65625 65.917969
100.097656 63.476563
102.539063 61.035156
104.980469 61.035156
107.421875 58.59375
109.863281 58.59375
112.304688 56.152344
114.746094 56.152344
117.1875 53.710938
119.628906 53.710938
122.070313 51.269531
124.511719 48.828125
126.953125 48.828125
129.394531 46.386719
131.835938 43.945313
134.277344 41.503906
136.71875 39.0625
139.160156 36.621094
141.601563 34.179688
144.042969 31.738281
146.484375 29.296875
148.925781 29.296875
151.367188 29.296875
153.808594 26.855469
156.25 26.855469
158.691406 26.855469
161.132813 24.414063
163.574219 24.414063
166.015625 24.414063
168.457031 24.414063
170.898438 21.972656
173.339844 21.972656
175.78125 21.972656
178.222656 19.53125
180.664063 19.53125
183.105469 19.53125
185.546875 19.53125
187.988281 17.089844
190.429688 17.089844
192.871094 17.089844
195.3125 17.089844
197.753906 17.089844
200.195313 17.089844
202.636719 17.089844
205.078125 17.089844
207.519531 17.089844
209.960938 17.089844
212.402344 14.648438
214.84375 14.648438
217.285156 17.089844
219.726563 17.089844
222.167969 14.648438
224.609375 14.648438
227.050781 14.648438
229.492188 14.648438
231.933594 14.648438
234.375 14.648438
236.816406 14.648438
