36.621094 161.132813
39.0625 158.691406
41.503906 156.25
43.945313 156.25
46.386719 153.808594
48.828125 151.367188
51.269531 148.925781
53.710938 148.925781
56.152344 146.484375
58.59375 144.042969
61.035156 144.042969
63.476563 141.601563
65.917969 141.601563
68.359375 139.160156
70.800781 139.160156
73.242188 136.71875
75.683594 136.71875
78.125 134.277344
80.566406 134.277344
83.007813 131.835938
85.449219 129.394531
87.890625 129.394531
90.332031 126.953125
90.332031 124.511719
92.773438 122.070313
92.773438 119.628906
92.773438 117.1875
92.773438 114.746094
95.214844 112.304688
97.65625 109.863281
97.65625 107.421875
97.65625 104.980469
97.65625 102.539063
97.65625 100.097656
95.214844 97.65625
95.214844 95.214844
95.214844 92.773438
92.773438 90.332031
92.773438 87.890625
92.773438 85.449219
90.332031 83.007813
90.332031 80.566406
90.332031 78.125
87.890625 75.683594
87.890625 73.242188
87.890625 70.800781
90.332031 68.359375
90.332031 65.917969
90.332031 63.476563
90.332031 61.035156
90.332031 58.59375
87.890625 56.152344
85.449219 53.710938
83.007813 53.710938
80.566406 51.269531
78.125 48.828125
75.683594 46.386719
73.242188 46.386719
70.800781 46.386719
68.359375 43.945313
65.917969 43.945313
63.476563 43.945313
61.035156 43.945313
58.59375 43.945313
56.152344 43.945313
53.710938 46.386719
51.269531 46.386719
48.828125 46.386719
46.386719 46.386719
43.945313 48.828125
41.503906 51.269531
39.0625 53.710938
36.621094 56.152344
34.179688 56.152344
31.738281 53.710938
29.296875 53.710938
26.855469 53.710938
24.414063 51.269531
21.972656 48.828125
21.972656 46.386719
19.53125 43.945313
17.089844 41.503906
14.648438 39.0625
14.648438 36.621094
12.207031 34.179688
12.207031 31.738281
9.765625 29.296875
9.765625 26.855469
9.765625 24.414063
9.765625 21.972656
9.765625 19.53125
9.765625 17.089844
12.207031 14.648438
14.648438 12.207031
17.089844 9.765625
21.972656 4.882813
19.53125 7.324219
