236.816406 85.449219
236.816406 83.007813
236.816406 80.566406
236.816406 78.125
234.375 75.683594
231.933594 73.242188
229.492188 70.800781
227.050781 68.359375
224.609375 65.917969
222.167969 63.476563
219.726563 61.035156
217.285156 58.59375
214.84375 56.152344
212.402344 53.710938
209.960938 51.269531
207.519531 48.828125
205.078125 48.828125
202.636719 48.828125
200.195313 46.386719
197.753906 46.386719
195.3125 46.386719
192.871094 43.945313
190.429688 41.503906
187.988281 39.0625
185.546875 39.0625
183.105469 36.621094
180.664063 36.621094
178.222656 34.179688
175.78125 34.179688
173.339844 34.179688
170.898438 31.738281
168.457031 31.738281
166.015625 31.738281
163.574219 31.738281
161.132813 31.738281
158.691406 29.296875
156.25 29.296875
153.808594 26.855469
151.367188 26.855469
148.925781 26.855469
146.484375 24.414063
144.042969 24.414063
141.601563 24.414063
139.160156 21.972656
136.71875 21.972656
134.277344 21.972656
131.835938 19.53125
129.394531 19.53125
126.953125 19.53125
124.511719 19.53125
122.070313 17.089844
119.628906 17.089844
117.1875 17.089844
114.746094 17.089844
112.304688 17.089844
109.863281 17.089844
107.421875 17.089844
104.980469 19.53125
102.539063 19.53125
100.097656 19.53125
97.65625 19.53125
95.214844 19.53125
92.773438 17.089844
90.332031 17.089844
87.890625 17.089844
85.449219 17.089844
83.007813 17.089844
80.566406 17.089844
78.125 14.648438
75.683594 14.648438
73.242188 14.648438
70.800781 14.648438
68.359375 14.648438
65.917969 14.648438
63.476563 14.648438
61.035156 14.648438
58.59375 14.648438
56.152344 14.648438
53.710938 14.648438
51.269531 14.648438
48.828125 14.648438
46.386719 14.648438
43.945313 14.648438
41.503906 14.648438
39.0625 14.648438
36.621094 14.648438
34.179688 14.648438
31.738281 14.648438
29.296875 17.089844
26.855469 17.089844
24.414063 17.089844
21.972656 17.089844
19.53125 17.089844
17.089844 14.648438
14.648438 14.648438
12.207031 17.089844
7.324219 21.972656
9.765625 19.53125
