129.394531 36.621094
129.394531 39.0625
129.394531 41.503906
129.394531 43.945313
129.394531 46.386719
129.394531 48.828125
129.394531 51.269531
129.394531 53.710938
129.394531 56.152344
129.394531 58.59375
131.835938 61.035156
131.835938 63.476563
131.835938 65.917969
129.394531 68.359375
129.394531 70.800781
126.953125 73.242188
126.953125 75.683594
126.953125 78.125
124.511719 80.566406
122.070313 83.007813
119.628906 85.449219
117.1875 87.890625
114.746094 90.332031
112.304688 92.773438
109.863281 95.214844
107.421875 97.65625
104.980469 100.097656
102.539063 102.539063
100.097656 102.539063
97.65625 104.980469
95.214844 107.421875
92.773438 107.421875
90.332031 107.421875
87.890625 107.421875
85.449219 107.421875
83.007813 107.421875
80.566406 107.421875
78.125 107.421875
75.683594 104.980469
73.242188 104.980469
70.800781 104.980469
68.359375 104.980469
65.917969 104.980469
63.476563 102.539063
61.035156 102.539063
58.59375 102.539063
56.152344 100.097656
53.710938 100.097656
51.269531 97.65625
48.828125 95.214844
46.386719 95.214844
43.945313 92.773438
41.503906 90.332031
41.503906 87.890625
39.0625 85.449219
39.0625 83.007813
36.621094 80.566406
36.621094 78.125
34.179688 75.683594
34.179688 73.242188
34.179688 70.800781
36.621094 68.359375
36.621094 65.917969
36.621094 63.476563
39.0625 61.035156
39.0625 58.59375
39.0625 56.152344
41.503906 53.710938
43.945313 51.269531
46.386719 48.828125
48.828125 46.386719
51.269531 43.945313
53.710938 41.503906
56.152344 39.0625
56.152344 36.621094
53.710938 34.179688
53.710938 31.738281
51.269531 29.296875
51.269531 26.855469
48.828125 24.414063
46.386719 21.972656
43.945313 19.53125
41.503906 19.53125
39.0625 17.089844
36.621094 14.648438
34.179688 12.207031
31.738281 12.207031
29.296875 12.207031
26.855469 9.765625
24.414063 9.765625
21.972656 12.207031
19.53125 12.207031
17.089844 14.648438
14.648438 17.089844
12.207031 19.53125
12.207031 21.972656
12.207031 24.414063
14.648438 26.855469
14.648438 29.296875
17.089844 31.738281
19.53125 31.738281
24.414063 31.738281
21.972656 31.738281
