119.628906 224.609375
117.1875 222.167969
114.746094 219.726563
112.304688 217.285156
109.863281 214.84375
107.421875 212.402344
104.980469 209.960938
104.980469 207.519531
102.539063 205.078125
102.539063 202.636719
100.097656 200.195313
97.65625 197.753906
97.65625 195.3125
95.214844 192.871094
92.773438 190.429688
92.773438 187.988281
90.332031 185.546875
87.890625 183.105469
87.890625 180.664063
85.449219 178.222656
85.449219 175.78125
85.449219 173.339844
83.007813 170.898438
80.566406 168.457031
80.566406 166.015625
78.125 163.574219
78.125 161.132813
75.683594 158.691406
75.683594 156.25
73.242188 153.808594
73.242188 151.367188
73.242188 148.925781
70.800781 146.484375
70.800781 144.042969
70.800781 141.601563
68.359375 139.160156
68.359375 136.71875
65.917969 134.277344
65.917969 131.835938
65.917969 129.394531
63.476563 126.953125
63.476563 124.511719
61.035156 122.070313
61.035156 119.628906
58.59375 117.1875
56.152344 114.746094
56.152344 112.304688
53.710938 109.863281
51.269531 107.421875
51.269531 104.980469
48.828125 102.539063
48.828125 100.097656
46.386719 97.65625
46.386719 95.214844
43.945313 92.773438
43.945313 90.332031
41.503906 87.890625
41.503906 85.449219
41.503906 83.007813
39.0625 80.566406
39.0625 78.125
39.0625 75.683594
36.621094 73.242188
36.621094 70.800781
36.621094 68.359375
34.179688 65.917969
34.179688 63.476563
34.179688 61.035156
31.738281 58.59375
31.738281 56.152344
31.738281 53.710938
29.296875 51.269531
29.296875 48.828125
29.296875 46.386719
26.855469 43.945313
26.855469 41.503906
24.414063 39.0625
24.414063 36.621094
21.972656 34.179688
21.972656 31.738281
21.972656 29.296875
19.53125 26.855469
19.53125 24.414063
17.089844 21.972656
17.089844 19.53125
14.648438 17.089844
14.648438 14.648438
12.207031 12.207031
4.882813 4.882813
7.324219 7.324219
9.765625 9.765625
