41.503906 126.953125
41.503906 124.511719
41.503906 122.070313
41.503906 119.628906
41.503906 117.1875
39.0625 114.746094
39.0625 112.304688
39.0625 109.863281
36.621094 107.421875
34.179688 104.980469
34.179688 102.539063
31.738281 100.097656
31.738281 97.65625
31.738281 95.214844
31.738281 92.773438
29.296875 90.332031
29.296875 87.890625
29.296875 85.449219
29.296875 83.007813
29.296875 80.566406
29.296875 78.125
29.296875 75.683594
29.296875 73.242188
29.296875 70.800781
29.296875 68.359375
29.296875 65.917969
26.855469 63.476563
26.855469 61.035156
24.414063 58.59375
24.414063 56.152344
24.414063 53.710938
21.972656 51.269531
21.972656 48.828125
19.53125 46.386719
19.53125 43.945313
19.53125 41.503906
17.089844 39.0625
17.089844 36.621094
17.089844 34.179688
17.089844 31.738281
17.089844 29.296875
14.648438 26.855469
14.648438 24.414063
14.648438 21.972656
14.648438 19.53125
12.207031 17.089844
12.207031 14.648438
9.765625 12.207031
9.765625 9.765625
9.765625 7.324219
