2.441406 36.621094
4.882813 36.621094
7.324219 36.621094
9.765625 36.621094
12.207031 36.621094
14.648438 36.621094
17.089844 34.179688
19.53125 34.179688
21.972656 34.179688
24.414063 34.179688
26.855469 34.179688
29.296875 31.738281
31.738281 31.738281
34.179688 31.738281
36.621094 31.738281
39.0625 31.738281
41.503906 31.738281
43.945313 31.738281
46.386719 29.296875
48.828125 29.296875
51.269531 29.296875
53.710938 29.296875
56.152344 29.296875
58.59375 29.296875
61.035156 29.296875
63.476563 29.296875
65.917969 29.296875
68.359375 29.296875
70.800781 29.296875
73.242188 29.296875
75.683594 29.296875
78.125 29.296875
80.566406 29.296875
83.007813 29.296875
85.449219 29.296875
87.890625 29.296875
90.332031 29.296875
92.773438 29.296875
95.214844 29.296875
97.65625 29.296875
100.097656 29.296875
102.539063 29.296875
104.980469 26.855469
107.421875 26.855469
109.863281 24.414063
112.304688 21.972656
114.746094 21.972656
117.1875 19.53125
119.628906 19.53125
122.070313 17.089844
124.511719 14.648438
124.511719 12.207031
124.511719 2.441406
124.511719 4.882813
124.511719 7.324219
124.511719 9.765625
