7.324219 48.828125
7.324219 46.386719
7.324219 43.945313
7.324219 41.503906
9.765625 39.0625
9.765625 36.621094
12.207031 34.179688
12.207031 31.738281
14.648438 29.296875
14.648438 26.855469
17.089844 24.414063
19.53125 21.972656
21.972656 19.53125
24.414063 19.53125
26.855469 19.53125
29.296875 17.089844
31.738281 17.089844
34.179688 19.53125
36.621094 17.089844
39.0625 17.089844
41.503906 19.53125
43.945313 21.972656
46.386719 24.414063
48.828125 26.855469
48.828125 29.296875
48.828125 31.738281
48.828125 36.621094
48.828125 34.179688
