12.207031 124.511719
12.207031 122.070313
12.207031 119.628906
12.207031 117.1875
12.207031 114.746094
12.207031 112.304688
12.207031 109.863281
12.207031 107.421875
12.207031 104.980469
12.207031 102.539063
12.207031 100.097656
12.207031 97.65625
14.648438 95.214844
14.648438 92.773438
14.648438 90.332031
14.648438 87.890625
14.648438 85.449219
17.089844 83.007813
17.089844 80.566406
17.089844 78.125
17.089844 75.683594
17.089844 73.242188
17.089844 70.800781
19.53125 68.359375
19.53125 65.917969
19.53125 63.476563
19.53125 61.035156
21.972656 58.59375
21.972656 56.152344
21.972656 53.710938
24.414063 51.269531
24.414063 48.828125
24.414063 46.386719
24.414063 43.945313
26.855469 41.503906
26.855469 39.0625
24.414063 36.621094
24.414063 34.179688
24.414063 31.738281
21.972656 29.296875
21.972656 26.855469
21.972656 24.414063
19.53125 21.972656
19.53125 19.53125
19.53125 17.089844
19.53125 14.648438
19.53125 12.207031
19.53125 9.765625
19.53125 2.441406
19.53125 4.882813
19.53125 7.324219
