14.648438 70.800781
14.648438 68.359375
14.648438 65.917969
14.648438 63.476563
14.648438 61.035156
14.648438 58.59375
17.089844 56.152344
17.089844 53.710938
19.53125 51.269531
19.53125 48.828125
19.53125 46.386719
21.972656 43.945313
21.972656 41.503906
21.972656 39.0625
21.972656 36.621094
24.414063 34.179688
24.414063 31.738281
24.414063 29.296875
24.414063 26.855469
26.855469 24.414063
26.855469 21.972656
26.855469 19.53125
26.855469 2.441406
26.855469 4.882813
26.855469 7.324219
26.855469 9.765625
26.855469 12.207031
26.855469 14.648438
26.855469 17.089844
