100.097656 163.574219
102.539063 161.132813
104.980469 158.691406
107.421875 158.691406
109.863281 156.25
112.304688 153.808594
114.746094 151.367188
117.1875 148.925781
119.628906 146.484375
122.070313 144.042969
122.070313 141.601563
122.070313 139.160156
122.070313 136.71875
122.070313 134.277344
122.070313 131.835938
122.070313 129.394531
119.628906 126.953125
117.1875 124.511719
114.746094 122.070313
112.304688 119.628906
109.863281 117.1875
107.421875 114.746094
104.980469 112.304688
102.539063 109.863281
102.539063 107.421875
102.539063 104.980469
102.539063 102.539063
100.097656 100.097656
100.097656 97.65625
97.65625 95.214844
95.214844 92.773438
95.214844 90.332031
92.773438 87.890625
90.332031 85.449219
90.332031 83.007813
87.890625 80.566406
85.449219 78.125
85.449219 75.683594
83.007813 73.242188
83.007813 70.800781
80.566406 68.359375
80.566406 65.917969
78.125 63.476563
78.125 61.035156
78.125 58.59375
75.683594 56.152344
75.683594 53.710938
75.683594 51.269531
75.683594 48.828125
75.683594 46.386719
73.242188 43.945313
73.242188 41.503906
73.242188 39.0625
70.800781 36.621094
70.800781 34.179688
70.800781 31.738281
70.800781 29.296875
70.800781 26.855469
70.800781 24.414063
68.359375 21.972656
68.359375 19.53125
65.917969 17.089844
63.476563 14.648438
61.035156 12.207031
58.59375 12.207031
56.152344 9.765625
53.710938 9.765625
51.269531 9.765625
48.828125 12.207031
46.386719 12.207031
43.945313 14.648438
41.503906 17.089844
39.0625 19.53125
36.621094 21.972656
34.179688 24.414063
31.738281 26.855469
29.296875 26.855469
26.855469 29.296875
24.414063 31.738281
21.972656 31.738281
19.53125 34.179688
17.089844 36.621094
14.648438 39.0625
14.648438 41.503906
12.207031 43.945313
12.207031 46.386719
12.207031 48.828125
12.207031 51.269531
12.207031 53.710938
12.207031 56.152344
12.207031 58.59375
9.765625 61.035156
9.765625 63.476563
9.765625 65.917969
9.765625 68.359375
9.765625 75.683594
9.765625 73.242188
9.765625 70.800781
