4.882813 26.855469
7.324219 24.414063
9.765625 21.972656
12.207031 19.53125
14.648438 19.53125
17.089844 19.53125
19.53125 19.53125
21.972656 17.089844
24.414063 17.089844
26.855469 17.089844
29.296875 17.089844
31.738281 17.089844
34.179688 17.089844
36.621094 17.089844
39.0625 17.089844
41.503906 17.089844
43.945313 17.089844
46.386719 17.089844
48.828125 17.089844
51.269531 17.089844
53.710938 17.089844
56.152344 14.648438
58.59375 14.648438
61.035156 14.648438
63.476563 14.648438
65.917969 14.648438
68.359375 12.207031
70.800781 12.207031
73.242188 12.207031
75.683594 12.207031
78.125 12.207031
80.566406 9.765625
83.007813 9.765625
85.449219 9.765625
87.890625 9.765625
90.332031 9.765625
92.773438 9.765625
95.214844 9.765625
97.65625 9.765625
102.539063 9.765625
100.097656 9.765625
