21.972656 95.214844
21.972656 92.773438
21.972656 90.332031
21.972656 87.890625
21.972656 85.449219
21.972656 83.007813
21.972656 80.566406
21.972656 78.125
21.972656 75.683594
21.972656 73.242188
24.414063 70.800781
26.855469 68.359375
29.296875 68.359375
31.738281 65.917969
34.179688 63.476563
34.179688 61.035156
36.621094 58.59375
39.0625 56.152344
41.503906 53.710938
41.503906 51.269531
43.945313 48.828125
46.386719 46.386719
46.386719 43.945313
48.828125 41.503906
48.828125 39.0625
51.269531 36.621094
51.269531 34.179688
51.269531 31.738281
53.710938 29.296875
56.152344 26.855469
56.152344 24.414063
58.59375 21.972656
58.59375 19.53125
58.59375 17.089844
61.035156 14.648438
61.035156 12.207031
61.035156 2.441406
61.035156 4.882813
61.035156 7.324219
61.035156 9.765625
