158.691406 83.007813
156.25 83.007813
153.808594 83.007813
151.367188 83.007813
148.925781 83.007813
146.484375 80.566406
144.042969 80.566406
141.601563 80.566406
139.160156 78.125
136.71875 78.125
134.277344 75.683594
131.835938 73.242188
129.394531 73.242188
126.953125 70.800781
124.511719 70.800781
122.070313 68.359375
119.628906 68.359375
117.1875 65.917969
114.746094 65.917969
112.304688 63.476563
109.863281 61.035156
107.421875 61.035156
104.980469 58.59375
102.539063 56.152344
100.097656 53.710938
97.65625 51.269531
95.214844 51.269531
92.773438 48.828125
90.332031 46.386719
87.890625 43.945313
85.449219 43.945313
83.007813 41.503906
80.566406 39.0625
78.125 39.0625
75.683594 36.621094
73.242188 34.179688
70.800781 34.179688
68.359375 34.179688
65.917969 31.738281
63.476563 31.738281
61.035156 29.296875
58.59375 29.296875
56.152344 26.855469
53.710938 26.855469
51.269531 26.855469
48.828125 24.414063
46.386719 24.414063
43.945313 21.972656
41.503906 21.972656
39.0625 21.972656
36.621094 19.53125
34.179688 19.53125
31.738281 17.089844
29.296875 17.089844
26.855469 14.648438
24.414063 14.648438
21.972656 12.207031
19.53125 12.207031
17.089844 12.207031
14.648438 12.207031
2.441406 12.207031
4.882813 12.207031
7.324219 12.207031
9.765625 12.207031
12.207031 12.207031
