4.882813 80.566406
4.882813 78.125
4.882813 75.683594
7.324219 73.242188
9.765625 70.800781
9.765625 68.359375
9.765625 65.917969
9.765625 63.476563
9.765625 61.035156
12.207031 58.59375
12.207031 56.152344
12.207031 53.710938
14.648438 51.269531
14.648438 48.828125
14.648438 46.386719
17.089844 43.945313
17.089844 41.503906
19.53125 39.0625
19.53125 36.621094
21.972656 34.179688
21.972656 31.738281
21.972656 29.296875
21.972656 26.855469
24.414063 24.414063
24.414063 21.972656
24.414063 19.53125
24.414063 17.089844
26.855469 14.648438
26.855469 12.207031
26.855469 9.765625
26.855469 2.441406
26.855469 4.882813
26.855469 7.324219
