97.65625 26.855469
97.65625 29.296875
97.65625 31.738281
97.65625 34.179688
95.214844 36.621094
92.773438 36.621094
90.332031 39.0625
87.890625 41.503906
85.449219 43.945313
83.007813 46.386719
80.566406 48.828125
78.125 51.269531
75.683594 53.710938
73.242188 56.152344
70.800781 58.59375
68.359375 61.035156
65.917969 63.476563
63.476563 63.476563
61.035156 61.035156
58.59375 61.035156
56.152344 58.59375
53.710938 56.152344
51.269531 53.710938
48.828125 51.269531
46.386719 48.828125
43.945313 46.386719
41.503906 43.945313
39.0625 41.503906
36.621094 39.0625
34.179688 36.621094
31.738281 34.179688
29.296875 31.738281
29.296875 29.296875
26.855469 26.855469
24.414063 24.414063
21.972656 21.972656
21.972656 19.53125
19.53125 17.089844
17.089844 17.089844
14.648438 14.648438
12.207031 14.648438
2.441406 14.648438
4.882813 14.648438
7.324219 14.648438
9.765625 14.648438
