112.304688 187.988281
109.863281 187.988281
107.421875 187.988281
104.980469 187.988281
102.539063 187.988281
100.097656 185.546875
97.65625 185.546875
95.214844 185.546875
92.773438 183.105469
90.332031 183.105469
87.890625 183.105469
85.449219 180.664063
83.007813 180.664063
80.566406 178.222656
78.125 178.222656
75.683594 175.78125
73.242188 175.78125
70.800781 173.339844
68.359375 173.339844
65.917969 173.339844
63.476563 173.339844
61.035156 170.898438
58.59375 170.898438
56.152344 170.898438
53.710938 170.898438
51.269531 168.457031
48.828125 168.457031
46.386719 166.015625
43.945313 163.574219
41.503906 161.132813
39.0625 158.691406
36.621094 156.25
34.179688 153.808594
31.738281 151.367188
29.296875 148.925781
29.296875 146.484375
26.855469 144.042969
24.414063 141.601563
24.414063 139.160156
24.414063 136.71875
24.414063 134.277344
24.414063 131.835938
26.855469 129.394531
29.296875 126.953125
31.738281 126.953125
34.179688 124.511719
36.621094 124.511719
39.0625 122.070313
41.503906 122.070313
43.945313 119.628906
46.386719 119.628906
48.828125 117.1875
48.828125 114.746094
51.269531 112.304688
51.269531 109.863281
51.269531 107.421875
51.269531 104.980469
51.269531 102.539063
51.269531 100.097656
48.828125 97.65625
48.828125 95.214844
48.828125 92.773438
51.269531 90.332031
51.269531 87.890625
51.269531 85.449219
51.269531 83.007813
48.828125 80.566406
48.828125 78.125
48.828125 75.683594
51.269531 73.242188
53.710938 70.800781
56.152344 68.359375
58.59375 65.917969
61.035156 63.476563
63.476563 61.035156
63.476563 58.59375
63.476563 56.152344
63.476563 53.710938
61.035156 51.269531
61.035156 48.828125
58.59375 46.386719
56.152344 43.945313
53.710938 41.503906
51.269531 39.0625
48.828125 39.0625
46.386719 36.621094
43.945313 36.621094
41.503906 34.179688
39.0625 31.738281
36.621094 29.296875
34.179688 29.296875
31.738281 26.855469
29.296875 24.414063
26.855469 21.972656
24.414063 19.53125
21.972656 17.089844
19.53125 14.648438
17.089844 14.648438
14.648438 12.207031
12.207031 9.765625
9.765625 9.765625
2.441406 9.765625
4.882813 9.765625
7.324219 9.765625
