146.484375 285.644531
146.484375 283.203125
146.484375 280.761719
146.484375 278.320313
146.484375 275.878906
146.484375 273.4375
146.484375 270.996094
148.925781 268.554688
148.925781 266.113281
151.367188 263.671875
151.367188 261.230469
153.808594 258.789063
153.808594 256.347656
156.25 253.90625
156.25 251.464844
158.691406 249.023438
158.691406 246.582031
156.25 244.140625
153.808594 241.699219
151.367188 239.257813
151.367188 236.816406
148.925781 234.375
146.484375 231.933594
144.042969 229.492188
146.484375 227.050781
148.925781 224.609375
148.925781 222.167969
151.367188 219.726563
151.367188 217.285156
151.367188 214.84375
151.367188 212.402344
151.367188 209.960938
148.925781 207.519531
146.484375 205.078125
146.484375 202.636719
144.042969 200.195313
144.042969 197.753906
141.601563 195.3125
139.160156 195.3125
136.71875 192.871094
134.277344 192.871094
131.835938 192.871094
129.394531 192.871094
126.953125 190.429688
124.511719 190.429688
122.070313 190.429688
119.628906 187.988281
117.1875 187.988281
114.746094 185.546875
112.304688 185.546875
109.863281 183.105469
107.421875 183.105469
104.980469 183.105469
102.539063 183.105469
100.097656 180.664063
97.65625 180.664063
95.214844 180.664063
92.773438 180.664063
90.332031 180.664063
87.890625 180.664063
85.449219 178.222656
83.007813 178.222656
80.566406 178.222656
78.125 178.222656
75.683594 178.222656
73.242188 178.222656
70.800781 178.222656
68.359375 178.222656
65.917969 178.222656
63.476563 178.222656
61.035156 178.222656
58.59375 178.222656
56.152344 178.222656
53.710938 178.222656
51.269531 178.222656
48.828125 178.222656
46.386719 178.222656
43.945313 175.78125
41.503906 175.78125
39.0625 173.339844
36.621094 173.339844
34.179688 170.898438
31.738281 168.457031
29.296875 166.015625
26.855469 166.015625
24.414063 163.574219
21.972656 161.132813
19.53125 158.691406
17.089844 156.25
14.648438 153.808594
14.648438 151.367188
12.207031 148.925781
9.765625 146.484375
9.765625 144.042969
9.765625 141.601563
9.765625 139.160156
9.765625 136.71875
12.207031 134.277344
14.648438 131.835938
14.648438 129.394531
17.089844 126.953125
19.53125 124.511719
21.972656 122.070313
21.972656 119.628906
24.414063 117.1875
26.855469 117.1875
29.296875 117.1875
31.738281 117.1875
34.179688 117.1875
36.621094 117.1875
39.0625 117.1875
41.503906 119.628906
43.945313 119.628906
46.386719 119.628906
48.828125 122.070313
51.269531 122.070313
53.710938 122.070313
56.152344 124.511719
58.59375 122.070313
58.59375 119.628906
61.035156 117.1875
63.476563 114.746094
65.917969 112.304688
68.359375 109.863281
70.800781 107.421875
73.242188 104.980469
75.683594 102.539063
78.125 102.539063
80.566406 100.097656
83.007813 97.65625
85.449219 97.65625
87.890625 95.214844
90.332031 95.214844
92.773438 92.773438
95.214844 90.332031
97.65625 87.890625
100.097656 85.449219
102.539063 83.007813
102.539063 80.566406
102.539063 78.125
102.539063 75.683594
102.539063 73.242188
104.980469 70.800781
104.980469 68.359375
104.980469 65.917969
107.421875 63.476563
107.421875 61.035156
107.421875 58.59375
109.863281 56.152344
109.863281 53.710938
109.863281 51.269531
109.863281 48.828125
107.421875 46.386719
104.980469 43.945313
104.980469 41.503906
102.539063 39.0625
100.097656 36.621094
97.65625 34.179688
95.214844 31.738281
92.773438 29.296875
92.773438 26.855469
90.332031 24.414063
90.332031 21.972656
87.890625 19.53125
87.890625 17.089844
87.890625 14.648438
87.890625 12.207031
87.890625 9.765625
87.890625 7.324219
87.890625 2.441406
87.890625 4.882813
