9.765625 39.0625
12.207031 39.0625
14.648438 36.621094
17.089844 36.621094
19.53125 36.621094
21.972656 34.179688
24.414063 34.179688
26.855469 34.179688
29.296875 31.738281
31.738281 31.738281
34.179688 31.738281
36.621094 29.296875
39.0625 29.296875
41.503906 29.296875
43.945313 29.296875
46.386719 26.855469
48.828125 26.855469
51.269531 26.855469
53.710938 26.855469
56.152344 26.855469
58.59375 26.855469
61.035156 24.414063
63.476563 24.414063
65.917969 24.414063
68.359375 24.414063
70.800781 21.972656
73.242188 21.972656
75.683594 21.972656
78.125 19.53125
80.566406 19.53125
83.007813 17.089844
85.449219 14.648438
87.890625 14.648438
90.332031 12.207031
92.773438 12.207031
95.214844 12.207031
97.65625 9.765625
