26.855469 75.683594
26.855469 73.242188
26.855469 70.800781
26.855469 68.359375
26.855469 65.917969
29.296875 63.476563
29.296875 61.035156
29.296875 58.59375
29.296875 56.152344
31.738281 53.710938
34.179688 51.269531
34.179688 48.828125
36.621094 46.386719
36.621094 43.945313
39.0625 41.503906
39.0625 39.0625
36.621094 36.621094
34.179688 34.179688
31.738281 31.738281
29.296875 29.296875
26.855469 26.855469
24.414063 24.414063
21.972656 24.414063
19.53125 24.414063
17.089844 24.414063
14.648438 21.972656
12.207031 21.972656
9.765625 24.414063
9.765625 26.855469
9.765625 34.179688
9.765625 31.738281
9.765625 29.296875
