53.710938 358.886719
53.710938 356.445313
53.710938 354.003906
53.710938 351.5625
53.710938 349.121094
53.710938 346.679688
51.269531 344.238281
48.828125 341.796875
46.386719 339.355469
46.386719 336.914063
43.945313 334.472656
43.945313 332.03125
41.503906 329.589844
41.503906 327.148438
39.0625 324.707031
39.0625 322.265625
36.621094 319.824219
36.621094 317.382813
34.179688 314.941406
34.179688 312.5
31.738281 310.058594
29.296875 307.617188
29.296875 305.175781
29.296875 302.734375
26.855469 300.292969
24.414063 297.851563
24.414063 295.410156
21.972656 292.96875
21.972656 290.527344
21.972656 288.085938
21.972656 285.644531
21.972656 283.203125
19.53125 280.761719
19.53125 278.320313
19.53125 275.878906
19.53125 273.4375
17.089844 270.996094
17.089844 268.554688
17.089844 266.113281
17.089844 263.671875
17.089844 261.230469
14.648438 258.789063
14.648438 256.347656
14.648438 253.90625
14.648438 251.464844
14.648438 249.023438
12.207031 246.582031
12.207031 244.140625
12.207031 241.699219
12.207031 239.257813
12.207031 236.816406
12.207031 234.375
12.207031 231.933594
12.207031 229.492188
12.207031 227.050781
12.207031 224.609375
12.207031 222.167969
12.207031 219.726563
12.207031 217.285156
12.207031 214.84375
12.207031 212.402344
12.207031 209.960938
12.207031 207.519531
12.207031 205.078125
12.207031 202.636719
14.648438 200.195313
14.648438 197.753906
14.648438 195.3125
17.089844 192.871094
17.089844 190.429688
19.53125 187.988281
19.53125 185.546875
19.53125 183.105469
21.972656 180.664063
24.414063 178.222656
24.414063 175.78125
26.855469 173.339844
29.296875 170.898438
29.296875 168.457031
31.738281 166.015625
31.738281 163.574219
34.179688 161.132813
34.179688 158.691406
34.179688 156.25
34.179688 153.808594
34.179688 151.367188
34.179688 148.925781
36.621094 146.484375
36.621094 144.042969
36.621094 141.601563
36.621094 139.160156
39.0625 136.71875
39.0625 134.277344
39.0625 131.835938
41.503906 129.394531
41.503906 126.953125
41.503906 124.511719
43.945313 122.070313
43.945313 119.628906
43.945313 117.1875
46.386719 114.746094
46.386719 112.304688
46.386719 109.863281
48.828125 107.421875
48.828125 104.980469
48.828125 102.539063
51.269531 100.097656
51.269531 97.65625
51.269531 95.214844
53.710938 92.773438
53.710938 90.332031
53.710938 87.890625
56.152344 85.449219
56.152344 83.007813
56.152344 80.566406
58.59375 78.125
58.59375 75.683594
61.035156 73.242188
61.035156 70.800781
63.476563 68.359375
65.917969 65.917969
65.917969 63.476563
68.359375 61.035156
68.359375 58.59375
70.800781 56.152344
73.242188 53.710938
73.242188 51.269531
75.683594 48.828125
78.125 46.386719
78.125 43.945313
80.566406 41.503906
80.566406 39.0625
83.007813 36.621094
83.007813 34.179688
85.449219 31.738281
85.449219 29.296875
87.890625 26.855469
90.332031 24.414063
90.332031 21.972656
92.773438 19.53125
95.214844 17.089844
97.65625 14.648438
107.421875 4.882813
104.980469 7.324219
102.539063 9.765625
100.097656 12.207031
