48.828125 65.917969
46.386719 65.917969
43.945313 63.476563
41.503906 61.035156
39.0625 58.59375
36.621094 56.152344
36.621094 53.710938
34.179688 51.269531
34.179688 48.828125
34.179688 46.386719
34.179688 43.945313
34.179688 41.503906
34.179688 39.0625
34.179688 36.621094
34.179688 34.179688
36.621094 31.738281
36.621094 29.296875
36.621094 26.855469
39.0625 24.414063
41.503906 21.972656
43.945313 19.53125
46.386719 17.089844
48.828125 17.089844
51.269531 14.648438
53.710938 12.207031
56.152344 12.207031
58.59375 9.765625
61.035156 9.765625
63.476563 9.765625
65.917969 9.765625
68.359375 9.765625
70.800781 9.765625
75.683594 9.765625
73.242188 9.765625
