9.765625 354.003906
9.765625 351.5625
12.207031 349.121094
9.765625 346.679688
9.765625 344.238281
9.765625 341.796875
12.207031 339.355469
12.207031 336.914063
12.207031 334.472656
12.207031 332.03125
12.207031 329.589844
12.207031 327.148438
12.207031 324.707031
12.207031 322.265625
12.207031 319.824219
12.207031 317.382813
12.207031 314.941406
12.207031 312.5
12.207031 310.058594
12.207031 307.617188
12.207031 305.175781
12.207031 302.734375
14.648438 300.292969
14.648438 297.851563
14.648438 295.410156
14.648438 292.96875
17.089844 290.527344
17.089844 288.085938
17.089844 285.644531
17.089844 283.203125
19.53125 280.761719
19.53125 278.320313
19.53125 275.878906
19.53125 273.4375
19.53125 270.996094
19.53125 268.554688
21.972656 266.113281
21.972656 263.671875
21.972656 261.230469
21.972656 258.789063
21.972656 256.347656
21.972656 253.90625
21.972656 251.464844
21.972656 249.023438
24.414063 246.582031
24.414063 244.140625
24.414063 241.699219
24.414063 239.257813
24.414063 236.816406
24.414063 234.375
24.414063 231.933594
24.414063 229.492188
26.855469 227.050781
26.855469 224.609375
26.855469 222.167969
26.855469 219.726563
26.855469 217.285156
29.296875 214.84375
29.296875 212.402344
29.296875 209.960938
29.296875 207.519531
31.738281 205.078125
31.738281 202.636719
31.738281 200.195313
34.179688 197.753906
34.179688 195.3125
34.179688 192.871094
36.621094 190.429688
36.621094 187.988281
36.621094 185.546875
39.0625 183.105469
39.0625 180.664063
41.503906 178.222656
41.503906 175.78125
41.503906 173.339844
43.945313 170.898438
43.945313 168.457031
43.945313 166.015625
46.386719 163.574219
46.386719 161.132813
48.828125 158.691406
48.828125 156.25
48.828125 153.808594
48.828125 151.367188
51.269531 148.925781
51.269531 146.484375
51.269531 144.042969
51.269531 141.601563
53.710938 139.160156
53.710938 136.71875
53.710938 134.277344
56.152344 131.835938
56.152344 129.394531
58.59375 126.953125
58.59375 124.511719
58.59375 122.070313
58.59375 119.628906
61.035156 117.1875
61.035156 114.746094
61.035156 112.304688
63.476563 109.863281
63.476563 107.421875
65.917969 104.980469
65.917969 102.539063
68.359375 100.097656
68.359375 97.65625
70.800781 95.214844
70.800781 92.773438
73.242188 90.332031
73.242188 87.890625
73.242188 85.449219
75.683594 83.007813
78.125 80.566406
78.125 78.125
80.566406 75.683594
80.566406 73.242188
83.007813 70.800781
83.007813 68.359375
83.007813 65.917969
85.449219 63.476563
85.449219 61.035156
87.890625 58.59375
87.890625 56.152344
87.890625 53.710938
90.332031 51.269531
90.332031 48.828125
90.332031 46.386719
90.332031 43.945313
90.332031 41.503906
90.332031 39.0625
90.332031 36.621094
90.332031 34.179688
92.773438 31.738281
92.773438 29.296875
92.773438 26.855469
92.773438 24.414063
92.773438 21.972656
95.214844 19.53125
95.214844 17.089844
95.214844 14.648438
97.65625 12.207031
100.097656 12.207031
102.539063 9.765625
104.980469 7.324219
104.980469 4.882813
