185.546875 141.601563
185.546875 139.160156
183.105469 136.71875
180.664063 136.71875
178.222656 134.277344
175.78125 131.835938
173.339844 131.835938
170.898438 129.394531
168.457031 126.953125
166.015625 124.511719
163.574219 122.070313
161.132813 119.628906
158.691406 117.1875
156.25 114.746094
153.808594 114.746094
151.367188 112.304688
148.925781 109.863281
146.484375 107.421875
144.042969 104.980469
141.601563 104.980469
139.160156 102.539063
136.71875 102.539063
134.277344 100.097656
131.835938 97.65625
129.394531 97.65625
126.953125 95.214844
124.511719 95.214844
122.070313 92.773438
119.628906 90.332031
117.1875 90.332031
114.746094 87.890625
112.304688 85.449219
109.863281 83.007813
107.421875 83.007813
104.980469 80.566406
102.539063 78.125
100.097656 75.683594
97.65625 73.242188
95.214844 73.242188
92.773438 70.800781
90.332031 68.359375
87.890625 65.917969
85.449219 63.476563
83.007813 63.476563
80.566406 61.035156
78.125 58.59375
75.683594 58.59375
73.242188 56.152344
70.800781 53.710938
68.359375 51.269531
65.917969 48.828125
63.476563 48.828125
61.035156 46.386719
58.59375 43.945313
56.152344 41.503906
53.710938 39.0625
51.269531 39.0625
48.828125 36.621094
46.386719 34.179688
43.945313 31.738281
41.503906 29.296875
39.0625 26.855469
36.621094 24.414063
34.179688 21.972656
31.738281 21.972656
29.296875 21.972656
26.855469 19.53125
24.414063 19.53125
21.972656 17.089844
19.53125 17.089844
17.089844 14.648438
14.648438 12.207031
12.207031 12.207031
