58.59375 129.394531
58.59375 126.953125
58.59375 124.511719
58.59375 122.070313
58.59375 119.628906
58.59375 117.1875
58.59375 114.746094
58.59375 112.304688
58.59375 109.863281
58.59375 107.421875
58.59375 104.980469
58.59375 102.539063
58.59375 100.097656
58.59375 97.65625
58.59375 95.214844
58.59375 92.773438
58.59375 90.332031
58.59375 87.890625
58.59375 85.449219
58.59375 83.007813
56.152344 80.566406
56.152344 78.125
56.152344 75.683594
53.710938 73.242188
51.269531 70.800781
51.269531 68.359375
48.828125 65.917969
48.828125 63.476563
46.386719 61.035156
43.945313 58.59375
41.503906 56.152344
39.0625 53.710938
39.0625 51.269531
39.0625 48.828125
36.621094 46.386719
36.621094 43.945313
34.179688 41.503906
31.738281 39.0625
31.738281 36.621094
29.296875 34.179688
26.855469 31.738281
24.414063 29.296875
21.972656 26.855469
19.53125 24.414063
19.53125 21.972656
17.089844 19.53125
14.648438 17.089844
14.648438 14.648438
12.207031 12.207031
12.207031 9.765625
12.207031 2.441406
12.207031 4.882813
12.207031 7.324219
