146.484375 168.457031
146.484375 166.015625
146.484375 163.574219
146.484375 161.132813
144.042969 158.691406
144.042969 156.25
141.601563 153.808594
139.160156 151.367188
136.71875 148.925781
134.277344 146.484375
134.277344 144.042969
131.835938 141.601563
131.835938 139.160156
131.835938 136.71875
131.835938 134.277344
131.835938 131.835938
131.835938 129.394531
129.394531 126.953125
129.394531 124.511719
131.835938 122.070313
131.835938 119.628906
131.835938 117.1875
131.835938 114.746094
131.835938 112.304688
131.835938 109.863281
131.835938 107.421875
131.835938 104.980469
131.835938 102.539063
131.835938 100.097656
131.835938 97.65625
131.835938 95.214844
131.835938 92.773438
131.835938 90.332031
131.835938 87.890625
131.835938 85.449219
131.835938 83.007813
129.394531 80.566406
126.953125 78.125
124.511719 75.683594
122.070313 73.242188
119.628906 75.683594
117.1875 78.125
114.746094 78.125
112.304688 78.125
109.863281 78.125
107.421875 78.125
104.980469 78.125
102.539063 78.125
100.097656 80.566406
97.65625 80.566406
95.214844 80.566406
92.773438 80.566406
90.332031 83.007813
87.890625 85.449219
85.449219 85.449219
83.007813 87.890625
80.566406 90.332031
78.125 90.332031
75.683594 92.773438
73.242188 90.332031
70.800781 90.332031
68.359375 90.332031
65.917969 87.890625
63.476563 87.890625
61.035156 85.449219
58.59375 83.007813
56.152344 80.566406
53.710938 78.125
51.269531 75.683594
48.828125 73.242188
46.386719 70.800781
43.945313 68.359375
41.503906 68.359375
39.0625 65.917969
36.621094 65.917969
34.179688 63.476563
31.738281 63.476563
29.296875 65.917969
26.855469 63.476563
24.414063 61.035156
21.972656 58.59375
19.53125 56.152344
17.089844 53.710938
14.648438 51.269531
14.648438 48.828125
12.207031 46.386719
12.207031 43.945313
9.765625 41.503906
9.765625 39.0625
9.765625 36.621094
9.765625 34.179688
7.324219 31.738281
9.765625 29.296875
12.207031 26.855469
12.207031 24.414063
12.207031 21.972656
14.648438 19.53125
17.089844 17.089844
19.53125 14.648438
21.972656 12.207031
24.414063 12.207031
26.855469 9.765625
29.296875 9.765625
31.738281 9.765625
34.179688 9.765625
36.621094 9.765625
39.0625 12.207031
41.503906 14.648438
