2.441406 34.179688
4.882813 34.179688
7.324219 34.179688
9.765625 34.179688
12.207031 34.179688
14.648438 34.179688
17.089844 34.179688
19.53125 34.179688
21.972656 31.738281
24.414063 31.738281
26.855469 29.296875
29.296875 29.296875
31.738281 29.296875
34.179688 29.296875
36.621094 29.296875
39.0625 26.855469
41.503906 26.855469
43.945313 26.855469
46.386719 24.414063
48.828125 24.414063
51.269531 24.414063
53.710938 21.972656
56.152344 21.972656
58.59375 19.53125
61.035156 19.53125
63.476563 19.53125
65.917969 17.089844
68.359375 17.089844
70.800781 17.089844
73.242188 17.089844
75.683594 14.648438
78.125 14.648438
80.566406 14.648438
83.007813 14.648438
85.449219 14.648438
87.890625 14.648438
90.332031 14.648438
92.773438 14.648438
95.214844 14.648438
97.65625 14.648438
100.097656 14.648438
102.539063 14.648438
104.980469 14.648438
107.421875 14.648438
109.863281 14.648438
112.304688 14.648438
114.746094 17.089844
117.1875 17.089844
126.953125 17.089844
124.511719 17.089844
122.070313 17.089844
119.628906 17.089844
