4.882813 83.007813
7.324219 80.566406
9.765625 78.125
12.207031 75.683594
14.648438 75.683594
17.089844 73.242188
19.53125 73.242188
21.972656 70.800781
24.414063 68.359375
26.855469 68.359375
29.296875 65.917969
31.738281 63.476563
34.179688 61.035156
36.621094 61.035156
39.0625 58.59375
41.503906 56.152344
43.945313 53.710938
46.386719 51.269531
48.828125 48.828125
51.269531 46.386719
53.710938 46.386719
56.152344 43.945313
58.59375 41.503906
61.035156 39.0625
63.476563 36.621094
65.917969 34.179688
68.359375 31.738281
70.800781 29.296875
73.242188 26.855469
75.683594 24.414063
78.125 21.972656
80.566406 19.53125
83.007813 17.089844
83.007813 14.648438
85.449219 12.207031
87.890625 9.765625
90.332031 7.324219
92.773438 4.882813
95.214844 2.441406
