2.441406 21.972656
4.882813 21.972656
7.324219 21.972656
9.765625 21.972656
12.207031 21.972656
14.648438 21.972656
17.089844 21.972656
19.53125 21.972656
21.972656 21.972656
24.414063 21.972656
26.855469 21.972656
29.296875 21.972656
31.738281 21.972656
34.179688 21.972656
36.621094 21.972656
39.0625 21.972656
41.503906 21.972656
43.945313 21.972656
46.386719 21.972656
48.828125 21.972656
51.269531 21.972656
53.710938 21.972656
56.152344 21.972656
58.59375 21.972656
61.035156 21.972656
63.476563 21.972656
65.917969 19.53125
68.359375 19.53125
70.800781 19.53125
73.242188 19.53125
75.683594 19.53125
78.125 19.53125
80.566406 19.53125
83.007813 17.089844
85.449219 17.089844
87.890625 17.089844
90.332031 14.648438
92.773438 14.648438
95.214844 14.648438
97.65625 12.207031
100.097656 12.207031
109.863281 12.207031
107.421875 12.207031
104.980469 12.207031
102.539063 12.207031
