14.648438 112.304688
14.648438 109.863281
14.648438 107.421875
12.207031 104.980469
12.207031 102.539063
12.207031 100.097656
12.207031 97.65625
12.207031 95.214844
12.207031 92.773438
12.207031 90.332031
12.207031 87.890625
12.207031 85.449219
12.207031 83.007813
12.207031 80.566406
12.207031 78.125
12.207031 75.683594
12.207031 73.242188
12.207031 70.800781
12.207031 68.359375
14.648438 65.917969
14.648438 63.476563
14.648438 61.035156
14.648438 58.59375
14.648438 56.152344
14.648438 53.710938
14.648438 51.269531
14.648438 48.828125
12.207031 46.386719
12.207031 43.945313
14.648438 41.503906
14.648438 39.0625
12.207031 36.621094
12.207031 34.179688
12.207031 31.738281
12.207031 29.296875
12.207031 26.855469
12.207031 24.414063
9.765625 21.972656
9.765625 19.53125
9.765625 17.089844
12.207031 14.648438
12.207031 12.207031
12.207031 9.765625
14.648438 7.324219
14.648438 4.882813
14.648438 2.441406
