7.324219 24.414063
7.324219 26.855469
7.324219 29.296875
9.765625 31.738281
12.207031 31.738281
14.648438 31.738281
17.089844 31.738281
19.53125 31.738281
21.972656 29.296875
24.414063 29.296875
26.855469 29.296875
29.296875 29.296875
31.738281 29.296875
34.179688 26.855469
36.621094 29.296875
39.0625 29.296875
41.503906 29.296875
43.945313 29.296875
46.386719 29.296875
48.828125 29.296875
51.269531 31.738281
53.710938 34.179688
56.152344 36.621094
58.59375 36.621094
70.800781 36.621094
68.359375 36.621094
65.917969 36.621094
63.476563 36.621094
61.035156 36.621094
