9.765625 266.113281
9.765625 263.671875
9.765625 261.230469
9.765625 258.789063
9.765625 256.347656
9.765625 253.90625
9.765625 251.464844
9.765625 249.023438
9.765625 246.582031
9.765625 244.140625
9.765625 241.699219
7.324219 239.257813
7.324219 236.816406
9.765625 234.375
9.765625 231.933594
9.765625 229.492188
9.765625 227.050781
9.765625 224.609375
9.765625 222.167969
9.765625 219.726563
9.765625 217.285156
9.765625 214.84375
9.765625 212.402344
9.765625 209.960938
7.324219 207.519531
7.324219 205.078125
7.324219 202.636719
7.324219 200.195313
9.765625 197.753906
9.765625 195.3125
9.765625 192.871094
9.765625 190.429688
9.765625 187.988281
9.765625 185.546875
9.765625 183.105469
9.765625 180.664063
9.765625 178.222656
9.765625 175.78125
9.765625 173.339844
9.765625 170.898438
7.324219 168.457031
7.324219 166.015625
9.765625 163.574219
9.765625 161.132813
9.765625 158.691406
9.765625 156.25
9.765625 153.808594
9.765625 151.367188
7.324219 148.925781
7.324219 146.484375
9.765625 144.042969
9.765625 141.601563
9.765625 139.160156
9.765625 136.71875
9.765625 134.277344
9.765625 131.835938
9.765625 129.394531
9.765625 126.953125
9.765625 124.511719
9.765625 122.070313
9.765625 119.628906
9.765625 117.1875
9.765625 114.746094
9.765625 112.304688
9.765625 109.863281
9.765625 107.421875
9.765625 104.980469
9.765625 102.539063
9.765625 100.097656
9.765625 97.65625
9.765625 95.214844
9.765625 92.773438
9.765625 90.332031
9.765625 87.890625
9.765625 85.449219
9.765625 83.007813
9.765625 80.566406
9.765625 78.125
9.765625 75.683594
9.765625 73.242188
9.765625 70.800781
9.765625 68.359375
9.765625 65.917969
9.765625 63.476563
9.765625 61.035156
9.765625 58.59375
9.765625 56.152344
9.765625 53.710938
9.765625 51.269531
9.765625 48.828125
9.765625 46.386719
9.765625 43.945313
9.765625 41.503906
9.765625 39.0625
9.765625 36.621094
9.765625 34.179688
9.765625 31.738281
9.765625 29.296875
9.765625 26.855469
9.765625 24.414063
9.765625 21.972656
9.765625 19.53125
9.765625 17.089844
9.765625 14.648438
9.765625 12.207031
9.765625 9.765625
9.765625 7.324219
9.765625 4.882813
9.765625 2.441406
