9.765625 92.773438
9.765625 90.332031
9.765625 87.890625
9.765625 85.449219
9.765625 83.007813
9.765625 80.566406
9.765625 78.125
9.765625 75.683594
9.765625 73.242188
9.765625 70.800781
9.765625 68.359375
9.765625 65.917969
7.324219 63.476563
9.765625 61.035156
9.765625 58.59375
9.765625 56.152344
9.765625 53.710938
9.765625 51.269531
9.765625 48.828125
9.765625 46.386719
9.765625 43.945313
9.765625 41.503906
9.765625 39.0625
9.765625 36.621094
9.765625 34.179688
9.765625 31.738281
9.765625 29.296875
9.765625 26.855469
9.765625 24.414063
9.765625 21.972656
9.765625 19.53125
9.765625 17.089844
9.765625 14.648438
9.765625 12.207031
7.324219 9.765625
7.324219 7.324219
9.765625 4.882813
9.765625 2.441406
