80.566406 95.214844
78.125 95.214844
75.683594 92.773438
73.242188 90.332031
70.800781 87.890625
68.359375 85.449219
65.917969 83.007813
63.476563 80.566406
61.035156 78.125
58.59375 75.683594
56.152344 73.242188
53.710938 70.800781
53.710938 68.359375
51.269531 65.917969
48.828125 63.476563
46.386719 61.035156
46.386719 58.59375
43.945313 56.152344
43.945313 53.710938
41.503906 51.269531
41.503906 48.828125
39.0625 46.386719
36.621094 43.945313
34.179688 41.503906
34.179688 39.0625
31.738281 36.621094
29.296875 34.179688
26.855469 31.738281
24.414063 29.296875
21.972656 26.855469
21.972656 24.414063
19.53125 21.972656
19.53125 19.53125
17.089844 17.089844
