36.621094 83.007813
36.621094 80.566406
34.179688 78.125
34.179688 75.683594
34.179688 73.242188
31.738281 70.800781
31.738281 68.359375
29.296875 65.917969
29.296875 63.476563
26.855469 61.035156
26.855469 58.59375
26.855469 56.152344
24.414063 53.710938
21.972656 51.269531
21.972656 48.828125
19.53125 46.386719
19.53125 43.945313
17.089844 41.503906
14.648438 39.0625
14.648438 36.621094
14.648438 34.179688
12.207031 31.738281
12.207031 29.296875
12.207031 26.855469
9.765625 24.414063
9.765625 21.972656
9.765625 19.53125
9.765625 17.089844
9.765625 14.648438
9.765625 12.207031
7.324219 9.765625
7.324219 7.324219
4.882813 4.882813
4.882813 2.441406
