4.882813 58.59375
7.324219 56.152344
9.765625 53.710938
12.207031 51.269531
14.648438 53.710938
17.089844 51.269531
19.53125 53.710938
21.972656 53.710938
24.414063 51.269531
26.855469 48.828125
26.855469 46.386719
29.296875 43.945313
31.738281 41.503906
31.738281 39.0625
34.179688 36.621094
34.179688 34.179688
34.179688 31.738281
36.621094 29.296875
36.621094 26.855469
36.621094 24.414063
36.621094 21.972656
36.621094 19.53125
39.0625 17.089844
41.503906 14.648438
43.945313 12.207031
48.828125 7.324219
46.386719 9.765625
