104.980469 56.152344
102.539063 56.152344
100.097656 56.152344
97.65625 56.152344
95.214844 56.152344
92.773438 56.152344
90.332031 53.710938
90.332031 51.269531
90.332031 48.828125
87.890625 46.386719
85.449219 43.945313
83.007813 41.503906
80.566406 39.0625
80.566406 36.621094
78.125 34.179688
75.683594 36.621094
73.242188 39.0625
70.800781 41.503906
68.359375 43.945313
65.917969 43.945313
63.476563 46.386719
61.035156 46.386719
58.59375 48.828125
56.152344 51.269531
53.710938 51.269531
51.269531 51.269531
48.828125 51.269531
46.386719 51.269531
43.945313 48.828125
41.503906 48.828125
39.0625 46.386719
36.621094 46.386719
34.179688 46.386719
31.738281 43.945313
29.296875 43.945313
26.855469 41.503906
26.855469 39.0625
26.855469 36.621094
26.855469 34.179688
29.296875 31.738281
29.296875 29.296875
29.296875 26.855469
26.855469 24.414063
29.296875 21.972656
29.296875 19.53125
29.296875 17.089844
29.296875 2.441406
29.296875 4.882813
29.296875 7.324219
29.296875 9.765625
29.296875 12.207031
29.296875 14.648438
