7.324219 36.621094
9.765625 34.179688
12.207031 31.738281
14.648438 29.296875
17.089844 29.296875
19.53125 29.296875
21.972656 29.296875
24.414063 29.296875
26.855469 29.296875
29.296875 29.296875
31.738281 26.855469
34.179688 26.855469
36.621094 24.414063
39.0625 24.414063
41.503906 21.972656
43.945313 21.972656
46.386719 21.972656
48.828125 21.972656
51.269531 19.53125
53.710938 19.53125
56.152344 19.53125
58.59375 19.53125
61.035156 21.972656
63.476563 19.53125
65.917969 19.53125
68.359375 19.53125
78.125 19.53125
75.683594 19.53125
73.242188 19.53125
70.800781 19.53125
