7.324219 107.421875
7.324219 104.980469
7.324219 102.539063
7.324219 100.097656
7.324219 97.65625
7.324219 95.214844
9.765625 92.773438
9.765625 90.332031
12.207031 87.890625
12.207031 85.449219
12.207031 83.007813
14.648438 80.566406
14.648438 78.125
14.648438 75.683594
17.089844 73.242188
17.089844 70.800781
19.53125 68.359375
19.53125 65.917969
21.972656 63.476563
21.972656 61.035156
21.972656 58.59375
24.414063 56.152344
24.414063 53.710938
26.855469 51.269531
26.855469 48.828125
26.855469 46.386719
29.296875 43.945313
29.296875 41.503906
29.296875 39.0625
31.738281 36.621094
31.738281 34.179688
31.738281 31.738281
34.179688 29.296875
34.179688 26.855469
34.179688 24.414063
34.179688 21.972656
36.621094 19.53125
36.621094 17.089844
36.621094 14.648438
39.0625 12.207031
46.386719 4.882813
43.945313 7.324219
41.503906 9.765625
