87.890625 9.765625
85.449219 9.765625
83.007813 9.765625
80.566406 9.765625
78.125 9.765625
75.683594 9.765625
73.242188 12.207031
70.800781 12.207031
68.359375 12.207031
65.917969 12.207031
63.476563 12.207031
61.035156 12.207031
58.59375 12.207031
56.152344 12.207031
53.710938 12.207031
51.269531 12.207031
48.828125 12.207031
46.386719 12.207031
43.945313 12.207031
41.503906 12.207031
39.0625 12.207031
36.621094 12.207031
34.179688 12.207031
31.738281 12.207031
29.296875 14.648438
26.855469 12.207031
24.414063 12.207031
21.972656 12.207031
19.53125 12.207031
17.089844 9.765625
14.648438 9.765625
12.207031 9.765625
9.765625 9.765625
7.324219 9.765625
2.441406 9.765625
4.882813 9.765625
