65.917969 100.097656
65.917969 102.539063
65.917969 104.980469
65.917969 107.421875
68.359375 109.863281
68.359375 112.304688
70.800781 114.746094
73.242188 117.1875
75.683594 117.1875
78.125 119.628906
80.566406 119.628906
83.007813 122.070313
83.007813 124.511719
85.449219 126.953125
85.449219 129.394531
85.449219 131.835938
87.890625 134.277344
87.890625 136.71875
87.890625 139.160156
85.449219 141.601563
85.449219 144.042969
83.007813 146.484375
80.566406 146.484375
78.125 148.925781
75.683594 151.367188
73.242188 151.367188
70.800781 151.367188
68.359375 148.925781
65.917969 148.925781
63.476563 151.367188
61.035156 151.367188
58.59375 148.925781
56.152344 146.484375
53.710938 144.042969
51.269531 141.601563
51.269531 139.160156
48.828125 136.71875
46.386719 134.277344
43.945313 131.835938
41.503906 129.394531
39.0625 126.953125
39.0625 124.511719
36.621094 122.070313
34.179688 119.628906
31.738281 117.1875
29.296875 114.746094
26.855469 112.304688
24.414063 109.863281
21.972656 107.421875
21.972656 104.980469
21.972656 102.539063
21.972656 100.097656
21.972656 97.65625
21.972656 95.214844
21.972656 92.773438
21.972656 90.332031
24.414063 87.890625
26.855469 85.449219
29.296875 83.007813
31.738281 80.566406
34.179688 78.125
34.179688 75.683594
34.179688 73.242188
34.179688 70.800781
34.179688 68.359375
31.738281 65.917969
31.738281 63.476563
31.738281 61.035156
31.738281 58.59375
31.738281 56.152344
29.296875 53.710938
29.296875 51.269531
29.296875 48.828125
29.296875 46.386719
29.296875 43.945313
29.296875 41.503906
29.296875 39.0625
29.296875 36.621094
29.296875 34.179688
29.296875 31.738281
31.738281 29.296875
34.179688 26.855469
36.621094 26.855469
39.0625 26.855469
41.503906 26.855469
43.945313 29.296875
46.386719 29.296875
48.828125 31.738281
51.269531 34.179688
53.710938 34.179688
56.152344 36.621094
58.59375 39.0625
61.035156 41.503906
63.476563 43.945313
63.476563 46.386719
63.476563 48.828125
