4.882813 43.945313
7.324219 41.503906
9.765625 39.0625
12.207031 36.621094
14.648438 34.179688
17.089844 34.179688
19.53125 34.179688
21.972656 34.179688
24.414063 34.179688
26.855469 34.179688
29.296875 34.179688
31.738281 34.179688
34.179688 31.738281
36.621094 31.738281
39.0625 31.738281
41.503906 34.179688
43.945313 34.179688
46.386719 34.179688
48.828125 34.179688
51.269531 34.179688
53.710938 31.738281
56.152344 29.296875
58.59375 26.855469
61.035156 24.414063
63.476563 21.972656
65.917969 19.53125
68.359375 17.089844
70.800781 17.089844
73.242188 14.648438
75.683594 14.648438
78.125 14.648438
80.566406 12.207031
83.007813 12.207031
85.449219 12.207031
87.890625 14.648438
90.332031 14.648438
92.773438 14.648438
95.214844 12.207031
97.65625 12.207031
100.097656 9.765625
102.539063 9.765625
104.980469 9.765625
107.421875 9.765625
109.863281 9.765625
112.304688 9.765625
114.746094 9.765625
117.1875 12.207031
119.628906 12.207031
122.070313 12.207031
124.511719 12.207031
126.953125 12.207031
129.394531 12.207031
134.277344 12.207031
131.835938 12.207031
