12.207031 126.953125
12.207031 124.511719
12.207031 122.070313
14.648438 119.628906
17.089844 117.1875
17.089844 114.746094
17.089844 112.304688
17.089844 109.863281
14.648438 107.421875
14.648438 104.980469
14.648438 102.539063
12.207031 100.097656
12.207031 97.65625
12.207031 95.214844
14.648438 92.773438
17.089844 90.332031
19.53125 90.332031
21.972656 87.890625
24.414063 87.890625
26.855469 87.890625
29.296875 87.890625
31.738281 87.890625
34.179688 87.890625
36.621094 87.890625
39.0625 87.890625
41.503906 90.332031
43.945313 92.773438
46.386719 95.214844
48.828125 95.214844
51.269531 97.65625
53.710938 97.65625
56.152344 97.65625
58.59375 97.65625
61.035156 97.65625
63.476563 97.65625
65.917969 97.65625
68.359375 97.65625
70.800781 97.65625
73.242188 97.65625
75.683594 97.65625
78.125 97.65625
80.566406 97.65625
83.007813 97.65625
85.449219 97.65625
87.890625 97.65625
90.332031 97.65625
92.773438 97.65625
95.214844 97.65625
97.65625 97.65625
100.097656 95.214844
102.539063 95.214844
104.980469 95.214844
107.421875 92.773438
109.863281 92.773438
112.304688 90.332031
114.746094 90.332031
117.1875 87.890625
119.628906 85.449219
119.628906 83.007813
119.628906 80.566406
119.628906 78.125
119.628906 75.683594
117.1875 73.242188
117.1875 70.800781
117.1875 68.359375
114.746094 65.917969
114.746094 63.476563
112.304688 61.035156
112.304688 58.59375
109.863281 56.152344
109.863281 53.710938
107.421875 51.269531
107.421875 48.828125
107.421875 46.386719
107.421875 43.945313
107.421875 41.503906
107.421875 39.0625
107.421875 36.621094
107.421875 34.179688
109.863281 31.738281
109.863281 29.296875
112.304688 26.855469
112.304688 24.414063
112.304688 21.972656
112.304688 19.53125
112.304688 17.089844
109.863281 14.648438
107.421875 12.207031
104.980469 12.207031
102.539063 9.765625
100.097656 9.765625
97.65625 9.765625
90.332031 9.765625
92.773438 9.765625
95.214844 9.765625
