153.808594 114.746094
151.367188 117.1875
148.925781 119.628906
146.484375 122.070313
144.042969 122.070313
141.601563 122.070313
139.160156 122.070313
136.71875 119.628906
134.277344 117.1875
131.835938 114.746094
129.394531 112.304688
129.394531 109.863281
129.394531 107.421875
129.394531 104.980469
131.835938 102.539063
134.277344 100.097656
136.71875 97.65625
139.160156 95.214844
141.601563 92.773438
141.601563 90.332031
144.042969 87.890625
144.042969 85.449219
144.042969 83.007813
141.601563 80.566406
141.601563 78.125
141.601563 75.683594
141.601563 73.242188
141.601563 70.800781
144.042969 68.359375
144.042969 65.917969
144.042969 63.476563
144.042969 61.035156
144.042969 58.59375
146.484375 56.152344
146.484375 53.710938
148.925781 51.269531
148.925781 48.828125
148.925781 46.386719
146.484375 43.945313
146.484375 41.503906
146.484375 39.0625
144.042969 36.621094
144.042969 34.179688
144.042969 31.738281
141.601563 29.296875
139.160156 26.855469
136.71875 24.414063
134.277344 21.972656
131.835938 19.53125
129.394531 19.53125
126.953125 19.53125
124.511719 17.089844
122.070313 17.089844
119.628906 14.648438
117.1875 14.648438
114.746094 14.648438
112.304688 12.207031
109.863281 12.207031
107.421875 9.765625
104.980469 9.765625
102.539063 9.765625
100.097656 9.765625
97.65625 9.765625
95.214844 12.207031
92.773438 12.207031
90.332031 12.207031
87.890625 14.648438
85.449219 14.648438
83.007813 14.648438
80.566406 17.089844
78.125 17.089844
75.683594 19.53125
73.242188 21.972656
70.800781 24.414063
68.359375 26.855469
65.917969 29.296875
63.476563 29.296875
61.035156 31.738281
58.59375 34.179688
56.152344 34.179688
53.710938 36.621094
51.269531 39.0625
48.828125 39.0625
46.386719 41.503906
43.945313 41.503906
41.503906 39.0625
39.0625 39.0625
36.621094 36.621094
34.179688 36.621094
31.738281 34.179688
29.296875 34.179688
26.855469 31.738281
24.414063 31.738281
21.972656 29.296875
19.53125 26.855469
17.089844 26.855469
14.648438 26.855469
12.207031 26.855469
9.765625 26.855469
7.324219 24.414063
4.882813 24.414063
2.441406 24.414063
