17.089844 75.683594
17.089844 73.242188
17.089844 70.800781
17.089844 68.359375
17.089844 65.917969
19.53125 63.476563
19.53125 61.035156
19.53125 58.59375
19.53125 56.152344
19.53125 53.710938
19.53125 51.269531
19.53125 48.828125
19.53125 46.386719
19.53125 43.945313
17.089844 41.503906
17.089844 39.0625
14.648438 36.621094
14.648438 34.179688
14.648438 31.738281
14.648438 29.296875
12.207031 26.855469
12.207031 24.414063
12.207031 21.972656
14.648438 19.53125
17.089844 17.089844
19.53125 14.648438
21.972656 14.648438
24.414063 12.207031
26.855469 12.207031
29.296875 9.765625
31.738281 9.765625
34.179688 7.324219
36.621094 7.324219
39.0625 7.324219
41.503906 7.324219
