102.539063 46.386719
100.097656 48.828125
97.65625 51.269531
95.214844 53.710938
92.773438 53.710938
90.332031 53.710938
87.890625 53.710938
85.449219 53.710938
83.007813 53.710938
80.566406 53.710938
78.125 51.269531
75.683594 51.269531
73.242188 51.269531
70.800781 48.828125
68.359375 48.828125
65.917969 48.828125
63.476563 51.269531
61.035156 51.269531
58.59375 51.269531
56.152344 53.710938
53.710938 56.152344
51.269531 56.152344
48.828125 58.59375
46.386719 58.59375
43.945313 58.59375
41.503906 61.035156
39.0625 61.035156
36.621094 63.476563
34.179688 63.476563
31.738281 63.476563
29.296875 63.476563
26.855469 63.476563
24.414063 63.476563
21.972656 63.476563
19.53125 61.035156
17.089844 61.035156
14.648438 58.59375
12.207031 56.152344
9.765625 53.710938
9.765625 51.269531
9.765625 48.828125
9.765625 46.386719
9.765625 43.945313
9.765625 41.503906
9.765625 39.0625
9.765625 36.621094
9.765625 34.179688
9.765625 31.738281
9.765625 29.296875
9.765625 26.855469
9.765625 24.414063
12.207031 21.972656
14.648438 19.53125
17.089844 17.089844
19.53125 14.648438
21.972656 14.648438
24.414063 12.207031
26.855469 12.207031
29.296875 9.765625
31.738281 9.765625
34.179688 7.324219
36.621094 7.324219
39.0625 9.765625
41.503906 9.765625
43.945313 9.765625
