31.738281 73.242188
31.738281 70.800781
31.738281 68.359375
31.738281 65.917969
29.296875 63.476563
26.855469 61.035156
24.414063 58.59375
21.972656 56.152344
21.972656 53.710938
21.972656 51.269531
21.972656 48.828125
21.972656 46.386719
19.53125 43.945313
19.53125 41.503906
17.089844 39.0625
17.089844 36.621094
17.089844 34.179688
17.089844 31.738281
17.089844 29.296875
19.53125 26.855469
19.53125 24.414063
21.972656 21.972656
24.414063 19.53125
24.414063 17.089844
26.855469 14.648438
26.855469 12.207031
26.855469 2.441406
26.855469 4.882813
26.855469 7.324219
26.855469 9.765625
