70.800781 17.089844
68.359375 17.089844
65.917969 17.089844
63.476563 17.089844
61.035156 17.089844
58.59375 17.089844
56.152344 17.089844
53.710938 17.089844
51.269531 17.089844
48.828125 17.089844
46.386719 17.089844
43.945313 17.089844
41.503906 17.089844
39.0625 17.089844
36.621094 14.648438
34.179688 14.648438
31.738281 12.207031
29.296875 12.207031
26.855469 9.765625
24.414063 9.765625
21.972656 9.765625
19.53125 9.765625
17.089844 9.765625
14.648438 9.765625
12.207031 9.765625
9.765625 9.765625
2.441406 9.765625
4.882813 9.765625
7.324219 9.765625
