4.882813 73.242188
4.882813 70.800781
4.882813 68.359375
7.324219 65.917969
9.765625 63.476563
12.207031 61.035156
12.207031 58.59375
14.648438 56.152344
17.089844 53.710938
19.53125 51.269531
21.972656 48.828125
24.414063 46.386719
26.855469 43.945313
29.296875 41.503906
29.296875 39.0625
31.738281 36.621094
31.738281 34.179688
34.179688 31.738281
34.179688 29.296875
34.179688 26.855469
36.621094 24.414063
36.621094 21.972656
39.0625 19.53125
39.0625 17.089844
41.503906 14.648438
43.945313 12.207031
46.386719 9.765625
46.386719 7.324219
46.386719 2.441406
46.386719 4.882813
