21.972656 70.800781
21.972656 68.359375
21.972656 65.917969
21.972656 63.476563
21.972656 61.035156
21.972656 58.59375
21.972656 56.152344
21.972656 53.710938
21.972656 51.269531
21.972656 48.828125
24.414063 46.386719
24.414063 43.945313
24.414063 41.503906
24.414063 39.0625
24.414063 36.621094
26.855469 34.179688
26.855469 31.738281
26.855469 29.296875
26.855469 26.855469
26.855469 24.414063
29.296875 21.972656
29.296875 19.53125
31.738281 17.089844
31.738281 14.648438
31.738281 2.441406
31.738281 4.882813
31.738281 7.324219
31.738281 9.765625
31.738281 12.207031
