2.441406 53.710938
4.882813 53.710938
7.324219 53.710938
9.765625 53.710938
12.207031 53.710938
14.648438 53.710938
17.089844 53.710938
19.53125 53.710938
21.972656 53.710938
24.414063 53.710938
26.855469 53.710938
29.296875 53.710938
31.738281 51.269531
34.179688 51.269531
36.621094 53.710938
39.0625 53.710938
41.503906 53.710938
43.945313 53.710938
46.386719 53.710938
48.828125 53.710938
51.269531 53.710938
53.710938 53.710938
56.152344 51.269531
58.59375 51.269531
61.035156 48.828125
63.476563 48.828125
65.917969 46.386719
68.359375 46.386719
70.800781 43.945313
73.242188 43.945313
75.683594 41.503906
78.125 39.0625
80.566406 36.621094
83.007813 34.179688
85.449219 31.738281
87.890625 31.738281
90.332031 29.296875
92.773438 26.855469
95.214844 26.855469
97.65625 24.414063
100.097656 21.972656
102.539063 21.972656
104.980469 21.972656
107.421875 24.414063
109.863281 26.855469
112.304688 26.855469
124.511719 26.855469
122.070313 26.855469
119.628906 26.855469
117.1875 26.855469
114.746094 26.855469
