29.296875 75.683594
29.296875 73.242188
29.296875 70.800781
29.296875 68.359375
29.296875 65.917969
29.296875 63.476563
29.296875 61.035156
29.296875 58.59375
29.296875 56.152344
29.296875 53.710938
29.296875 51.269531
29.296875 48.828125
29.296875 46.386719
26.855469 43.945313
26.855469 41.503906
29.296875 39.0625
29.296875 36.621094
31.738281 34.179688
31.738281 31.738281
31.738281 29.296875
34.179688 26.855469
34.179688 24.414063
34.179688 21.972656
34.179688 19.53125
36.621094 17.089844
36.621094 14.648438
39.0625 12.207031
39.0625 9.765625
39.0625 7.324219
39.0625 2.441406
39.0625 4.882813
