2.441406 107.421875
4.882813 107.421875
7.324219 107.421875
9.765625 107.421875
12.207031 107.421875
14.648438 107.421875
17.089844 107.421875
19.53125 107.421875
21.972656 107.421875
24.414063 107.421875
26.855469 107.421875
29.296875 107.421875
31.738281 107.421875
34.179688 107.421875
36.621094 107.421875
39.0625 107.421875
41.503906 107.421875
43.945313 107.421875
46.386719 104.980469
48.828125 104.980469
51.269531 102.539063
53.710938 102.539063
56.152344 102.539063
58.59375 100.097656
61.035156 100.097656
63.476563 100.097656
65.917969 97.65625
68.359375 97.65625
70.800781 97.65625
73.242188 97.65625
75.683594 95.214844
78.125 95.214844
80.566406 92.773438
83.007813 92.773438
85.449219 92.773438
87.890625 90.332031
90.332031 90.332031
92.773438 87.890625
95.214844 87.890625
97.65625 87.890625
100.097656 85.449219
102.539063 85.449219
104.980469 83.007813
107.421875 83.007813
109.863281 83.007813
112.304688 80.566406
114.746094 78.125
117.1875 78.125
119.628906 75.683594
122.070313 75.683594
124.511719 73.242188
126.953125 73.242188
129.394531 73.242188
131.835938 70.800781
134.277344 70.800781
136.71875 70.800781
139.160156 68.359375
141.601563 65.917969
144.042969 65.917969
146.484375 63.476563
148.925781 61.035156
151.367188 58.59375
153.808594 56.152344
156.25 53.710938
158.691406 53.710938
161.132813 51.269531
163.574219 48.828125
166.015625 46.386719
168.457031 46.386719
170.898438 43.945313
173.339844 41.503906
175.78125 41.503906
178.222656 39.0625
180.664063 36.621094
183.105469 36.621094
185.546875 34.179688
187.988281 31.738281
190.429688 31.738281
192.871094 31.738281
195.3125 29.296875
197.753906 26.855469
200.195313 26.855469
202.636719 24.414063
205.078125 24.414063
207.519531 21.972656
209.960938 19.53125
209.960938 17.089844
209.960938 2.441406
209.960938 4.882813
209.960938 7.324219
209.960938 9.765625
209.960938 12.207031
209.960938 14.648438
