21.972656 239.257813
19.53125 236.816406
17.089844 234.375
17.089844 231.933594
19.53125 229.492188
19.53125 227.050781
19.53125 224.609375
19.53125 222.167969
19.53125 219.726563
19.53125 217.285156
19.53125 214.84375
19.53125 212.402344
19.53125 209.960938
19.53125 207.519531
19.53125 205.078125
19.53125 202.636719
19.53125 200.195313
19.53125 197.753906
19.53125 195.3125
19.53125 192.871094
19.53125 190.429688
19.53125 187.988281
19.53125 185.546875
19.53125 183.105469
19.53125 180.664063
19.53125 178.222656
19.53125 175.78125
19.53125 173.339844
19.53125 170.898438
19.53125 168.457031
19.53125 166.015625
19.53125 163.574219
19.53125 161.132813
19.53125 158.691406
19.53125 156.25
19.53125 153.808594
19.53125 151.367188
17.089844 148.925781
17.089844 146.484375
17.089844 144.042969
17.089844 141.601563
17.089844 139.160156
17.089844 136.71875
17.089844 134.277344
14.648438 131.835938
17.089844 129.394531
17.089844 126.953125
17.089844 124.511719
17.089844 122.070313
19.53125 119.628906
19.53125 117.1875
21.972656 114.746094
21.972656 112.304688
21.972656 109.863281
21.972656 107.421875
24.414063 104.980469
24.414063 102.539063
24.414063 100.097656
24.414063 97.65625
24.414063 95.214844
26.855469 92.773438
26.855469 90.332031
26.855469 87.890625
26.855469 85.449219
29.296875 83.007813
29.296875 80.566406
29.296875 78.125
29.296875 75.683594
29.296875 73.242188
29.296875 70.800781
29.296875 68.359375
29.296875 65.917969
29.296875 63.476563
29.296875 61.035156
29.296875 58.59375
29.296875 56.152344
31.738281 53.710938
31.738281 51.269531
29.296875 48.828125
29.296875 46.386719
29.296875 43.945313
29.296875 41.503906
31.738281 39.0625
34.179688 36.621094
34.179688 34.179688
36.621094 31.738281
36.621094 29.296875
39.0625 26.855469
41.503906 24.414063
41.503906 21.972656
41.503906 19.53125
41.503906 17.089844
41.503906 2.441406
41.503906 4.882813
41.503906 7.324219
41.503906 9.765625
41.503906 12.207031
41.503906 14.648438
