95.214844 202.636719
95.214844 200.195313
95.214844 197.753906
95.214844 195.3125
95.214844 192.871094
95.214844 190.429688
92.773438 187.988281
92.773438 185.546875
92.773438 183.105469
90.332031 180.664063
90.332031 178.222656
87.890625 175.78125
87.890625 173.339844
85.449219 170.898438
85.449219 168.457031
85.449219 166.015625
83.007813 163.574219
83.007813 161.132813
83.007813 158.691406
80.566406 156.25
80.566406 153.808594
80.566406 151.367188
80.566406 148.925781
80.566406 146.484375
80.566406 144.042969
78.125 141.601563
78.125 139.160156
78.125 136.71875
75.683594 134.277344
75.683594 131.835938
73.242188 129.394531
73.242188 126.953125
70.800781 124.511719
68.359375 122.070313
68.359375 119.628906
65.917969 117.1875
65.917969 114.746094
65.917969 112.304688
63.476563 109.863281
61.035156 107.421875
61.035156 104.980469
58.59375 102.539063
58.59375 100.097656
56.152344 97.65625
56.152344 95.214844
53.710938 92.773438
51.269531 90.332031
51.269531 87.890625
48.828125 85.449219
46.386719 83.007813
46.386719 80.566406
43.945313 78.125
43.945313 75.683594
41.503906 73.242188
41.503906 70.800781
41.503906 68.359375
39.0625 65.917969
39.0625 63.476563
36.621094 61.035156
36.621094 58.59375
34.179688 56.152344
34.179688 53.710938
31.738281 51.269531
31.738281 48.828125
29.296875 46.386719
29.296875 43.945313
26.855469 41.503906
24.414063 39.0625
24.414063 36.621094
21.972656 34.179688
21.972656 31.738281
19.53125 29.296875
17.089844 26.855469
17.089844 24.414063
14.648438 21.972656
17.089844 19.53125
17.089844 17.089844
14.648438 14.648438
14.648438 12.207031
14.648438 9.765625
