19.53125 34.179688
21.972656 31.738281
24.414063 31.738281
26.855469 31.738281
29.296875 31.738281
31.738281 31.738281
34.179688 29.296875
36.621094 29.296875
39.0625 26.855469
41.503906 24.414063
43.945313 24.414063
46.386719 24.414063
48.828125 24.414063
51.269531 24.414063
53.710938 21.972656
56.152344 21.972656
58.59375 21.972656
61.035156 21.972656
63.476563 21.972656
65.917969 21.972656
68.359375 21.972656
70.800781 21.972656
73.242188 21.972656
75.683594 21.972656
78.125 19.53125
80.566406 19.53125
83.007813 19.53125
85.449219 21.972656
87.890625 21.972656
