41.503906 80.566406
41.503906 78.125
41.503906 75.683594
41.503906 73.242188
41.503906 70.800781
41.503906 68.359375
39.0625 65.917969
36.621094 63.476563
34.179688 61.035156
31.738281 58.59375
29.296875 56.152344
29.296875 53.710938
26.855469 51.269531
26.855469 48.828125
26.855469 46.386719
24.414063 43.945313
24.414063 41.503906
21.972656 39.0625
21.972656 36.621094
19.53125 34.179688
19.53125 31.738281
19.53125 29.296875
17.089844 26.855469
17.089844 24.414063
14.648438 21.972656
14.648438 19.53125
14.648438 17.089844
14.648438 14.648438
14.648438 12.207031
14.648438 9.765625
14.648438 2.441406
14.648438 4.882813
14.648438 7.324219
