12.207031 109.863281
12.207031 107.421875
12.207031 104.980469
12.207031 102.539063
12.207031 100.097656
12.207031 97.65625
14.648438 95.214844
14.648438 92.773438
17.089844 90.332031
17.089844 87.890625
17.089844 85.449219
19.53125 83.007813
19.53125 80.566406
19.53125 78.125
17.089844 75.683594
19.53125 73.242188
19.53125 70.800781
17.089844 68.359375
17.089844 65.917969
17.089844 63.476563
17.089844 61.035156
17.089844 58.59375
17.089844 56.152344
17.089844 53.710938
17.089844 51.269531
17.089844 48.828125
17.089844 46.386719
17.089844 43.945313
17.089844 41.503906
19.53125 39.0625
19.53125 36.621094
19.53125 34.179688
19.53125 31.738281
21.972656 29.296875
24.414063 26.855469
24.414063 24.414063
26.855469 21.972656
26.855469 19.53125
26.855469 17.089844
29.296875 14.648438
29.296875 12.207031
29.296875 9.765625
