7.324219 104.980469
9.765625 102.539063
12.207031 100.097656
14.648438 97.65625
17.089844 95.214844
19.53125 92.773438
21.972656 90.332031
21.972656 87.890625
24.414063 85.449219
24.414063 83.007813
26.855469 80.566406
26.855469 78.125
29.296875 75.683594
29.296875 73.242188
29.296875 70.800781
31.738281 68.359375
31.738281 65.917969
34.179688 63.476563
34.179688 61.035156
34.179688 58.59375
36.621094 56.152344
36.621094 53.710938
36.621094 51.269531
39.0625 48.828125
39.0625 46.386719
41.503906 43.945313
41.503906 41.503906
43.945313 39.0625
43.945313 36.621094
46.386719 34.179688
46.386719 31.738281
46.386719 29.296875
48.828125 26.855469
48.828125 24.414063
48.828125 21.972656
51.269531 19.53125
51.269531 17.089844
51.269531 2.441406
51.269531 4.882813
51.269531 7.324219
51.269531 9.765625
51.269531 12.207031
51.269531 14.648438
