12.207031 73.242188
14.648438 70.800781
17.089844 68.359375
19.53125 65.917969
21.972656 63.476563
24.414063 61.035156
26.855469 58.59375
29.296875 56.152344
31.738281 53.710938
34.179688 51.269531
36.621094 48.828125
39.0625 46.386719
41.503906 43.945313
43.945313 41.503906
46.386719 39.0625
48.828125 36.621094
51.269531 34.179688
53.710938 31.738281
56.152344 29.296875
58.59375 26.855469
61.035156 24.414063
63.476563 24.414063
65.917969 21.972656
68.359375 19.53125
68.359375 17.089844
70.800781 14.648438
