65.917969 63.476563
63.476563 63.476563
61.035156 63.476563
58.59375 63.476563
56.152344 63.476563
53.710938 63.476563
51.269531 63.476563
48.828125 61.035156
46.386719 58.59375
46.386719 56.152344
43.945313 53.710938
43.945313 51.269531
41.503906 48.828125
39.0625 46.386719
36.621094 43.945313
34.179688 41.503906
31.738281 39.0625
29.296875 36.621094
29.296875 34.179688
26.855469 31.738281
24.414063 29.296875
24.414063 26.855469
21.972656 24.414063
21.972656 21.972656
21.972656 19.53125
21.972656 2.441406
21.972656 4.882813
21.972656 7.324219
21.972656 9.765625
21.972656 12.207031
21.972656 14.648438
21.972656 17.089844
