2.441406 36.621094
4.882813 36.621094
7.324219 36.621094
9.765625 36.621094
12.207031 36.621094
14.648438 36.621094
17.089844 36.621094
19.53125 36.621094
21.972656 34.179688
24.414063 34.179688
26.855469 31.738281
29.296875 31.738281
31.738281 31.738281
34.179688 29.296875
36.621094 29.296875
39.0625 26.855469
41.503906 26.855469
43.945313 26.855469
46.386719 24.414063
48.828125 24.414063
51.269531 21.972656
53.710938 21.972656
56.152344 19.53125
58.59375 19.53125
61.035156 19.53125
63.476563 19.53125
80.566406 19.53125
78.125 19.53125
75.683594 19.53125
73.242188 19.53125
70.800781 19.53125
68.359375 19.53125
65.917969 19.53125
