97.65625 65.917969
95.214844 65.917969
92.773438 65.917969
90.332031 65.917969
87.890625 65.917969
85.449219 65.917969
83.007813 65.917969
80.566406 63.476563
78.125 61.035156
75.683594 61.035156
73.242188 58.59375
70.800781 58.59375
68.359375 56.152344
65.917969 53.710938
63.476563 51.269531
61.035156 48.828125
58.59375 46.386719
56.152344 43.945313
53.710938 43.945313
51.269531 41.503906
48.828125 39.0625
46.386719 36.621094
43.945313 34.179688
41.503906 31.738281
39.0625 29.296875
36.621094 29.296875
34.179688 26.855469
31.738281 24.414063
29.296875 21.972656
26.855469 21.972656
24.414063 21.972656
21.972656 19.53125
19.53125 19.53125
2.441406 19.53125
4.882813 19.53125
7.324219 19.53125
9.765625 19.53125
12.207031 19.53125
14.648438 19.53125
17.089844 19.53125
