46.386719 85.449219
43.945313 85.449219
41.503906 83.007813
41.503906 80.566406
39.0625 78.125
39.0625 75.683594
39.0625 73.242188
36.621094 70.800781
36.621094 68.359375
34.179688 65.917969
34.179688 63.476563
31.738281 61.035156
31.738281 58.59375
29.296875 56.152344
26.855469 53.710938
24.414063 51.269531
24.414063 48.828125
21.972656 46.386719
21.972656 43.945313
21.972656 41.503906
21.972656 39.0625
19.53125 36.621094
19.53125 34.179688
19.53125 31.738281
17.089844 29.296875
17.089844 26.855469
17.089844 24.414063
14.648438 21.972656
12.207031 19.53125
12.207031 17.089844
12.207031 14.648438
12.207031 12.207031
12.207031 9.765625
