175.78125 39.0625
173.339844 39.0625
170.898438 36.621094
168.457031 36.621094
166.015625 36.621094
163.574219 36.621094
161.132813 36.621094
158.691406 34.179688
156.25 34.179688
153.808594 34.179688
151.367188 34.179688
148.925781 34.179688
146.484375 31.738281
144.042969 31.738281
141.601563 31.738281
139.160156 29.296875
136.71875 29.296875
134.277344 26.855469
131.835938 26.855469
129.394531 26.855469
126.953125 24.414063
124.511719 24.414063
122.070313 24.414063
119.628906 24.414063
117.1875 24.414063
114.746094 24.414063
112.304688 21.972656
109.863281 21.972656
107.421875 21.972656
104.980469 21.972656
102.539063 21.972656
100.097656 19.53125
97.65625 19.53125
95.214844 19.53125
92.773438 19.53125
90.332031 19.53125
87.890625 19.53125
85.449219 17.089844
83.007813 17.089844
80.566406 17.089844
78.125 19.53125
75.683594 19.53125
73.242188 21.972656
70.800781 21.972656
68.359375 21.972656
65.917969 21.972656
63.476563 21.972656
61.035156 21.972656
58.59375 21.972656
56.152344 21.972656
53.710938 19.53125
51.269531 19.53125
48.828125 19.53125
46.386719 19.53125
43.945313 19.53125
41.503906 19.53125
39.0625 19.53125
36.621094 19.53125
34.179688 19.53125
31.738281 17.089844
29.296875 17.089844
26.855469 17.089844
24.414063 17.089844
21.972656 17.089844
19.53125 17.089844
17.089844 17.089844
14.648438 14.648438
12.207031 17.089844
