2.441406 161.132813
4.882813 158.691406
7.324219 156.25
9.765625 153.808594
12.207031 151.367188
14.648438 148.925781
17.089844 146.484375
19.53125 144.042969
21.972656 141.601563
24.414063 139.160156
26.855469 136.71875
29.296875 134.277344
31.738281 131.835938
34.179688 129.394531
36.621094 129.394531
39.0625 126.953125
41.503906 124.511719
43.945313 122.070313
46.386719 119.628906
48.828125 119.628906
51.269531 117.1875
53.710938 114.746094
56.152344 112.304688
58.59375 109.863281
61.035156 107.421875
63.476563 104.980469
65.917969 104.980469
68.359375 102.539063
70.800781 100.097656
73.242188 100.097656
75.683594 100.097656
78.125 100.097656
80.566406 97.65625
83.007813 97.65625
85.449219 95.214844
87.890625 95.214844
90.332031 92.773438
92.773438 90.332031
95.214844 87.890625
97.65625 85.449219
100.097656 83.007813
102.539063 80.566406
104.980469 78.125
107.421875 78.125
109.863281 75.683594
112.304688 73.242188
114.746094 70.800781
117.1875 70.800781
119.628906 68.359375
119.628906 65.917969
122.070313 63.476563
124.511719 61.035156
126.953125 61.035156
129.394531 58.59375
131.835938 56.152344
134.277344 56.152344
136.71875 53.710938
139.160156 51.269531
141.601563 48.828125
144.042969 46.386719
146.484375 43.945313
148.925781 41.503906
151.367188 39.0625
153.808594 36.621094
156.25 34.179688
158.691406 34.179688
161.132813 34.179688
163.574219 31.738281
166.015625 29.296875
168.457031 29.296875
170.898438 29.296875
173.339844 29.296875
175.78125 26.855469
178.222656 26.855469
180.664063 24.414063
183.105469 21.972656
183.105469 19.53125
185.546875 17.089844
187.988281 14.648438
187.988281 12.207031
187.988281 2.441406
187.988281 4.882813
187.988281 7.324219
187.988281 9.765625
