29.296875 161.132813
29.296875 158.691406
29.296875 156.25
29.296875 153.808594
29.296875 151.367188
29.296875 148.925781
29.296875 146.484375
29.296875 144.042969
29.296875 141.601563
29.296875 139.160156
29.296875 136.71875
29.296875 134.277344
29.296875 131.835938
29.296875 129.394531
29.296875 126.953125
29.296875 124.511719
29.296875 122.070313
29.296875 119.628906
29.296875 117.1875
29.296875 114.746094
29.296875 112.304688
29.296875 109.863281
29.296875 107.421875
29.296875 104.980469
29.296875 102.539063
29.296875 100.097656
29.296875 97.65625
29.296875 95.214844
29.296875 92.773438
29.296875 90.332031
29.296875 87.890625
29.296875 85.449219
26.855469 83.007813
26.855469 80.566406
26.855469 78.125
26.855469 75.683594
26.855469 73.242188
26.855469 70.800781
24.414063 68.359375
24.414063 65.917969
24.414063 63.476563
24.414063 61.035156
24.414063 58.59375
21.972656 56.152344
21.972656 53.710938
21.972656 51.269531
21.972656 48.828125
24.414063 46.386719
24.414063 43.945313
26.855469 41.503906
26.855469 39.0625
29.296875 36.621094
29.296875 34.179688
31.738281 31.738281
34.179688 29.296875
36.621094 26.855469
39.0625 24.414063
41.503906 21.972656
43.945313 21.972656
46.386719 19.53125
48.828125 17.089844
51.269531 14.648438
