14.648438 126.953125
14.648438 124.511719
14.648438 122.070313
14.648438 119.628906
14.648438 117.1875
14.648438 114.746094
14.648438 112.304688
17.089844 109.863281
17.089844 107.421875
17.089844 104.980469
19.53125 102.539063
21.972656 100.097656
21.972656 97.65625
24.414063 95.214844
26.855469 92.773438
29.296875 90.332031
31.738281 87.890625
34.179688 85.449219
34.179688 83.007813
36.621094 80.566406
39.0625 78.125
41.503906 75.683594
43.945313 73.242188
46.386719 70.800781
48.828125 68.359375
51.269531 65.917969
53.710938 63.476563
56.152344 61.035156
58.59375 58.59375
61.035156 58.59375
63.476563 56.152344
65.917969 53.710938
68.359375 51.269531
70.800781 48.828125
70.800781 46.386719
70.800781 43.945313
70.800781 41.503906
70.800781 39.0625
70.800781 36.621094
70.800781 34.179688
70.800781 31.738281
70.800781 29.296875
73.242188 26.855469
73.242188 24.414063
75.683594 21.972656
75.683594 19.53125
78.125 17.089844
78.125 14.648438
80.566406 12.207031
83.007813 9.765625
83.007813 7.324219
