14.648438 273.4375
14.648438 270.996094
14.648438 268.554688
14.648438 266.113281
14.648438 263.671875
14.648438 261.230469
14.648438 258.789063
14.648438 256.347656
17.089844 253.90625
17.089844 251.464844
17.089844 249.023438
17.089844 246.582031
19.53125 244.140625
19.53125 241.699219
19.53125 239.257813
19.53125 236.816406
21.972656 234.375
21.972656 231.933594
21.972656 229.492188
21.972656 227.050781
21.972656 224.609375
24.414063 222.167969
24.414063 219.726563
24.414063 217.285156
24.414063 214.84375
24.414063 212.402344
24.414063 209.960938
26.855469 207.519531
26.855469 205.078125
26.855469 202.636719
29.296875 200.195313
29.296875 197.753906
29.296875 195.3125
31.738281 192.871094
31.738281 190.429688
31.738281 187.988281
31.738281 185.546875
31.738281 183.105469
31.738281 180.664063
34.179688 178.222656
34.179688 175.78125
34.179688 173.339844
34.179688 170.898438
34.179688 168.457031
34.179688 166.015625
34.179688 163.574219
34.179688 161.132813
34.179688 158.691406
34.179688 156.25
34.179688 153.808594
34.179688 151.367188
34.179688 148.925781
34.179688 146.484375
34.179688 144.042969
36.621094 141.601563
36.621094 139.160156
36.621094 136.71875
36.621094 134.277344
36.621094 131.835938
39.0625 129.394531
39.0625 126.953125
41.503906 124.511719
41.503906 122.070313
41.503906 119.628906
43.945313 117.1875
43.945313 114.746094
46.386719 112.304688
46.386719 109.863281
48.828125 107.421875
48.828125 104.980469
51.269531 102.539063
51.269531 100.097656
53.710938 97.65625
53.710938 95.214844
56.152344 92.773438
56.152344 90.332031
58.59375 87.890625
61.035156 85.449219
61.035156 83.007813
63.476563 80.566406
63.476563 78.125
63.476563 75.683594
65.917969 73.242188
65.917969 70.800781
68.359375 68.359375
68.359375 65.917969
70.800781 63.476563
70.800781 61.035156
70.800781 58.59375
73.242188 56.152344
73.242188 53.710938
75.683594 51.269531
75.683594 48.828125
78.125 46.386719
78.125 43.945313
80.566406 41.503906
80.566406 39.0625
83.007813 36.621094
83.007813 34.179688
85.449219 31.738281
85.449219 29.296875
85.449219 26.855469
87.890625 24.414063
90.332031 21.972656
90.332031 19.53125
90.332031 17.089844
92.773438 14.648438
102.539063 4.882813
100.097656 7.324219
97.65625 9.765625
95.214844 12.207031
