195.3125 97.65625
195.3125 95.214844
192.871094 92.773438
190.429688 92.773438
187.988281 90.332031
185.546875 87.890625
185.546875 85.449219
183.105469 83.007813
180.664063 80.566406
178.222656 78.125
175.78125 75.683594
173.339844 73.242188
170.898438 70.800781
170.898438 68.359375
168.457031 65.917969
166.015625 65.917969
163.574219 63.476563
161.132813 61.035156
158.691406 58.59375
156.25 56.152344
153.808594 56.152344
151.367188 53.710938
148.925781 51.269531
146.484375 48.828125
144.042969 46.386719
141.601563 43.945313
139.160156 41.503906
136.71875 39.0625
134.277344 36.621094
131.835938 36.621094
129.394531 36.621094
126.953125 36.621094
124.511719 34.179688
122.070313 34.179688
119.628906 34.179688
117.1875 34.179688
114.746094 31.738281
112.304688 31.738281
109.863281 31.738281
107.421875 31.738281
104.980469 29.296875
102.539063 29.296875
100.097656 29.296875
97.65625 26.855469
95.214844 26.855469
92.773438 24.414063
90.332031 24.414063
87.890625 21.972656
85.449219 21.972656
83.007813 21.972656
80.566406 19.53125
78.125 19.53125
75.683594 19.53125
73.242188 19.53125
70.800781 19.53125
68.359375 19.53125
65.917969 19.53125
63.476563 17.089844
61.035156 17.089844
58.59375 17.089844
56.152344 17.089844
53.710938 17.089844
51.269531 17.089844
48.828125 17.089844
46.386719 17.089844
43.945313 17.089844
41.503906 17.089844
39.0625 17.089844
36.621094 17.089844
34.179688 17.089844
31.738281 17.089844
29.296875 17.089844
26.855469 17.089844
24.414063 17.089844
21.972656 17.089844
19.53125 17.089844
17.089844 17.089844
14.648438 14.648438
12.207031 12.207031
9.765625 12.207031
