83.007813 336.914063
83.007813 334.472656
80.566406 332.03125
78.125 329.589844
78.125 327.148438
78.125 324.707031
78.125 322.265625
75.683594 319.824219
75.683594 317.382813
75.683594 314.941406
73.242188 312.5
73.242188 310.058594
73.242188 307.617188
75.683594 305.175781
75.683594 302.734375
75.683594 300.292969
73.242188 297.851563
73.242188 295.410156
73.242188 292.96875
73.242188 290.527344
73.242188 288.085938
73.242188 285.644531
73.242188 283.203125
73.242188 280.761719
73.242188 278.320313
73.242188 275.878906
73.242188 273.4375
73.242188 270.996094
75.683594 268.554688
75.683594 266.113281
75.683594 263.671875
75.683594 261.230469
75.683594 258.789063
78.125 256.347656
78.125 253.90625
78.125 251.464844
78.125 249.023438
78.125 246.582031
78.125 244.140625
78.125 241.699219
75.683594 239.257813
75.683594 236.816406
75.683594 234.375
75.683594 231.933594
75.683594 229.492188
75.683594 227.050781
75.683594 224.609375
75.683594 222.167969
73.242188 219.726563
73.242188 217.285156
73.242188 214.84375
73.242188 212.402344
73.242188 209.960938
73.242188 207.519531
73.242188 205.078125
73.242188 202.636719
70.800781 200.195313
70.800781 197.753906
70.800781 195.3125
68.359375 192.871094
65.917969 190.429688
65.917969 187.988281
63.476563 185.546875
63.476563 183.105469
63.476563 180.664063
63.476563 178.222656
63.476563 175.78125
61.035156 173.339844
61.035156 170.898438
61.035156 168.457031
61.035156 166.015625
58.59375 163.574219
58.59375 161.132813
56.152344 158.691406
56.152344 156.25
56.152344 153.808594
56.152344 151.367188
53.710938 148.925781
53.710938 146.484375
53.710938 144.042969
53.710938 141.601563
51.269531 139.160156
51.269531 136.71875
51.269531 134.277344
51.269531 131.835938
48.828125 129.394531
48.828125 126.953125
48.828125 124.511719
48.828125 122.070313
46.386719 119.628906
46.386719 117.1875
46.386719 114.746094
46.386719 112.304688
46.386719 109.863281
46.386719 107.421875
46.386719 104.980469
46.386719 102.539063
43.945313 100.097656
43.945313 97.65625
43.945313 95.214844
43.945313 92.773438
43.945313 90.332031
41.503906 87.890625
41.503906 85.449219
41.503906 83.007813
39.0625 80.566406
39.0625 78.125
39.0625 75.683594
36.621094 73.242188
36.621094 70.800781
36.621094 68.359375
34.179688 65.917969
34.179688 63.476563
34.179688 61.035156
31.738281 58.59375
31.738281 56.152344
29.296875 53.710938
26.855469 51.269531
26.855469 48.828125
26.855469 46.386719
24.414063 43.945313
21.972656 41.503906
21.972656 39.0625
19.53125 36.621094
19.53125 34.179688
19.53125 31.738281
17.089844 29.296875
17.089844 26.855469
17.089844 24.414063
17.089844 21.972656
14.648438 19.53125
14.648438 17.089844
14.648438 14.648438
14.648438 12.207031
