136.71875 83.007813
136.71875 80.566406
134.277344 78.125
131.835938 75.683594
129.394531 73.242188
126.953125 70.800781
124.511719 68.359375
122.070313 65.917969
119.628906 63.476563
117.1875 63.476563
114.746094 63.476563
112.304688 61.035156
109.863281 61.035156
107.421875 58.59375
104.980469 58.59375
102.539063 56.152344
100.097656 53.710938
97.65625 53.710938
95.214844 53.710938
92.773438 51.269531
90.332031 51.269531
87.890625 48.828125
85.449219 48.828125
83.007813 46.386719
80.566406 46.386719
78.125 43.945313
75.683594 43.945313
73.242188 43.945313
70.800781 43.945313
68.359375 41.503906
65.917969 41.503906
63.476563 41.503906
61.035156 39.0625
58.59375 39.0625
56.152344 36.621094
53.710938 36.621094
51.269531 34.179688
48.828125 31.738281
46.386719 31.738281
43.945313 29.296875
41.503906 29.296875
39.0625 26.855469
36.621094 26.855469
34.179688 24.414063
31.738281 24.414063
29.296875 21.972656
26.855469 21.972656
24.414063 19.53125
21.972656 19.53125
19.53125 17.089844
17.089844 17.089844
