73.242188 63.476563
70.800781 63.476563
68.359375 61.035156
65.917969 61.035156
63.476563 61.035156
61.035156 58.59375
58.59375 58.59375
56.152344 58.59375
53.710938 56.152344
51.269531 56.152344
48.828125 53.710938
46.386719 51.269531
43.945313 48.828125
41.503906 46.386719
39.0625 43.945313
36.621094 41.503906
34.179688 39.0625
31.738281 36.621094
31.738281 34.179688
29.296875 31.738281
26.855469 29.296875
26.855469 26.855469
24.414063 24.414063
21.972656 24.414063
19.53125 21.972656
17.089844 19.53125
14.648438 17.089844
14.648438 14.648438
12.207031 12.207031
12.207031 9.765625
