70.800781 200.195313
70.800781 197.753906
68.359375 195.3125
65.917969 192.871094
65.917969 190.429688
63.476563 187.988281
63.476563 185.546875
61.035156 183.105469
61.035156 180.664063
58.59375 178.222656
58.59375 175.78125
56.152344 173.339844
56.152344 170.898438
53.710938 168.457031
51.269531 166.015625
51.269531 163.574219
48.828125 161.132813
48.828125 158.691406
46.386719 156.25
46.386719 153.808594
43.945313 151.367188
43.945313 148.925781
41.503906 146.484375
41.503906 144.042969
41.503906 141.601563
41.503906 139.160156
41.503906 136.71875
39.0625 134.277344
39.0625 131.835938
39.0625 129.394531
39.0625 126.953125
39.0625 124.511719
36.621094 122.070313
36.621094 119.628906
36.621094 117.1875
36.621094 114.746094
36.621094 112.304688
36.621094 109.863281
36.621094 107.421875
36.621094 104.980469
34.179688 102.539063
34.179688 100.097656
34.179688 97.65625
34.179688 95.214844
31.738281 92.773438
31.738281 90.332031
31.738281 87.890625
31.738281 85.449219
31.738281 83.007813
31.738281 80.566406
31.738281 78.125
29.296875 75.683594
29.296875 73.242188
29.296875 70.800781
29.296875 68.359375
29.296875 65.917969
26.855469 63.476563
26.855469 61.035156
26.855469 58.59375
24.414063 56.152344
24.414063 53.710938
21.972656 51.269531
21.972656 48.828125
21.972656 46.386719
21.972656 43.945313
21.972656 41.503906
19.53125 39.0625
19.53125 36.621094
19.53125 34.179688
21.972656 31.738281
21.972656 29.296875
21.972656 26.855469
19.53125 24.414063
19.53125 21.972656
19.53125 19.53125
17.089844 17.089844
17.089844 14.648438
14.648438 12.207031
12.207031 12.207031
