7.324219 102.539063
9.765625 100.097656
12.207031 97.65625
14.648438 95.214844
17.089844 92.773438
19.53125 90.332031
21.972656 87.890625
24.414063 87.890625
26.855469 87.890625
29.296875 85.449219
31.738281 85.449219
34.179688 83.007813
36.621094 83.007813
39.0625 80.566406
41.503906 78.125
43.945313 78.125
46.386719 75.683594
48.828125 75.683594
51.269531 75.683594
53.710938 75.683594
56.152344 73.242188
58.59375 73.242188
61.035156 70.800781
63.476563 70.800781
65.917969 68.359375
68.359375 68.359375
70.800781 65.917969
73.242188 63.476563
75.683594 63.476563
78.125 61.035156
80.566406 61.035156
83.007813 58.59375
85.449219 56.152344
87.890625 56.152344
90.332031 53.710938
92.773438 53.710938
95.214844 51.269531
97.65625 48.828125
100.097656 46.386719
102.539063 43.945313
104.980469 41.503906
107.421875 39.0625
107.421875 36.621094
109.863281 34.179688
112.304688 31.738281
114.746094 29.296875
117.1875 26.855469
119.628906 24.414063
119.628906 21.972656
122.070313 19.53125
122.070313 17.089844
122.070313 2.441406
122.070313 4.882813
122.070313 7.324219
122.070313 9.765625
122.070313 12.207031
122.070313 14.648438
