12.207031 85.449219
12.207031 83.007813
14.648438 80.566406
14.648438 78.125
14.648438 75.683594
17.089844 73.242188
17.089844 70.800781
17.089844 68.359375
19.53125 65.917969
19.53125 63.476563
21.972656 61.035156
24.414063 58.59375
24.414063 56.152344
26.855469 53.710938
29.296875 51.269531
29.296875 48.828125
31.738281 46.386719
34.179688 43.945313
36.621094 41.503906
36.621094 39.0625
39.0625 36.621094
39.0625 34.179688
41.503906 31.738281
41.503906 29.296875
43.945313 26.855469
46.386719 24.414063
