24.414063 173.339844
24.414063 170.898438
24.414063 168.457031
24.414063 166.015625
21.972656 163.574219
21.972656 161.132813
21.972656 158.691406
21.972656 156.25
21.972656 153.808594
21.972656 151.367188
19.53125 148.925781
19.53125 146.484375
19.53125 144.042969
19.53125 141.601563
19.53125 139.160156
17.089844 136.71875
17.089844 134.277344
17.089844 131.835938
17.089844 129.394531
19.53125 126.953125
19.53125 124.511719
19.53125 122.070313
19.53125 119.628906
19.53125 117.1875
19.53125 114.746094
19.53125 112.304688
19.53125 109.863281
19.53125 107.421875
19.53125 104.980469
19.53125 102.539063
19.53125 100.097656
19.53125 97.65625
19.53125 95.214844
19.53125 92.773438
19.53125 90.332031
19.53125 87.890625
19.53125 85.449219
19.53125 83.007813
19.53125 80.566406
19.53125 78.125
21.972656 75.683594
21.972656 73.242188
21.972656 70.800781
21.972656 68.359375
24.414063 65.917969
24.414063 63.476563
24.414063 61.035156
24.414063 58.59375
24.414063 56.152344
24.414063 53.710938
21.972656 51.269531
21.972656 48.828125
21.972656 46.386719
19.53125 43.945313
19.53125 41.503906
19.53125 39.0625
19.53125 36.621094
21.972656 34.179688
21.972656 31.738281
24.414063 29.296875
24.414063 26.855469
26.855469 24.414063
26.855469 21.972656
29.296875 19.53125
29.296875 17.089844
29.296875 14.648438
31.738281 12.207031
31.738281 9.765625
