7.324219 156.25
9.765625 153.808594
12.207031 151.367188
14.648438 148.925781
17.089844 146.484375
19.53125 144.042969
21.972656 141.601563
24.414063 141.601563
26.855469 139.160156
29.296875 136.71875
31.738281 136.71875
34.179688 136.71875
36.621094 134.277344
39.0625 131.835938
41.503906 129.394531
43.945313 126.953125
46.386719 124.511719
48.828125 122.070313
51.269531 122.070313
53.710938 119.628906
56.152344 117.1875
58.59375 114.746094
61.035156 112.304688
63.476563 109.863281
65.917969 107.421875
68.359375 104.980469
70.800781 102.539063
73.242188 102.539063
75.683594 100.097656
78.125 100.097656
80.566406 97.65625
83.007813 95.214844
85.449219 92.773438
87.890625 92.773438
90.332031 90.332031
92.773438 87.890625
95.214844 85.449219
97.65625 83.007813
100.097656 80.566406
102.539063 78.125
104.980469 75.683594
107.421875 73.242188
109.863281 70.800781
112.304688 68.359375
114.746094 65.917969
117.1875 63.476563
117.1875 61.035156
119.628906 58.59375
122.070313 56.152344
124.511719 53.710938
126.953125 51.269531
129.394531 48.828125
129.394531 46.386719
131.835938 43.945313
134.277344 41.503906
136.71875 39.0625
139.160156 36.621094
141.601563 34.179688
141.601563 31.738281
144.042969 29.296875
144.042969 26.855469
146.484375 24.414063
148.925781 21.972656
148.925781 19.53125
151.367188 17.089844
153.808594 14.648438
156.25 12.207031
156.25 9.765625
156.25 2.441406
156.25 4.882813
156.25 7.324219
