12.207031 163.574219
12.207031 161.132813
12.207031 158.691406
12.207031 156.25
12.207031 153.808594
12.207031 151.367188
14.648438 148.925781
14.648438 146.484375
17.089844 144.042969
17.089844 141.601563
19.53125 139.160156
19.53125 136.71875
19.53125 134.277344
19.53125 131.835938
19.53125 129.394531
19.53125 126.953125
21.972656 124.511719
21.972656 122.070313
21.972656 119.628906
21.972656 117.1875
24.414063 114.746094
26.855469 112.304688
26.855469 109.863281
29.296875 107.421875
29.296875 104.980469
31.738281 102.539063
31.738281 100.097656
31.738281 97.65625
31.738281 95.214844
34.179688 92.773438
34.179688 90.332031
34.179688 87.890625
34.179688 85.449219
34.179688 83.007813
34.179688 80.566406
34.179688 78.125
34.179688 75.683594
34.179688 73.242188
34.179688 70.800781
36.621094 68.359375
36.621094 65.917969
36.621094 63.476563
36.621094 61.035156
36.621094 58.59375
39.0625 56.152344
39.0625 53.710938
39.0625 51.269531
39.0625 48.828125
39.0625 46.386719
39.0625 43.945313
41.503906 41.503906
41.503906 39.0625
41.503906 36.621094
41.503906 34.179688
43.945313 31.738281
43.945313 29.296875
43.945313 26.855469
46.386719 24.414063
46.386719 21.972656
46.386719 19.53125
46.386719 17.089844
46.386719 14.648438
46.386719 2.441406
46.386719 4.882813
46.386719 7.324219
46.386719 9.765625
46.386719 12.207031
