7.324219 48.828125
7.324219 46.386719
7.324219 43.945313
7.324219 41.503906
9.765625 39.0625
12.207031 36.621094
14.648438 34.179688
14.648438 31.738281
17.089844 29.296875
19.53125 26.855469
21.972656 26.855469
24.414063 24.414063
26.855469 21.972656
29.296875 21.972656
31.738281 19.53125
34.179688 19.53125
36.621094 19.53125
39.0625 19.53125
41.503906 19.53125
43.945313 19.53125
46.386719 19.53125
48.828125 19.53125
51.269531 17.089844
53.710938 17.089844
56.152344 17.089844
58.59375 17.089844
61.035156 17.089844
63.476563 19.53125
65.917969 19.53125
75.683594 19.53125
73.242188 19.53125
70.800781 19.53125
68.359375 19.53125
