58.59375 58.59375
58.59375 56.152344
58.59375 53.710938
58.59375 51.269531
58.59375 48.828125
58.59375 46.386719
56.152344 43.945313
56.152344 41.503906
53.710938 39.0625
51.269531 36.621094
48.828125 34.179688
46.386719 31.738281
43.945313 29.296875
41.503906 29.296875
39.0625 26.855469
36.621094 26.855469
34.179688 26.855469
31.738281 24.414063
29.296875 24.414063
26.855469 21.972656
24.414063 21.972656
21.972656 21.972656
2.441406 21.972656
4.882813 21.972656
7.324219 21.972656
9.765625 21.972656
12.207031 21.972656
14.648438 21.972656
17.089844 21.972656
19.53125 21.972656
