14.648438 139.160156
14.648438 136.71875
17.089844 134.277344
19.53125 131.835938
21.972656 129.394531
24.414063 126.953125
26.855469 126.953125
29.296875 124.511719
31.738281 124.511719
34.179688 124.511719
36.621094 122.070313
39.0625 122.070313
41.503906 122.070313
43.945313 122.070313
46.386719 119.628906
48.828125 119.628906
51.269531 119.628906
53.710938 117.1875
56.152344 117.1875
58.59375 117.1875
61.035156 117.1875
63.476563 117.1875
65.917969 117.1875
68.359375 114.746094
70.800781 114.746094
73.242188 114.746094
75.683594 114.746094
78.125 112.304688
80.566406 112.304688
83.007813 112.304688
85.449219 112.304688
87.890625 112.304688
90.332031 112.304688
92.773438 112.304688
95.214844 112.304688
97.65625 112.304688
100.097656 112.304688
102.539063 112.304688
104.980469 114.746094
107.421875 114.746094
109.863281 117.1875
112.304688 117.1875
114.746094 117.1875
117.1875 119.628906
119.628906 119.628906
122.070313 119.628906
124.511719 119.628906
126.953125 119.628906
129.394531 122.070313
131.835938 122.070313
134.277344 124.511719
136.71875 124.511719
139.160156 124.511719
141.601563 124.511719
144.042969 126.953125
146.484375 126.953125
148.925781 126.953125
151.367188 129.394531
153.808594 129.394531
156.25 129.394531
158.691406 131.835938
161.132813 131.835938
163.574219 131.835938
166.015625 134.277344
168.457031 134.277344
170.898438 134.277344
173.339844 134.277344
175.78125 136.71875
178.222656 136.71875
180.664063 136.71875
183.105469 136.71875
185.546875 139.160156
187.988281 139.160156
190.429688 139.160156
192.871094 139.160156
195.3125 139.160156
197.753906 136.71875
200.195313 136.71875
202.636719 136.71875
205.078125 134.277344
207.519531 134.277344
209.960938 134.277344
212.402344 131.835938
214.84375 131.835938
217.285156 129.394531
219.726563 131.835938
222.167969 131.835938
224.609375 134.277344
227.050781 134.277344
229.492188 134.277344
231.933594 136.71875
234.375 136.71875
236.816406 136.71875
239.257813 139.160156
241.699219 139.160156
244.140625 139.160156
246.582031 139.160156
249.023438 139.160156
251.464844 139.160156
253.90625 139.160156
256.347656 139.160156
258.789063 139.160156
261.230469 136.71875
263.671875 136.71875
266.113281 136.71875
268.554688 134.277344
270.996094 134.277344
273.4375 131.835938
275.878906 131.835938
278.320313 129.394531
280.761719 126.953125
280.761719 124.511719
283.203125 122.070313
283.203125 119.628906
285.644531 117.1875
288.085938 114.746094
288.085938 112.304688
290.527344 109.863281
290.527344 107.421875
292.96875 104.980469
292.96875 102.539063
295.410156 100.097656
297.851563 97.65625
297.851563 95.214844
300.292969 92.773438
302.734375 90.332031
302.734375 87.890625
305.175781 85.449219
305.175781 83.007813
307.617188 80.566406
307.617188 78.125
307.617188 75.683594
307.617188 73.242188
307.617188 70.800781
307.617188 68.359375
307.617188 65.917969
307.617188 63.476563
307.617188 61.035156
307.617188 58.59375
307.617188 56.152344
310.058594 53.710938
310.058594 51.269531
310.058594 48.828125
312.5 46.386719
312.5 43.945313
312.5 41.503906
312.5 39.0625
312.5 36.621094
312.5 34.179688
312.5 31.738281
312.5 29.296875
312.5 26.855469
312.5 24.414063
312.5 21.972656
312.5 19.53125
312.5 17.089844
312.5 14.648438
312.5 12.207031
