9.765625 314.941406
9.765625 312.5
9.765625 310.058594
9.765625 307.617188
9.765625 305.175781
12.207031 302.734375
12.207031 300.292969
12.207031 297.851563
12.207031 295.410156
12.207031 292.96875
14.648438 290.527344
14.648438 288.085938
14.648438 285.644531
17.089844 283.203125
17.089844 280.761719
19.53125 278.320313
19.53125 275.878906
19.53125 273.4375
21.972656 270.996094
21.972656 268.554688
21.972656 266.113281
21.972656 263.671875
21.972656 261.230469
21.972656 258.789063
21.972656 256.347656
24.414063 253.90625
24.414063 251.464844
24.414063 249.023438
24.414063 246.582031
24.414063 244.140625
24.414063 241.699219
24.414063 239.257813
24.414063 236.816406
24.414063 234.375
24.414063 231.933594
26.855469 229.492188
26.855469 227.050781
26.855469 224.609375
29.296875 222.167969
29.296875 219.726563
29.296875 217.285156
31.738281 214.84375
31.738281 212.402344
31.738281 209.960938
31.738281 207.519531
31.738281 205.078125
31.738281 202.636719
31.738281 200.195313
31.738281 197.753906
31.738281 195.3125
34.179688 192.871094
34.179688 190.429688
34.179688 187.988281
34.179688 185.546875
34.179688 183.105469
34.179688 180.664063
36.621094 178.222656
36.621094 175.78125
36.621094 173.339844
36.621094 170.898438
36.621094 168.457031
36.621094 166.015625
39.0625 163.574219
39.0625 161.132813
41.503906 158.691406
41.503906 156.25
43.945313 153.808594
46.386719 151.367188
46.386719 148.925781
46.386719 146.484375
48.828125 144.042969
48.828125 141.601563
48.828125 139.160156
51.269531 136.71875
51.269531 134.277344
53.710938 131.835938
53.710938 129.394531
53.710938 126.953125
56.152344 124.511719
56.152344 122.070313
56.152344 119.628906
58.59375 117.1875
58.59375 114.746094
61.035156 112.304688
61.035156 109.863281
63.476563 107.421875
65.917969 104.980469
68.359375 102.539063
68.359375 100.097656
70.800781 97.65625
70.800781 95.214844
73.242188 92.773438
73.242188 90.332031
75.683594 87.890625
75.683594 85.449219
75.683594 83.007813
73.242188 80.566406
73.242188 78.125
73.242188 75.683594
70.800781 73.242188
68.359375 70.800781
65.917969 68.359375
65.917969 65.917969
63.476563 63.476563
61.035156 61.035156
58.59375 58.59375
56.152344 56.152344
56.152344 53.710938
53.710938 51.269531
53.710938 48.828125
51.269531 46.386719
51.269531 43.945313
48.828125 41.503906
46.386719 39.0625
46.386719 36.621094
43.945313 34.179688
41.503906 31.738281
41.503906 29.296875
39.0625 26.855469
36.621094 24.414063
34.179688 21.972656
31.738281 19.53125
29.296875 17.089844
26.855469 14.648438
24.414063 12.207031
24.414063 9.765625
24.414063 2.441406
24.414063 4.882813
24.414063 7.324219
