9.765625 73.242188
12.207031 70.800781
14.648438 70.800781
17.089844 70.800781
19.53125 70.800781
21.972656 70.800781
24.414063 70.800781
26.855469 70.800781
29.296875 70.800781
31.738281 70.800781
34.179688 70.800781
36.621094 73.242188
39.0625 73.242188
41.503906 73.242188
43.945313 70.800781
46.386719 70.800781
48.828125 68.359375
51.269531 68.359375
53.710938 68.359375
56.152344 68.359375
58.59375 68.359375
61.035156 68.359375
63.476563 68.359375
65.917969 68.359375
68.359375 68.359375
70.800781 68.359375
73.242188 65.917969
75.683594 65.917969
78.125 65.917969
80.566406 63.476563
83.007813 61.035156
85.449219 58.59375
87.890625 58.59375
90.332031 56.152344
92.773438 56.152344
95.214844 53.710938
97.65625 51.269531
100.097656 48.828125
102.539063 48.828125
104.980469 46.386719
107.421875 46.386719
109.863281 43.945313
112.304688 43.945313
114.746094 43.945313
117.1875 43.945313
119.628906 43.945313
122.070313 41.503906
124.511719 41.503906
126.953125 39.0625
129.394531 39.0625
131.835938 36.621094
134.277344 34.179688
136.71875 31.738281
139.160156 29.296875
141.601563 26.855469
144.042969 26.855469
146.484375 26.855469
148.925781 24.414063
151.367188 24.414063
153.808594 24.414063
156.25 24.414063
158.691406 24.414063
161.132813 24.414063
163.574219 24.414063
166.015625 21.972656
168.457031 21.972656
170.898438 21.972656
173.339844 21.972656
175.78125 19.53125
178.222656 19.53125
180.664063 19.53125
183.105469 19.53125
185.546875 19.53125
187.988281 17.089844
