43.945313 126.953125
43.945313 124.511719
46.386719 122.070313
46.386719 119.628906
46.386719 117.1875
43.945313 114.746094
43.945313 112.304688
43.945313 109.863281
43.945313 107.421875
43.945313 104.980469
43.945313 102.539063
43.945313 100.097656
43.945313 97.65625
43.945313 95.214844
41.503906 92.773438
41.503906 90.332031
41.503906 87.890625
39.0625 85.449219
39.0625 83.007813
36.621094 80.566406
34.179688 78.125
34.179688 75.683594
34.179688 73.242188
34.179688 70.800781
34.179688 68.359375
34.179688 65.917969
34.179688 63.476563
31.738281 61.035156
31.738281 58.59375
31.738281 56.152344
29.296875 53.710938
29.296875 51.269531
26.855469 48.828125
26.855469 46.386719
26.855469 43.945313
24.414063 41.503906
24.414063 39.0625
24.414063 36.621094
21.972656 34.179688
21.972656 31.738281
21.972656 29.296875
21.972656 26.855469
19.53125 24.414063
19.53125 21.972656
19.53125 19.53125
19.53125 17.089844
