9.765625 170.898438
9.765625 168.457031
9.765625 166.015625
9.765625 163.574219
9.765625 161.132813
12.207031 158.691406
14.648438 156.25
17.089844 156.25
19.53125 153.808594
21.972656 151.367188
21.972656 148.925781
24.414063 146.484375
26.855469 144.042969
29.296875 141.601563
31.738281 139.160156
34.179688 136.71875
36.621094 134.277344
39.0625 131.835938
41.503906 129.394531
43.945313 126.953125
46.386719 124.511719
46.386719 122.070313
48.828125 119.628906
51.269531 117.1875
51.269531 114.746094
53.710938 112.304688
56.152344 112.304688
58.59375 109.863281
58.59375 107.421875
61.035156 104.980469
63.476563 102.539063
65.917969 100.097656
68.359375 97.65625
70.800781 95.214844
73.242188 92.773438
73.242188 90.332031
75.683594 87.890625
75.683594 85.449219
78.125 83.007813
78.125 80.566406
78.125 78.125
80.566406 75.683594
80.566406 73.242188
83.007813 70.800781
85.449219 68.359375
85.449219 65.917969
85.449219 63.476563
87.890625 61.035156
87.890625 58.59375
87.890625 56.152344
90.332031 53.710938
90.332031 51.269531
90.332031 48.828125
90.332031 46.386719
92.773438 43.945313
92.773438 41.503906
95.214844 39.0625
97.65625 36.621094
97.65625 34.179688
100.097656 31.738281
102.539063 29.296875
104.980469 26.855469
104.980469 24.414063
107.421875 21.972656
107.421875 19.53125
107.421875 17.089844
107.421875 14.648438
107.421875 12.207031
107.421875 2.441406
107.421875 4.882813
107.421875 7.324219
107.421875 9.765625
