117.1875 183.105469
114.746094 183.105469
112.304688 180.664063
109.863281 178.222656
109.863281 175.78125
107.421875 173.339844
107.421875 170.898438
104.980469 168.457031
104.980469 166.015625
102.539063 163.574219
102.539063 161.132813
102.539063 158.691406
100.097656 156.25
97.65625 153.808594
97.65625 151.367188
95.214844 148.925781
92.773438 146.484375
90.332031 144.042969
87.890625 141.601563
85.449219 139.160156
85.449219 136.71875
83.007813 134.277344
80.566406 131.835938
80.566406 129.394531
78.125 126.953125
78.125 124.511719
75.683594 122.070313
75.683594 119.628906
73.242188 117.1875
70.800781 114.746094
70.800781 112.304688
70.800781 109.863281
68.359375 107.421875
68.359375 104.980469
65.917969 102.539063
65.917969 100.097656
63.476563 97.65625
63.476563 95.214844
61.035156 92.773438
58.59375 90.332031
58.59375 87.890625
58.59375 85.449219
58.59375 83.007813
56.152344 80.566406
53.710938 78.125
53.710938 75.683594
53.710938 73.242188
51.269531 70.800781
48.828125 68.359375
48.828125 65.917969
46.386719 63.476563
43.945313 61.035156
41.503906 58.59375
41.503906 56.152344
39.0625 53.710938
36.621094 51.269531
36.621094 48.828125
34.179688 46.386719
31.738281 43.945313
31.738281 41.503906
29.296875 39.0625
26.855469 36.621094
26.855469 34.179688
24.414063 31.738281
21.972656 29.296875
21.972656 26.855469
19.53125 24.414063
19.53125 21.972656
19.53125 19.53125
17.089844 17.089844
17.089844 14.648438
17.089844 12.207031
