2.441406 31.738281
4.882813 31.738281
7.324219 31.738281
9.765625 31.738281
12.207031 31.738281
14.648438 31.738281
17.089844 34.179688
19.53125 34.179688
21.972656 34.179688
24.414063 34.179688
26.855469 34.179688
29.296875 31.738281
31.738281 31.738281
34.179688 29.296875
36.621094 29.296875
39.0625 26.855469
41.503906 26.855469
43.945313 24.414063
46.386719 24.414063
48.828125 24.414063
51.269531 21.972656
53.710938 19.53125
56.152344 19.53125
58.59375 19.53125
61.035156 17.089844
63.476563 17.089844
78.125 17.089844
75.683594 17.089844
73.242188 17.089844
70.800781 17.089844
68.359375 17.089844
65.917969 17.089844
