14.648438 73.242188
14.648438 70.800781
14.648438 68.359375
14.648438 65.917969
14.648438 63.476563
14.648438 61.035156
14.648438 58.59375
17.089844 56.152344
19.53125 56.152344
21.972656 53.710938
24.414063 53.710938
26.855469 53.710938
29.296875 53.710938
31.738281 53.710938
34.179688 53.710938
36.621094 53.710938
39.0625 53.710938
41.503906 53.710938
43.945313 53.710938
46.386719 53.710938
48.828125 51.269531
51.269531 51.269531
53.710938 48.828125
56.152344 48.828125
58.59375 46.386719
61.035156 46.386719
63.476563 46.386719
65.917969 46.386719
68.359375 46.386719
70.800781 46.386719
73.242188 46.386719
75.683594 46.386719
78.125 46.386719
80.566406 46.386719
83.007813 46.386719
85.449219 46.386719
87.890625 46.386719
90.332031 46.386719
92.773438 46.386719
95.214844 46.386719
97.65625 46.386719
100.097656 43.945313
102.539063 41.503906
104.980469 39.0625
107.421875 39.0625
109.863281 36.621094
112.304688 34.179688
114.746094 31.738281
117.1875 29.296875
119.628906 26.855469
122.070313 24.414063
122.070313 21.972656
124.511719 19.53125
124.511719 17.089844
124.511719 2.441406
124.511719 4.882813
124.511719 7.324219
124.511719 9.765625
124.511719 12.207031
124.511719 14.648438
