102.539063 153.808594
102.539063 151.367188
102.539063 148.925781
104.980469 146.484375
104.980469 144.042969
104.980469 141.601563
104.980469 139.160156
104.980469 136.71875
104.980469 134.277344
104.980469 131.835938
104.980469 129.394531
104.980469 126.953125
102.539063 124.511719
102.539063 122.070313
102.539063 119.628906
100.097656 117.1875
97.65625 114.746094
97.65625 112.304688
95.214844 109.863281
92.773438 107.421875
92.773438 104.980469
92.773438 102.539063
90.332031 100.097656
90.332031 97.65625
90.332031 95.214844
87.890625 92.773438
87.890625 90.332031
87.890625 87.890625
87.890625 85.449219
85.449219 83.007813
83.007813 80.566406
83.007813 78.125
80.566406 75.683594
80.566406 73.242188
78.125 70.800781
78.125 68.359375
75.683594 65.917969
73.242188 63.476563
73.242188 61.035156
70.800781 58.59375
70.800781 56.152344
68.359375 53.710938
65.917969 51.269531
65.917969 48.828125
63.476563 46.386719
61.035156 43.945313
58.59375 41.503906
56.152344 39.0625
53.710938 36.621094
51.269531 34.179688
48.828125 31.738281
46.386719 29.296875
43.945313 26.855469
41.503906 26.855469
39.0625 24.414063
36.621094 24.414063
34.179688 21.972656
31.738281 21.972656
29.296875 19.53125
26.855469 19.53125
24.414063 17.089844
21.972656 17.089844
19.53125 14.648438
17.089844 14.648438
14.648438 12.207031
12.207031 12.207031
