4.882813 51.269531
7.324219 48.828125
9.765625 46.386719
12.207031 43.945313
14.648438 41.503906
17.089844 39.0625
19.53125 36.621094
21.972656 34.179688
24.414063 34.179688
26.855469 34.179688
29.296875 34.179688
31.738281 31.738281
34.179688 34.179688
36.621094 34.179688
39.0625 34.179688
41.503906 31.738281
43.945313 31.738281
46.386719 31.738281
48.828125 31.738281
51.269531 31.738281
53.710938 29.296875
56.152344 31.738281
58.59375 31.738281
61.035156 31.738281
63.476563 31.738281
65.917969 31.738281
68.359375 31.738281
70.800781 31.738281
73.242188 31.738281
75.683594 29.296875
78.125 29.296875
80.566406 29.296875
83.007813 31.738281
85.449219 29.296875
87.890625 29.296875
90.332031 31.738281
92.773438 31.738281
95.214844 31.738281
97.65625 31.738281
100.097656 29.296875
102.539063 29.296875
104.980469 26.855469
107.421875 26.855469
109.863281 26.855469
112.304688 24.414063
114.746094 24.414063
117.1875 21.972656
131.835938 7.324219
129.394531 9.765625
126.953125 12.207031
124.511719 14.648438
122.070313 17.089844
119.628906 19.53125
