19.53125 109.863281
17.089844 107.421875
14.648438 104.980469
14.648438 102.539063
14.648438 100.097656
14.648438 97.65625
14.648438 95.214844
14.648438 92.773438
12.207031 90.332031
12.207031 87.890625
12.207031 85.449219
12.207031 83.007813
12.207031 80.566406
12.207031 78.125
12.207031 75.683594
12.207031 73.242188
12.207031 70.800781
12.207031 68.359375
12.207031 65.917969
12.207031 63.476563
12.207031 61.035156
14.648438 58.59375
14.648438 56.152344
14.648438 53.710938
17.089844 51.269531
17.089844 48.828125
19.53125 46.386719
21.972656 43.945313
21.972656 41.503906
24.414063 39.0625
24.414063 36.621094
24.414063 34.179688
26.855469 31.738281
26.855469 29.296875
26.855469 26.855469
29.296875 24.414063
31.738281 21.972656
31.738281 19.53125
31.738281 17.089844
31.738281 14.648438
34.179688 12.207031
34.179688 9.765625
