78.125 158.691406
75.683594 156.25
73.242188 153.808594
70.800781 151.367188
68.359375 148.925781
65.917969 148.925781
63.476563 146.484375
61.035156 144.042969
58.59375 144.042969
56.152344 141.601563
53.710938 139.160156
51.269531 136.71875
51.269531 134.277344
48.828125 131.835938
48.828125 129.394531
48.828125 126.953125
46.386719 124.511719
46.386719 122.070313
43.945313 119.628906
43.945313 117.1875
41.503906 114.746094
41.503906 112.304688
39.0625 109.863281
39.0625 107.421875
36.621094 104.980469
34.179688 102.539063
34.179688 100.097656
31.738281 97.65625
31.738281 95.214844
31.738281 92.773438
31.738281 90.332031
29.296875 87.890625
29.296875 85.449219
29.296875 83.007813
29.296875 80.566406
29.296875 78.125
29.296875 75.683594
29.296875 73.242188
29.296875 70.800781
26.855469 68.359375
26.855469 65.917969
24.414063 63.476563
24.414063 61.035156
24.414063 58.59375
24.414063 56.152344
21.972656 53.710938
21.972656 51.269531
21.972656 48.828125
21.972656 46.386719
19.53125 43.945313
19.53125 41.503906
19.53125 39.0625
19.53125 36.621094
19.53125 34.179688
17.089844 31.738281
17.089844 29.296875
17.089844 26.855469
17.089844 24.414063
17.089844 21.972656
17.089844 19.53125
19.53125 17.089844
19.53125 14.648438
