68.359375 122.070313
65.917969 122.070313
63.476563 122.070313
61.035156 122.070313
58.59375 122.070313
56.152344 122.070313
53.710938 119.628906
51.269531 117.1875
48.828125 114.746094
48.828125 112.304688
46.386719 109.863281
46.386719 107.421875
46.386719 104.980469
46.386719 102.539063
46.386719 100.097656
43.945313 97.65625
43.945313 95.214844
43.945313 92.773438
43.945313 90.332031
43.945313 87.890625
41.503906 85.449219
41.503906 83.007813
41.503906 80.566406
41.503906 78.125
39.0625 75.683594
39.0625 73.242188
39.0625 70.800781
36.621094 68.359375
36.621094 65.917969
34.179688 63.476563
34.179688 61.035156
31.738281 58.59375
31.738281 56.152344
29.296875 53.710938
26.855469 51.269531
24.414063 48.828125
24.414063 46.386719
21.972656 43.945313
19.53125 41.503906
17.089844 39.0625
17.089844 36.621094
14.648438 34.179688
12.207031 31.738281
12.207031 29.296875
12.207031 26.855469
12.207031 24.414063
12.207031 21.972656
12.207031 19.53125
9.765625 17.089844
9.765625 14.648438
9.765625 12.207031
9.765625 9.765625
7.324219 7.324219
7.324219 4.882813
7.324219 2.441406
