78.125 134.277344
78.125 131.835938
78.125 129.394531
75.683594 126.953125
75.683594 124.511719
75.683594 122.070313
75.683594 119.628906
75.683594 117.1875
73.242188 114.746094
73.242188 112.304688
73.242188 109.863281
70.800781 107.421875
68.359375 104.980469
68.359375 102.539063
65.917969 100.097656
65.917969 97.65625
63.476563 95.214844
61.035156 92.773438
61.035156 90.332031
58.59375 87.890625
58.59375 85.449219
56.152344 83.007813
53.710938 80.566406
53.710938 78.125
53.710938 75.683594
51.269531 73.242188
51.269531 70.800781
48.828125 68.359375
48.828125 65.917969
46.386719 63.476563
46.386719 61.035156
46.386719 58.59375
43.945313 56.152344
43.945313 53.710938
41.503906 51.269531
39.0625 48.828125
39.0625 46.386719
36.621094 43.945313
36.621094 41.503906
34.179688 39.0625
31.738281 36.621094
31.738281 34.179688
29.296875 31.738281
29.296875 29.296875
26.855469 26.855469
24.414063 24.414063
21.972656 21.972656
19.53125 19.53125
19.53125 17.089844
17.089844 14.648438
14.648438 12.207031
12.207031 12.207031
2.441406 12.207031
4.882813 12.207031
7.324219 12.207031
9.765625 12.207031
