344.238281 144.042969
344.238281 141.601563
344.238281 139.160156
344.238281 136.71875
344.238281 134.277344
344.238281 131.835938
341.796875 129.394531
339.355469 129.394531
336.914063 129.394531
334.472656 129.394531
332.03125 126.953125
329.589844 124.511719
327.148438 124.511719
324.707031 122.070313
322.265625 122.070313
319.824219 119.628906
317.382813 119.628906
314.941406 119.628906
312.5 117.1875
310.058594 114.746094
307.617188 114.746094
305.175781 114.746094
302.734375 112.304688
300.292969 112.304688
297.851563 109.863281
295.410156 109.863281
292.96875 109.863281
290.527344 107.421875
288.085938 107.421875
285.644531 107.421875
283.203125 107.421875
280.761719 104.980469
278.320313 104.980469
275.878906 104.980469
273.4375 104.980469
270.996094 102.539063
268.554688 102.539063
266.113281 102.539063
263.671875 100.097656
261.230469 100.097656
258.789063 97.65625
256.347656 97.65625
253.90625 97.65625
251.464844 95.214844
249.023438 95.214844
246.582031 92.773438
244.140625 92.773438
241.699219 92.773438
239.257813 90.332031
236.816406 90.332031
234.375 87.890625
231.933594 87.890625
229.492188 85.449219
227.050781 85.449219
224.609375 85.449219
222.167969 83.007813
219.726563 83.007813
217.285156 83.007813
214.84375 80.566406
212.402344 80.566406
209.960938 80.566406
207.519531 78.125
205.078125 78.125
202.636719 75.683594
200.195313 75.683594
197.753906 75.683594
195.3125 73.242188
192.871094 73.242188
190.429688 73.242188
187.988281 70.800781
185.546875 70.800781
183.105469 70.800781
180.664063 70.800781
178.222656 68.359375
175.78125 68.359375
173.339844 68.359375
170.898438 68.359375
168.457031 65.917969
166.015625 65.917969
163.574219 65.917969
161.132813 65.917969
158.691406 65.917969
156.25 65.917969
153.808594 63.476563
151.367188 63.476563
148.925781 63.476563
146.484375 63.476563
144.042969 63.476563
141.601563 63.476563
139.160156 61.035156
136.71875 61.035156
134.277344 61.035156
131.835938 61.035156
129.394531 61.035156
126.953125 58.59375
124.511719 58.59375
122.070313 56.152344
119.628906 56.152344
117.1875 56.152344
114.746094 53.710938
112.304688 53.710938
109.863281 53.710938
107.421875 51.269531
104.980469 51.269531
102.539063 51.269531
100.097656 51.269531
97.65625 51.269531
95.214844 48.828125
92.773438 48.828125
90.332031 48.828125
87.890625 46.386719
85.449219 46.386719
83.007813 46.386719
80.566406 43.945313
78.125 43.945313
75.683594 43.945313
73.242188 43.945313
70.800781 43.945313
68.359375 41.503906
65.917969 41.503906
63.476563 41.503906
61.035156 41.503906
58.59375 41.503906
56.152344 39.0625
53.710938 36.621094
51.269531 36.621094
48.828125 36.621094
46.386719 34.179688
43.945313 34.179688
41.503906 31.738281
39.0625 31.738281
36.621094 29.296875
34.179688 26.855469
31.738281 24.414063
29.296875 21.972656
26.855469 21.972656
24.414063 19.53125
21.972656 19.53125
19.53125 19.53125
2.441406 19.53125
4.882813 19.53125
7.324219 19.53125
9.765625 19.53125
12.207031 19.53125
14.648438 19.53125
17.089844 19.53125
