19.53125 102.539063
19.53125 100.097656
19.53125 97.65625
17.089844 95.214844
17.089844 92.773438
17.089844 90.332031
17.089844 87.890625
17.089844 85.449219
19.53125 83.007813
19.53125 80.566406
19.53125 78.125
21.972656 75.683594
21.972656 73.242188
21.972656 70.800781
21.972656 68.359375
21.972656 65.917969
21.972656 63.476563
21.972656 61.035156
24.414063 58.59375
24.414063 56.152344
24.414063 53.710938
24.414063 51.269531
24.414063 48.828125
24.414063 46.386719
24.414063 43.945313
26.855469 41.503906
26.855469 39.0625
26.855469 36.621094
29.296875 34.179688
29.296875 31.738281
29.296875 29.296875
29.296875 26.855469
29.296875 24.414063
29.296875 21.972656
29.296875 19.53125
29.296875 17.089844
29.296875 14.648438
29.296875 12.207031
26.855469 9.765625
26.855469 7.324219
26.855469 4.882813
26.855469 2.441406
