19.53125 85.449219
19.53125 83.007813
19.53125 80.566406
19.53125 78.125
19.53125 75.683594
19.53125 73.242188
19.53125 70.800781
19.53125 68.359375
19.53125 65.917969
19.53125 63.476563
19.53125 61.035156
21.972656 58.59375
21.972656 56.152344
24.414063 53.710938
24.414063 51.269531
26.855469 48.828125
26.855469 46.386719
26.855469 43.945313
29.296875 41.503906
29.296875 39.0625
29.296875 36.621094
31.738281 34.179688
31.738281 31.738281
31.738281 29.296875
31.738281 26.855469
31.738281 24.414063
31.738281 21.972656
31.738281 19.53125
31.738281 17.089844
31.738281 14.648438
31.738281 12.207031
31.738281 2.441406
31.738281 4.882813
31.738281 7.324219
31.738281 9.765625
