24.414063 236.816406
24.414063 234.375
24.414063 231.933594
24.414063 229.492188
24.414063 227.050781
24.414063 224.609375
24.414063 222.167969
24.414063 219.726563
26.855469 217.285156
26.855469 214.84375
26.855469 212.402344
26.855469 209.960938
26.855469 207.519531
26.855469 205.078125
26.855469 202.636719
26.855469 200.195313
26.855469 197.753906
24.414063 195.3125
24.414063 192.871094
24.414063 190.429688
24.414063 187.988281
24.414063 185.546875
24.414063 183.105469
24.414063 180.664063
26.855469 178.222656
26.855469 175.78125
26.855469 173.339844
26.855469 170.898438
26.855469 168.457031
26.855469 166.015625
26.855469 163.574219
26.855469 161.132813
26.855469 158.691406
26.855469 156.25
26.855469 153.808594
26.855469 151.367188
26.855469 148.925781
26.855469 146.484375
26.855469 144.042969
26.855469 141.601563
29.296875 139.160156
29.296875 136.71875
29.296875 134.277344
29.296875 131.835938
29.296875 129.394531
29.296875 126.953125
29.296875 124.511719
29.296875 122.070313
29.296875 119.628906
29.296875 117.1875
29.296875 114.746094
29.296875 112.304688
29.296875 109.863281
29.296875 107.421875
29.296875 104.980469
31.738281 102.539063
31.738281 100.097656
31.738281 97.65625
31.738281 95.214844
34.179688 92.773438
34.179688 90.332031
34.179688 87.890625
34.179688 85.449219
34.179688 83.007813
34.179688 80.566406
34.179688 78.125
34.179688 75.683594
34.179688 73.242188
34.179688 70.800781
34.179688 68.359375
34.179688 65.917969
34.179688 63.476563
34.179688 61.035156
31.738281 58.59375
31.738281 56.152344
31.738281 53.710938
31.738281 51.269531
31.738281 48.828125
29.296875 46.386719
29.296875 43.945313
26.855469 41.503906
26.855469 39.0625
26.855469 36.621094
26.855469 34.179688
24.414063 31.738281
24.414063 29.296875
21.972656 26.855469
21.972656 24.414063
19.53125 21.972656
19.53125 19.53125
17.089844 17.089844
17.089844 14.648438
17.089844 2.441406
17.089844 4.882813
17.089844 7.324219
17.089844 9.765625
17.089844 12.207031
