58.59375 87.890625
61.035156 87.890625
63.476563 87.890625
65.917969 85.449219
68.359375 85.449219
70.800781 83.007813
73.242188 83.007813
75.683594 80.566406
78.125 78.125
80.566406 75.683594
83.007813 73.242188
80.566406 70.800781
78.125 68.359375
75.683594 65.917969
73.242188 63.476563
70.800781 61.035156
68.359375 58.59375
65.917969 56.152344
63.476563 53.710938
61.035156 53.710938
58.59375 51.269531
56.152344 48.828125
53.710938 46.386719
51.269531 43.945313
51.269531 41.503906
51.269531 39.0625
48.828125 36.621094
46.386719 34.179688
43.945313 31.738281
41.503906 29.296875
39.0625 26.855469
36.621094 26.855469
34.179688 24.414063
31.738281 21.972656
29.296875 19.53125
26.855469 17.089844
24.414063 17.089844
21.972656 14.648438
19.53125 12.207031
17.089844 12.207031
14.648438 12.207031
12.207031 12.207031
