158.691406 58.59375
156.25 56.152344
153.808594 53.710938
151.367188 51.269531
148.925781 48.828125
146.484375 48.828125
144.042969 46.386719
141.601563 46.386719
139.160156 43.945313
136.71875 43.945313
134.277344 43.945313
131.835938 43.945313
129.394531 43.945313
126.953125 41.503906
124.511719 41.503906
122.070313 41.503906
119.628906 39.0625
117.1875 39.0625
114.746094 36.621094
112.304688 36.621094
109.863281 36.621094
107.421875 36.621094
104.980469 36.621094
102.539063 36.621094
100.097656 36.621094
97.65625 36.621094
95.214844 36.621094
92.773438 36.621094
90.332031 36.621094
87.890625 36.621094
85.449219 34.179688
83.007813 34.179688
80.566406 34.179688
78.125 34.179688
75.683594 34.179688
73.242188 34.179688
70.800781 31.738281
68.359375 31.738281
65.917969 31.738281
63.476563 31.738281
61.035156 29.296875
58.59375 29.296875
56.152344 29.296875
53.710938 29.296875
51.269531 26.855469
48.828125 26.855469
46.386719 26.855469
43.945313 24.414063
41.503906 21.972656
39.0625 21.972656
36.621094 19.53125
34.179688 19.53125
31.738281 17.089844
29.296875 17.089844
26.855469 17.089844
24.414063 17.089844
21.972656 17.089844
19.53125 14.648438
17.089844 14.648438
14.648438 14.648438
2.441406 14.648438
4.882813 14.648438
7.324219 14.648438
9.765625 14.648438
12.207031 14.648438
