7.324219 75.683594
9.765625 73.242188
12.207031 70.800781
14.648438 68.359375
17.089844 65.917969
19.53125 65.917969
21.972656 65.917969
24.414063 65.917969
26.855469 63.476563
29.296875 63.476563
31.738281 61.035156
34.179688 61.035156
36.621094 58.59375
39.0625 58.59375
41.503906 58.59375
43.945313 56.152344
46.386719 56.152344
48.828125 56.152344
51.269531 53.710938
53.710938 53.710938
56.152344 51.269531
58.59375 51.269531
61.035156 51.269531
63.476563 51.269531
65.917969 51.269531
68.359375 51.269531
70.800781 48.828125
73.242188 48.828125
75.683594 46.386719
78.125 46.386719
80.566406 46.386719
83.007813 43.945313
85.449219 43.945313
87.890625 41.503906
90.332031 41.503906
92.773438 41.503906
95.214844 39.0625
97.65625 39.0625
100.097656 39.0625
102.539063 39.0625
104.980469 36.621094
107.421875 36.621094
109.863281 36.621094
112.304688 34.179688
114.746094 34.179688
117.1875 31.738281
119.628906 31.738281
122.070313 29.296875
124.511719 29.296875
126.953125 26.855469
129.394531 26.855469
131.835938 24.414063
134.277344 24.414063
136.71875 24.414063
139.160156 21.972656
141.601563 21.972656
144.042969 21.972656
146.484375 21.972656
148.925781 19.53125
151.367188 19.53125
153.808594 19.53125
156.25 17.089844
158.691406 17.089844
161.132813 17.089844
163.574219 14.648438
166.015625 14.648438
168.457031 14.648438
170.898438 12.207031
173.339844 9.765625
