14.648438 65.917969
14.648438 63.476563
14.648438 61.035156
14.648438 58.59375
14.648438 56.152344
14.648438 53.710938
14.648438 51.269531
17.089844 48.828125
17.089844 46.386719
19.53125 43.945313
21.972656 41.503906
24.414063 39.0625
26.855469 39.0625
29.296875 39.0625
31.738281 39.0625
34.179688 36.621094
36.621094 34.179688
39.0625 34.179688
41.503906 31.738281
43.945313 29.296875
46.386719 29.296875
48.828125 29.296875
51.269531 26.855469
53.710938 26.855469
56.152344 24.414063
58.59375 24.414063
61.035156 24.414063
63.476563 24.414063
65.917969 24.414063
68.359375 24.414063
70.800781 21.972656
73.242188 21.972656
75.683594 21.972656
78.125 21.972656
80.566406 21.972656
83.007813 21.972656
85.449219 19.53125
87.890625 19.53125
90.332031 19.53125
92.773438 19.53125
95.214844 19.53125
97.65625 19.53125
100.097656 19.53125
102.539063 19.53125
104.980469 19.53125
107.421875 17.089844
109.863281 17.089844
112.304688 17.089844
114.746094 17.089844
117.1875 17.089844
119.628906 17.089844
122.070313 17.089844
124.511719 17.089844
126.953125 14.648438
129.394531 14.648438
131.835938 14.648438
134.277344 14.648438
136.71875 14.648438
139.160156 14.648438
141.601563 14.648438
144.042969 14.648438
146.484375 14.648438
148.925781 14.648438
151.367188 14.648438
153.808594 14.648438
156.25 12.207031
158.691406 12.207031
161.132813 12.207031
163.574219 12.207031
166.015625 14.648438
168.457031 12.207031
170.898438 12.207031
173.339844 14.648438
175.78125 12.207031
178.222656 12.207031
180.664063 12.207031
183.105469 12.207031
185.546875 12.207031
187.988281 12.207031
190.429688 12.207031
192.871094 12.207031
195.3125 14.648438
197.753906 14.648438
200.195313 14.648438
202.636719 17.089844
205.078125 17.089844
207.519531 17.089844
209.960938 17.089844
212.402344 17.089844
214.84375 17.089844
217.285156 17.089844
219.726563 17.089844
222.167969 17.089844
224.609375 17.089844
227.050781 19.53125
229.492188 19.53125
231.933594 19.53125
234.375 21.972656
236.816406 21.972656
239.257813 21.972656
241.699219 24.414063
244.140625 24.414063
246.582031 24.414063
249.023438 26.855469
251.464844 26.855469
263.671875 26.855469
261.230469 26.855469
258.789063 26.855469
256.347656 26.855469
253.90625 26.855469
