102.539063 24.414063
100.097656 24.414063
97.65625 24.414063
95.214844 24.414063
92.773438 24.414063
90.332031 24.414063
87.890625 21.972656
85.449219 21.972656
83.007813 21.972656
80.566406 21.972656
78.125 21.972656
75.683594 21.972656
73.242188 21.972656
70.800781 21.972656
68.359375 21.972656
65.917969 19.53125
63.476563 19.53125
61.035156 19.53125
58.59375 19.53125
56.152344 19.53125
53.710938 19.53125
51.269531 21.972656
48.828125 19.53125
46.386719 19.53125
43.945313 19.53125
41.503906 19.53125
39.0625 19.53125
36.621094 19.53125
34.179688 19.53125
31.738281 21.972656
29.296875 21.972656
26.855469 21.972656
24.414063 21.972656
21.972656 24.414063
19.53125 24.414063
17.089844 24.414063
2.441406 24.414063
4.882813 24.414063
7.324219 24.414063
9.765625 24.414063
12.207031 24.414063
14.648438 24.414063
