205.078125 234.375
205.078125 231.933594
202.636719 229.492188
200.195313 227.050781
197.753906 224.609375
195.3125 222.167969
192.871094 219.726563
190.429688 217.285156
187.988281 214.84375
185.546875 212.402344
183.105469 209.960938
180.664063 207.519531
180.664063 205.078125
180.664063 202.636719
178.222656 200.195313
178.222656 197.753906
175.78125 195.3125
175.78125 192.871094
173.339844 190.429688
173.339844 187.988281
170.898438 185.546875
168.457031 183.105469
166.015625 180.664063
166.015625 178.222656
163.574219 175.78125
163.574219 173.339844
161.132813 170.898438
158.691406 168.457031
158.691406 166.015625
156.25 163.574219
153.808594 161.132813
151.367188 158.691406
148.925781 156.25
146.484375 153.808594
144.042969 151.367188
141.601563 148.925781
139.160156 146.484375
139.160156 144.042969
136.71875 141.601563
134.277344 139.160156
134.277344 136.71875
131.835938 134.277344
129.394531 131.835938
129.394531 129.394531
126.953125 126.953125
124.511719 124.511719
122.070313 122.070313
119.628906 119.628906
119.628906 117.1875
117.1875 114.746094
114.746094 112.304688
112.304688 109.863281
109.863281 107.421875
107.421875 104.980469
104.980469 102.539063
102.539063 100.097656
100.097656 97.65625
97.65625 95.214844
95.214844 92.773438
92.773438 90.332031
90.332031 87.890625
87.890625 85.449219
85.449219 83.007813
83.007813 80.566406
80.566406 78.125
78.125 75.683594
75.683594 73.242188
73.242188 70.800781
70.800781 70.800781
68.359375 68.359375
65.917969 65.917969
63.476563 63.476563
61.035156 61.035156
58.59375 58.59375
56.152344 56.152344
53.710938 53.710938
51.269531 51.269531
48.828125 48.828125
46.386719 46.386719
43.945313 43.945313
41.503906 41.503906
39.0625 39.0625
36.621094 36.621094
34.179688 34.179688
31.738281 31.738281
29.296875 29.296875
29.296875 26.855469
26.855469 24.414063
24.414063 21.972656
21.972656 19.53125
19.53125 19.53125
