14.648438 166.015625
14.648438 163.574219
17.089844 161.132813
17.089844 158.691406
17.089844 156.25
19.53125 153.808594
21.972656 151.367188
21.972656 148.925781
21.972656 146.484375
24.414063 144.042969
26.855469 141.601563
26.855469 139.160156
26.855469 136.71875
29.296875 134.277344
29.296875 131.835938
31.738281 129.394531
31.738281 126.953125
34.179688 124.511719
36.621094 122.070313
39.0625 119.628906
39.0625 117.1875
41.503906 114.746094
43.945313 112.304688
43.945313 109.863281
46.386719 107.421875
48.828125 104.980469
48.828125 102.539063
48.828125 100.097656
51.269531 97.65625
51.269531 95.214844
51.269531 92.773438
53.710938 90.332031
53.710938 87.890625
56.152344 85.449219
56.152344 83.007813
58.59375 80.566406
58.59375 78.125
58.59375 75.683594
61.035156 73.242188
61.035156 70.800781
63.476563 68.359375
63.476563 65.917969
63.476563 63.476563
63.476563 61.035156
65.917969 58.59375
65.917969 56.152344
65.917969 53.710938
65.917969 51.269531
65.917969 48.828125
65.917969 46.386719
68.359375 43.945313
68.359375 41.503906
68.359375 39.0625
68.359375 36.621094
68.359375 34.179688
70.800781 31.738281
70.800781 29.296875
70.800781 26.855469
73.242188 24.414063
75.683594 21.972656
75.683594 19.53125
75.683594 17.089844
78.125 14.648438
80.566406 12.207031
