75.683594 78.125
75.683594 75.683594
73.242188 73.242188
70.800781 70.800781
68.359375 68.359375
68.359375 65.917969
65.917969 63.476563
63.476563 61.035156
61.035156 58.59375
58.59375 56.152344
56.152344 53.710938
53.710938 51.269531
51.269531 48.828125
48.828125 46.386719
46.386719 43.945313
43.945313 43.945313
41.503906 41.503906
39.0625 39.0625
36.621094 36.621094
34.179688 34.179688
31.738281 34.179688
29.296875 31.738281
26.855469 29.296875
24.414063 26.855469
21.972656 24.414063
19.53125 21.972656
17.089844 19.53125
17.089844 17.089844
14.648438 14.648438
14.648438 12.207031
