9.765625 170.898438
9.765625 168.457031
12.207031 166.015625
14.648438 163.574219
17.089844 161.132813
19.53125 158.691406
21.972656 158.691406
24.414063 156.25
26.855469 156.25
29.296875 153.808594
31.738281 151.367188
34.179688 151.367188
36.621094 148.925781
39.0625 146.484375
39.0625 144.042969
41.503906 141.601563
43.945313 139.160156
43.945313 136.71875
46.386719 134.277344
48.828125 131.835938
48.828125 129.394531
51.269531 126.953125
53.710938 124.511719
53.710938 122.070313
56.152344 119.628906
56.152344 117.1875
58.59375 114.746094
61.035156 112.304688
63.476563 109.863281
63.476563 107.421875
65.917969 104.980469
65.917969 102.539063
68.359375 100.097656
70.800781 97.65625
73.242188 95.214844
73.242188 92.773438
75.683594 90.332031
75.683594 87.890625
78.125 85.449219
80.566406 83.007813
80.566406 80.566406
83.007813 78.125
83.007813 75.683594
85.449219 73.242188
87.890625 70.800781
90.332031 68.359375
90.332031 65.917969
92.773438 63.476563
95.214844 61.035156
95.214844 58.59375
97.65625 56.152344
100.097656 53.710938
100.097656 51.269531
100.097656 48.828125
102.539063 46.386719
104.980469 43.945313
104.980469 41.503906
107.421875 39.0625
107.421875 36.621094
109.863281 34.179688
112.304688 31.738281
114.746094 29.296875
117.1875 26.855469
119.628906 24.414063
122.070313 21.972656
122.070313 19.53125
