39.0625 129.394531
39.0625 126.953125
39.0625 124.511719
39.0625 122.070313
39.0625 119.628906
39.0625 117.1875
39.0625 114.746094
36.621094 112.304688
36.621094 109.863281
36.621094 107.421875
34.179688 104.980469
34.179688 102.539063
34.179688 100.097656
31.738281 97.65625
31.738281 95.214844
31.738281 92.773438
31.738281 90.332031
31.738281 87.890625
31.738281 85.449219
31.738281 83.007813
31.738281 80.566406
31.738281 78.125
31.738281 75.683594
29.296875 73.242188
29.296875 70.800781
29.296875 68.359375
26.855469 65.917969
26.855469 63.476563
26.855469 61.035156
26.855469 58.59375
26.855469 56.152344
26.855469 53.710938
26.855469 51.269531
26.855469 48.828125
26.855469 46.386719
26.855469 43.945313
24.414063 41.503906
24.414063 39.0625
24.414063 36.621094
24.414063 34.179688
21.972656 31.738281
21.972656 29.296875
19.53125 26.855469
19.53125 24.414063
19.53125 21.972656
17.089844 19.53125
17.089844 17.089844
17.089844 14.648438
17.089844 2.441406
17.089844 4.882813
17.089844 7.324219
17.089844 9.765625
17.089844 12.207031
