78.125 34.179688
75.683594 34.179688
73.242188 31.738281
70.800781 31.738281
68.359375 29.296875
65.917969 29.296875
63.476563 29.296875
61.035156 29.296875
58.59375 29.296875
56.152344 29.296875
53.710938 29.296875
51.269531 26.855469
48.828125 26.855469
46.386719 26.855469
43.945313 26.855469
41.503906 26.855469
39.0625 24.414063
36.621094 24.414063
34.179688 24.414063
31.738281 21.972656
29.296875 21.972656
26.855469 19.53125
24.414063 19.53125
21.972656 19.53125
19.53125 17.089844
17.089844 17.089844
14.648438 14.648438
12.207031 12.207031
12.207031 9.765625
