129.394531 229.492188
129.394531 227.050781
129.394531 224.609375
129.394531 222.167969
129.394531 219.726563
126.953125 217.285156
126.953125 214.84375
124.511719 212.402344
124.511719 209.960938
124.511719 207.519531
122.070313 205.078125
122.070313 202.636719
119.628906 200.195313
119.628906 197.753906
117.1875 195.3125
114.746094 192.871094
114.746094 190.429688
112.304688 187.988281
112.304688 185.546875
109.863281 183.105469
109.863281 180.664063
107.421875 178.222656
107.421875 175.78125
104.980469 173.339844
104.980469 170.898438
102.539063 168.457031
102.539063 166.015625
100.097656 163.574219
100.097656 161.132813
97.65625 158.691406
97.65625 156.25
95.214844 153.808594
95.214844 151.367188
92.773438 148.925781
90.332031 146.484375
87.890625 144.042969
87.890625 141.601563
85.449219 139.160156
85.449219 136.71875
83.007813 134.277344
83.007813 131.835938
80.566406 129.394531
80.566406 126.953125
78.125 124.511719
75.683594 122.070313
75.683594 119.628906
73.242188 117.1875
70.800781 114.746094
70.800781 112.304688
68.359375 109.863281
68.359375 107.421875
65.917969 104.980469
63.476563 102.539063
61.035156 100.097656
58.59375 97.65625
58.59375 95.214844
56.152344 92.773438
53.710938 90.332031
51.269531 87.890625
51.269531 85.449219
48.828125 83.007813
48.828125 80.566406
46.386719 78.125
43.945313 75.683594
43.945313 73.242188
41.503906 70.800781
41.503906 68.359375
39.0625 65.917969
39.0625 63.476563
36.621094 61.035156
36.621094 58.59375
36.621094 56.152344
34.179688 53.710938
31.738281 51.269531
31.738281 48.828125
31.738281 46.386719
29.296875 43.945313
29.296875 41.503906
29.296875 39.0625
26.855469 36.621094
26.855469 34.179688
24.414063 31.738281
24.414063 29.296875
21.972656 26.855469
19.53125 24.414063
17.089844 21.972656
17.089844 19.53125
17.089844 17.089844
14.648438 14.648438
