29.296875 297.851563
26.855469 297.851563
24.414063 295.410156
21.972656 292.96875
19.53125 290.527344
17.089844 288.085938
17.089844 285.644531
19.53125 283.203125
19.53125 280.761719
21.972656 278.320313
24.414063 275.878906
26.855469 273.4375
26.855469 270.996094
29.296875 268.554688
29.296875 266.113281
31.738281 263.671875
31.738281 261.230469
31.738281 258.789063
31.738281 256.347656
31.738281 253.90625
31.738281 251.464844
31.738281 249.023438
31.738281 246.582031
31.738281 244.140625
31.738281 241.699219
34.179688 239.257813
34.179688 236.816406
36.621094 234.375
39.0625 231.933594
41.503906 229.492188
41.503906 227.050781
41.503906 224.609375
39.0625 222.167969
41.503906 219.726563
41.503906 217.285156
41.503906 214.84375
41.503906 212.402344
41.503906 209.960938
41.503906 207.519531
41.503906 205.078125
41.503906 202.636719
41.503906 200.195313
41.503906 197.753906
41.503906 195.3125
43.945313 192.871094
43.945313 190.429688
46.386719 187.988281
48.828125 185.546875
51.269531 183.105469
51.269531 180.664063
51.269531 178.222656
53.710938 175.78125
53.710938 173.339844
53.710938 170.898438
53.710938 168.457031
53.710938 166.015625
53.710938 163.574219
53.710938 161.132813
53.710938 158.691406
56.152344 156.25
56.152344 153.808594
56.152344 151.367188
58.59375 148.925781
61.035156 146.484375
61.035156 144.042969
63.476563 141.601563
65.917969 139.160156
65.917969 136.71875
68.359375 134.277344
70.800781 131.835938
68.359375 129.394531
68.359375 126.953125
68.359375 124.511719
68.359375 122.070313
68.359375 119.628906
70.800781 117.1875
70.800781 114.746094
70.800781 112.304688
73.242188 109.863281
73.242188 107.421875
75.683594 104.980469
78.125 102.539063
80.566406 100.097656
80.566406 97.65625
83.007813 95.214844
85.449219 92.773438
85.449219 90.332031
85.449219 87.890625
85.449219 85.449219
85.449219 83.007813
85.449219 80.566406
85.449219 78.125
85.449219 75.683594
85.449219 73.242188
87.890625 70.800781
90.332031 68.359375
92.773438 65.917969
92.773438 63.476563
95.214844 61.035156
97.65625 58.59375
100.097656 56.152344
100.097656 53.710938
100.097656 51.269531
102.539063 48.828125
102.539063 46.386719
102.539063 43.945313
102.539063 41.503906
102.539063 39.0625
102.539063 36.621094
102.539063 34.179688
102.539063 31.738281
104.980469 29.296875
104.980469 26.855469
104.980469 24.414063
107.421875 21.972656
109.863281 19.53125
109.863281 17.089844
109.863281 14.648438
109.863281 12.207031
109.863281 9.765625
109.863281 7.324219
