17.089844 156.25
17.089844 153.808594
17.089844 151.367188
19.53125 148.925781
19.53125 146.484375
19.53125 144.042969
19.53125 141.601563
19.53125 139.160156
19.53125 136.71875
19.53125 134.277344
19.53125 131.835938
19.53125 129.394531
19.53125 126.953125
19.53125 124.511719
19.53125 122.070313
19.53125 119.628906
19.53125 117.1875
19.53125 114.746094
19.53125 112.304688
19.53125 109.863281
19.53125 107.421875
19.53125 104.980469
19.53125 102.539063
19.53125 100.097656
17.089844 97.65625
17.089844 95.214844
17.089844 92.773438
17.089844 90.332031
17.089844 87.890625
17.089844 85.449219
17.089844 83.007813
17.089844 80.566406
17.089844 78.125
17.089844 75.683594
17.089844 73.242188
17.089844 70.800781
17.089844 68.359375
17.089844 65.917969
17.089844 63.476563
17.089844 61.035156
17.089844 58.59375
17.089844 56.152344
19.53125 53.710938
19.53125 51.269531
19.53125 48.828125
19.53125 46.386719
21.972656 43.945313
21.972656 41.503906
21.972656 39.0625
21.972656 36.621094
21.972656 34.179688
21.972656 31.738281
21.972656 29.296875
24.414063 26.855469
24.414063 24.414063
24.414063 21.972656
24.414063 19.53125
24.414063 17.089844
24.414063 14.648438
24.414063 12.207031
24.414063 9.765625
24.414063 7.324219
