14.648438 80.566406
14.648438 78.125
14.648438 75.683594
14.648438 73.242188
14.648438 70.800781
14.648438 68.359375
14.648438 65.917969
17.089844 63.476563
19.53125 61.035156
21.972656 58.59375
21.972656 56.152344
24.414063 53.710938
26.855469 51.269531
29.296875 48.828125
31.738281 46.386719
34.179688 46.386719
36.621094 43.945313
39.0625 41.503906
41.503906 41.503906
43.945313 39.0625
46.386719 36.621094
48.828125 36.621094
51.269531 34.179688
53.710938 31.738281
56.152344 29.296875
58.59375 26.855469
61.035156 24.414063
63.476563 21.972656
78.125 7.324219
75.683594 9.765625
73.242188 12.207031
70.800781 14.648438
68.359375 17.089844
65.917969 19.53125
