158.691406 117.1875
156.25 117.1875
153.808594 114.746094
151.367188 112.304688
148.925781 112.304688
146.484375 109.863281
144.042969 107.421875
141.601563 104.980469
139.160156 102.539063
136.71875 100.097656
134.277344 97.65625
131.835938 95.214844
129.394531 92.773438
126.953125 92.773438
124.511719 90.332031
122.070313 87.890625
119.628906 85.449219
117.1875 83.007813
114.746094 80.566406
112.304688 80.566406
109.863281 78.125
107.421875 75.683594
104.980469 73.242188
102.539063 73.242188
100.097656 70.800781
97.65625 68.359375
95.214844 68.359375
92.773438 65.917969
90.332031 63.476563
87.890625 61.035156
85.449219 58.59375
83.007813 56.152344
80.566406 53.710938
78.125 51.269531
75.683594 48.828125
73.242188 48.828125
70.800781 48.828125
68.359375 46.386719
65.917969 46.386719
63.476563 43.945313
61.035156 43.945313
58.59375 41.503906
56.152344 41.503906
53.710938 39.0625
51.269531 39.0625
48.828125 36.621094
46.386719 36.621094
43.945313 34.179688
41.503906 31.738281
39.0625 31.738281
36.621094 29.296875
34.179688 29.296875
31.738281 26.855469
29.296875 26.855469
26.855469 24.414063
24.414063 24.414063
21.972656 21.972656
21.972656 19.53125
19.53125 17.089844
17.089844 14.648438
14.648438 14.648438
