124.511719 56.152344
122.070313 56.152344
119.628906 56.152344
117.1875 56.152344
114.746094 56.152344
112.304688 56.152344
109.863281 56.152344
107.421875 56.152344
104.980469 53.710938
102.539063 53.710938
100.097656 53.710938
97.65625 51.269531
95.214844 51.269531
92.773438 48.828125
90.332031 48.828125
87.890625 48.828125
85.449219 48.828125
83.007813 46.386719
80.566406 46.386719
78.125 43.945313
75.683594 41.503906
73.242188 41.503906
70.800781 39.0625
68.359375 39.0625
65.917969 39.0625
63.476563 36.621094
61.035156 36.621094
58.59375 36.621094
56.152344 36.621094
53.710938 36.621094
51.269531 36.621094
48.828125 36.621094
46.386719 36.621094
43.945313 34.179688
41.503906 34.179688
39.0625 31.738281
36.621094 31.738281
34.179688 29.296875
31.738281 26.855469
29.296875 26.855469
26.855469 24.414063
24.414063 21.972656
21.972656 21.972656
2.441406 21.972656
4.882813 21.972656
7.324219 21.972656
9.765625 21.972656
12.207031 21.972656
14.648438 21.972656
17.089844 21.972656
19.53125 21.972656
