58.59375 56.152344
58.59375 53.710938
58.59375 51.269531
58.59375 48.828125
58.59375 46.386719
56.152344 43.945313
53.710938 41.503906
51.269531 39.0625
48.828125 36.621094
46.386719 36.621094
43.945313 34.179688
41.503906 31.738281
39.0625 31.738281
36.621094 29.296875
34.179688 29.296875
31.738281 26.855469
29.296875 26.855469
26.855469 24.414063
24.414063 21.972656
21.972656 19.53125
19.53125 17.089844
17.089844 14.648438
14.648438 12.207031
12.207031 9.765625
9.765625 9.765625
2.441406 9.765625
4.882813 9.765625
7.324219 9.765625
