4.882813 214.84375
7.324219 212.402344
9.765625 209.960938
12.207031 207.519531
14.648438 205.078125
17.089844 202.636719
19.53125 200.195313
19.53125 197.753906
21.972656 195.3125
21.972656 192.871094
24.414063 190.429688
26.855469 187.988281
29.296875 185.546875
29.296875 183.105469
31.738281 180.664063
31.738281 178.222656
34.179688 175.78125
36.621094 173.339844
36.621094 170.898438
39.0625 168.457031
41.503906 166.015625
43.945313 163.574219
43.945313 161.132813
46.386719 158.691406
48.828125 156.25
51.269531 153.808594
53.710938 151.367188
56.152344 148.925781
56.152344 146.484375
58.59375 144.042969
58.59375 141.601563
61.035156 139.160156
63.476563 136.71875
65.917969 134.277344
68.359375 131.835938
70.800781 129.394531
73.242188 126.953125
75.683594 124.511719
78.125 122.070313
80.566406 119.628906
83.007813 117.1875
85.449219 114.746094
87.890625 112.304688
87.890625 109.863281
90.332031 107.421875
92.773438 104.980469
95.214844 102.539063
95.214844 100.097656
97.65625 97.65625
100.097656 95.214844
102.539063 92.773438
104.980469 90.332031
107.421875 90.332031
109.863281 87.890625
112.304688 85.449219
114.746094 83.007813
117.1875 80.566406
119.628906 78.125
122.070313 75.683594
124.511719 73.242188
126.953125 70.800781
129.394531 68.359375
131.835938 65.917969
134.277344 63.476563
136.71875 61.035156
139.160156 58.59375
141.601563 56.152344
144.042969 53.710938
146.484375 51.269531
148.925781 51.269531
151.367188 48.828125
153.808594 46.386719
153.808594 43.945313
156.25 41.503906
158.691406 39.0625
161.132813 36.621094
163.574219 34.179688
166.015625 34.179688
168.457031 31.738281
170.898438 29.296875
173.339844 26.855469
175.78125 24.414063
178.222656 21.972656
180.664063 19.53125
192.871094 7.324219
190.429688 9.765625
187.988281 12.207031
185.546875 14.648438
183.105469 17.089844
