63.476563 136.71875
63.476563 134.277344
63.476563 131.835938
65.917969 129.394531
65.917969 126.953125
65.917969 124.511719
65.917969 122.070313
63.476563 119.628906
63.476563 117.1875
63.476563 114.746094
63.476563 112.304688
61.035156 109.863281
61.035156 107.421875
61.035156 104.980469
58.59375 102.539063
58.59375 100.097656
58.59375 97.65625
56.152344 95.214844
56.152344 92.773438
53.710938 90.332031
53.710938 87.890625
51.269531 85.449219
48.828125 83.007813
48.828125 80.566406
48.828125 78.125
46.386719 75.683594
46.386719 73.242188
46.386719 70.800781
46.386719 68.359375
46.386719 65.917969
46.386719 63.476563
43.945313 61.035156
43.945313 58.59375
41.503906 56.152344
41.503906 53.710938
39.0625 51.269531
39.0625 48.828125
36.621094 46.386719
36.621094 43.945313
36.621094 41.503906
36.621094 39.0625
34.179688 36.621094
34.179688 34.179688
31.738281 31.738281
29.296875 29.296875
26.855469 26.855469
26.855469 24.414063
24.414063 21.972656
21.972656 19.53125
19.53125 17.089844
17.089844 14.648438
14.648438 14.648438
