12.207031 151.367188
12.207031 148.925781
14.648438 146.484375
14.648438 144.042969
14.648438 141.601563
14.648438 139.160156
17.089844 136.71875
19.53125 134.277344
19.53125 131.835938
21.972656 129.394531
21.972656 126.953125
24.414063 124.511719
26.855469 122.070313
26.855469 119.628906
29.296875 117.1875
31.738281 114.746094
34.179688 112.304688
34.179688 109.863281
36.621094 107.421875
39.0625 104.980469
39.0625 102.539063
41.503906 100.097656
43.945313 97.65625
46.386719 95.214844
46.386719 92.773438
48.828125 90.332031
51.269531 87.890625
53.710938 85.449219
56.152344 83.007813
56.152344 80.566406
58.59375 78.125
58.59375 75.683594
61.035156 73.242188
63.476563 70.800781
63.476563 68.359375
65.917969 65.917969
68.359375 63.476563
70.800781 61.035156
73.242188 58.59375
75.683594 56.152344
75.683594 53.710938
78.125 51.269531
80.566406 51.269531
83.007813 48.828125
83.007813 46.386719
85.449219 43.945313
87.890625 41.503906
90.332031 39.0625
90.332031 36.621094
92.773438 34.179688
95.214844 31.738281
97.65625 29.296875
100.097656 26.855469
102.539063 24.414063
102.539063 21.972656
104.980469 19.53125
107.421875 17.089844
107.421875 14.648438
109.863281 12.207031
109.863281 9.765625
