131.835938 63.476563
129.394531 63.476563
126.953125 63.476563
124.511719 63.476563
122.070313 63.476563
119.628906 63.476563
117.1875 63.476563
114.746094 63.476563
112.304688 63.476563
109.863281 63.476563
107.421875 63.476563
104.980469 61.035156
102.539063 61.035156
100.097656 58.59375
97.65625 58.59375
95.214844 56.152344
92.773438 56.152344
90.332031 53.710938
87.890625 53.710938
85.449219 53.710938
83.007813 51.269531
80.566406 51.269531
78.125 51.269531
75.683594 48.828125
73.242188 48.828125
70.800781 46.386719
68.359375 46.386719
65.917969 43.945313
63.476563 43.945313
61.035156 41.503906
58.59375 41.503906
56.152344 39.0625
53.710938 39.0625
51.269531 36.621094
48.828125 36.621094
46.386719 34.179688
43.945313 31.738281
41.503906 29.296875
39.0625 26.855469
36.621094 26.855469
34.179688 24.414063
31.738281 24.414063
29.296875 21.972656
26.855469 21.972656
24.414063 19.53125
21.972656 19.53125
19.53125 17.089844
17.089844 14.648438
14.648438 12.207031
12.207031 12.207031
2.441406 12.207031
4.882813 12.207031
7.324219 12.207031
9.765625 12.207031
