9.765625 61.035156
12.207031 58.59375
14.648438 56.152344
17.089844 53.710938
19.53125 51.269531
21.972656 48.828125
24.414063 46.386719
26.855469 43.945313
29.296875 43.945313
31.738281 41.503906
34.179688 39.0625
36.621094 36.621094
39.0625 36.621094
41.503906 34.179688
43.945313 31.738281
46.386719 29.296875
48.828125 26.855469
48.828125 24.414063
51.269531 21.972656
53.710938 19.53125
56.152344 19.53125
58.59375 17.089844
61.035156 14.648438
68.359375 7.324219
65.917969 9.765625
63.476563 12.207031
