12.207031 68.359375
12.207031 65.917969
14.648438 63.476563
17.089844 63.476563
19.53125 61.035156
21.972656 58.59375
24.414063 58.59375
26.855469 56.152344
29.296875 53.710938
31.738281 51.269531
34.179688 51.269531
36.621094 48.828125
39.0625 46.386719
41.503906 43.945313
43.945313 43.945313
46.386719 41.503906
48.828125 39.0625
51.269531 36.621094
53.710938 36.621094
56.152344 34.179688
58.59375 31.738281
61.035156 31.738281
63.476563 29.296875
65.917969 29.296875
68.359375 26.855469
70.800781 24.414063
73.242188 24.414063
75.683594 21.972656
78.125 19.53125
80.566406 17.089844
80.566406 14.648438
