24.414063 166.015625
24.414063 163.574219
24.414063 161.132813
24.414063 158.691406
24.414063 156.25
24.414063 153.808594
24.414063 151.367188
24.414063 148.925781
24.414063 146.484375
24.414063 144.042969
24.414063 141.601563
26.855469 139.160156
29.296875 136.71875
29.296875 134.277344
31.738281 131.835938
34.179688 129.394531
34.179688 126.953125
36.621094 124.511719
36.621094 122.070313
39.0625 119.628906
41.503906 117.1875
41.503906 114.746094
43.945313 112.304688
43.945313 109.863281
43.945313 107.421875
46.386719 104.980469
46.386719 102.539063
48.828125 100.097656
48.828125 97.65625
51.269531 95.214844
53.710938 92.773438
53.710938 90.332031
56.152344 87.890625
58.59375 85.449219
58.59375 83.007813
61.035156 80.566406
61.035156 78.125
61.035156 75.683594
61.035156 73.242188
63.476563 70.800781
63.476563 68.359375
65.917969 65.917969
65.917969 63.476563
65.917969 61.035156
65.917969 58.59375
65.917969 56.152344
65.917969 53.710938
68.359375 51.269531
68.359375 48.828125
68.359375 46.386719
68.359375 43.945313
68.359375 41.503906
68.359375 39.0625
68.359375 36.621094
68.359375 34.179688
68.359375 31.738281
68.359375 29.296875
68.359375 26.855469
68.359375 24.414063
68.359375 21.972656
68.359375 19.53125
68.359375 17.089844
68.359375 14.648438
68.359375 12.207031
70.800781 9.765625
70.800781 7.324219
70.800781 4.882813
70.800781 2.441406
