24.414063 87.890625
21.972656 85.449219
21.972656 83.007813
24.414063 80.566406
24.414063 78.125
24.414063 75.683594
24.414063 73.242188
24.414063 70.800781
24.414063 68.359375
24.414063 65.917969
24.414063 63.476563
26.855469 61.035156
26.855469 58.59375
26.855469 56.152344
26.855469 53.710938
26.855469 51.269531
26.855469 48.828125
26.855469 46.386719
26.855469 43.945313
24.414063 41.503906
24.414063 39.0625
24.414063 36.621094
24.414063 34.179688
24.414063 31.738281
24.414063 29.296875
21.972656 26.855469
21.972656 24.414063
21.972656 21.972656
19.53125 19.53125
19.53125 17.089844
17.089844 14.648438
14.648438 12.207031
14.648438 9.765625
14.648438 7.324219
