31.738281 178.222656
31.738281 175.78125
31.738281 173.339844
31.738281 170.898438
31.738281 168.457031
31.738281 166.015625
31.738281 163.574219
29.296875 161.132813
29.296875 158.691406
29.296875 156.25
29.296875 153.808594
31.738281 151.367188
31.738281 148.925781
31.738281 146.484375
31.738281 144.042969
31.738281 141.601563
31.738281 139.160156
31.738281 136.71875
31.738281 134.277344
31.738281 131.835938
31.738281 129.394531
31.738281 126.953125
29.296875 124.511719
29.296875 122.070313
29.296875 119.628906
29.296875 117.1875
29.296875 114.746094
29.296875 112.304688
29.296875 109.863281
26.855469 107.421875
26.855469 104.980469
26.855469 102.539063
26.855469 100.097656
26.855469 97.65625
26.855469 95.214844
26.855469 92.773438
26.855469 90.332031
24.414063 87.890625
24.414063 85.449219
24.414063 83.007813
24.414063 80.566406
24.414063 78.125
24.414063 75.683594
24.414063 73.242188
24.414063 70.800781
24.414063 68.359375
21.972656 65.917969
21.972656 63.476563
21.972656 61.035156
21.972656 58.59375
21.972656 56.152344
21.972656 53.710938
21.972656 51.269531
21.972656 48.828125
21.972656 46.386719
21.972656 43.945313
21.972656 41.503906
21.972656 39.0625
19.53125 36.621094
19.53125 34.179688
17.089844 31.738281
17.089844 29.296875
17.089844 26.855469
17.089844 24.414063
17.089844 21.972656
17.089844 19.53125
17.089844 17.089844
17.089844 14.648438
17.089844 2.441406
17.089844 4.882813
17.089844 7.324219
17.089844 9.765625
17.089844 12.207031
