87.890625 51.269531
85.449219 51.269531
83.007813 51.269531
80.566406 51.269531
78.125 51.269531
75.683594 48.828125
73.242188 48.828125
70.800781 48.828125
68.359375 46.386719
65.917969 46.386719
63.476563 43.945313
61.035156 43.945313
58.59375 41.503906
56.152344 41.503906
53.710938 39.0625
51.269531 36.621094
48.828125 36.621094
46.386719 34.179688
43.945313 31.738281
41.503906 31.738281
39.0625 29.296875
36.621094 26.855469
34.179688 26.855469
31.738281 24.414063
29.296875 21.972656
26.855469 21.972656
24.414063 19.53125
21.972656 17.089844
19.53125 17.089844
17.089844 14.648438
7.324219 4.882813
9.765625 7.324219
12.207031 9.765625
14.648438 12.207031
