9.765625 114.746094
9.765625 112.304688
9.765625 109.863281
9.765625 107.421875
9.765625 104.980469
12.207031 102.539063
14.648438 100.097656
17.089844 97.65625
17.089844 95.214844
19.53125 92.773438
19.53125 90.332031
21.972656 87.890625
24.414063 85.449219
24.414063 83.007813
26.855469 80.566406
26.855469 78.125
29.296875 75.683594
31.738281 73.242188
31.738281 70.800781
34.179688 68.359375
36.621094 65.917969
36.621094 63.476563
39.0625 61.035156
39.0625 58.59375
41.503906 56.152344
43.945313 53.710938
46.386719 51.269531
46.386719 48.828125
48.828125 46.386719
51.269531 43.945313
51.269531 41.503906
51.269531 39.0625
53.710938 36.621094
56.152344 34.179688
56.152344 31.738281
58.59375 29.296875
58.59375 26.855469
61.035156 24.414063
61.035156 21.972656
63.476563 19.53125
65.917969 17.089844
68.359375 14.648438
70.800781 14.648438
73.242188 12.207031
80.566406 4.882813
78.125 7.324219
75.683594 9.765625
