80.566406 117.1875
80.566406 114.746094
78.125 112.304688
78.125 109.863281
75.683594 107.421875
73.242188 104.980469
73.242188 102.539063
70.800781 100.097656
70.800781 97.65625
68.359375 95.214844
68.359375 92.773438
65.917969 90.332031
65.917969 87.890625
63.476563 85.449219
61.035156 83.007813
61.035156 80.566406
58.59375 78.125
56.152344 75.683594
53.710938 73.242188
51.269531 70.800781
48.828125 68.359375
48.828125 65.917969
46.386719 63.476563
43.945313 61.035156
41.503906 58.59375
39.0625 56.152344
36.621094 53.710938
36.621094 51.269531
34.179688 48.828125
31.738281 46.386719
31.738281 43.945313
29.296875 41.503906
26.855469 39.0625
24.414063 36.621094
21.972656 34.179688
19.53125 31.738281
19.53125 29.296875
17.089844 26.855469
17.089844 24.414063
17.089844 21.972656
14.648438 19.53125
12.207031 17.089844
12.207031 14.648438
12.207031 12.207031
12.207031 9.765625
