4.882813 187.988281
7.324219 185.546875
9.765625 183.105469
12.207031 180.664063
14.648438 178.222656
17.089844 175.78125
19.53125 173.339844
19.53125 170.898438
21.972656 168.457031
24.414063 168.457031
26.855469 166.015625
29.296875 163.574219
31.738281 161.132813
34.179688 158.691406
36.621094 158.691406
39.0625 156.25
39.0625 153.808594
41.503906 151.367188
43.945313 148.925781
46.386719 146.484375
48.828125 144.042969
51.269531 141.601563
51.269531 139.160156
53.710938 136.71875
56.152344 134.277344
56.152344 131.835938
58.59375 129.394531
58.59375 126.953125
58.59375 124.511719
58.59375 122.070313
61.035156 119.628906
61.035156 117.1875
63.476563 114.746094
65.917969 112.304688
68.359375 109.863281
70.800781 107.421875
73.242188 104.980469
73.242188 102.539063
75.683594 100.097656
78.125 97.65625
78.125 95.214844
80.566406 92.773438
80.566406 90.332031
83.007813 87.890625
83.007813 85.449219
83.007813 83.007813
85.449219 80.566406
85.449219 78.125
85.449219 75.683594
87.890625 73.242188
87.890625 70.800781
90.332031 68.359375
92.773438 65.917969
95.214844 63.476563
97.65625 61.035156
97.65625 58.59375
100.097656 56.152344
102.539063 53.710938
104.980469 51.269531
104.980469 48.828125
107.421875 46.386719
107.421875 43.945313
109.863281 41.503906
109.863281 39.0625
112.304688 36.621094
112.304688 34.179688
112.304688 31.738281
112.304688 29.296875
112.304688 26.855469
114.746094 24.414063
114.746094 21.972656
117.1875 19.53125
119.628906 17.089844
129.394531 7.324219
126.953125 9.765625
124.511719 12.207031
122.070313 14.648438
