48.828125 126.953125
48.828125 124.511719
48.828125 122.070313
48.828125 119.628906
48.828125 117.1875
48.828125 114.746094
46.386719 112.304688
46.386719 109.863281
46.386719 107.421875
43.945313 104.980469
41.503906 102.539063
39.0625 100.097656
39.0625 97.65625
36.621094 95.214844
36.621094 92.773438
36.621094 90.332031
36.621094 87.890625
36.621094 85.449219
34.179688 83.007813
34.179688 80.566406
34.179688 78.125
34.179688 75.683594
34.179688 73.242188
31.738281 70.800781
31.738281 68.359375
31.738281 65.917969
31.738281 63.476563
31.738281 61.035156
29.296875 58.59375
29.296875 56.152344
29.296875 53.710938
26.855469 51.269531
26.855469 48.828125
24.414063 46.386719
24.414063 43.945313
21.972656 41.503906
21.972656 39.0625
21.972656 36.621094
19.53125 34.179688
19.53125 31.738281
19.53125 29.296875
17.089844 26.855469
17.089844 24.414063
14.648438 21.972656
14.648438 19.53125
12.207031 17.089844
12.207031 14.648438
12.207031 12.207031
9.765625 9.765625
9.765625 7.324219
9.765625 2.441406
9.765625 4.882813
