24.414063 190.429688
24.414063 187.988281
24.414063 185.546875
24.414063 183.105469
24.414063 180.664063
24.414063 178.222656
24.414063 175.78125
24.414063 173.339844
24.414063 170.898438
24.414063 168.457031
24.414063 166.015625
26.855469 163.574219
26.855469 161.132813
26.855469 158.691406
26.855469 156.25
26.855469 153.808594
29.296875 151.367188
29.296875 148.925781
29.296875 146.484375
29.296875 144.042969
29.296875 141.601563
31.738281 139.160156
31.738281 136.71875
34.179688 134.277344
34.179688 131.835938
36.621094 129.394531
36.621094 126.953125
36.621094 124.511719
39.0625 122.070313
39.0625 119.628906
39.0625 117.1875
39.0625 114.746094
39.0625 112.304688
39.0625 109.863281
36.621094 107.421875
36.621094 104.980469
36.621094 102.539063
39.0625 100.097656
39.0625 97.65625
39.0625 95.214844
39.0625 92.773438
39.0625 90.332031
41.503906 87.890625
41.503906 85.449219
41.503906 83.007813
43.945313 80.566406
43.945313 78.125
46.386719 75.683594
46.386719 73.242188
46.386719 70.800781
48.828125 68.359375
48.828125 65.917969
51.269531 63.476563
51.269531 61.035156
53.710938 58.59375
53.710938 56.152344
53.710938 53.710938
56.152344 51.269531
56.152344 48.828125
58.59375 46.386719
58.59375 43.945313
61.035156 41.503906
61.035156 39.0625
61.035156 36.621094
63.476563 34.179688
65.917969 31.738281
65.917969 29.296875
68.359375 26.855469
70.800781 24.414063
73.242188 21.972656
75.683594 19.53125
75.683594 17.089844
78.125 14.648438
87.890625 4.882813
85.449219 7.324219
83.007813 9.765625
80.566406 12.207031
