14.648438 163.574219
14.648438 161.132813
14.648438 158.691406
14.648438 156.25
14.648438 153.808594
14.648438 151.367188
14.648438 148.925781
14.648438 146.484375
17.089844 144.042969
17.089844 141.601563
17.089844 139.160156
17.089844 136.71875
17.089844 134.277344
19.53125 131.835938
19.53125 129.394531
19.53125 126.953125
21.972656 124.511719
21.972656 122.070313
21.972656 119.628906
21.972656 117.1875
21.972656 114.746094
24.414063 112.304688
24.414063 109.863281
24.414063 107.421875
24.414063 104.980469
26.855469 102.539063
26.855469 100.097656
29.296875 97.65625
29.296875 95.214844
31.738281 92.773438
31.738281 90.332031
31.738281 87.890625
34.179688 85.449219
36.621094 83.007813
36.621094 80.566406
39.0625 78.125
39.0625 75.683594
41.503906 73.242188
41.503906 70.800781
41.503906 68.359375
41.503906 65.917969
41.503906 63.476563
41.503906 61.035156
41.503906 58.59375
41.503906 56.152344
41.503906 53.710938
43.945313 51.269531
43.945313 48.828125
43.945313 46.386719
43.945313 43.945313
43.945313 41.503906
46.386719 39.0625
46.386719 36.621094
46.386719 34.179688
46.386719 31.738281
46.386719 29.296875
46.386719 26.855469
46.386719 24.414063
46.386719 21.972656
46.386719 19.53125
46.386719 17.089844
46.386719 14.648438
46.386719 12.207031
46.386719 2.441406
46.386719 4.882813
46.386719 7.324219
46.386719 9.765625
