119.628906 46.386719
117.1875 46.386719
114.746094 46.386719
112.304688 46.386719
109.863281 46.386719
107.421875 46.386719
104.980469 46.386719
102.539063 48.828125
100.097656 46.386719
97.65625 46.386719
95.214844 46.386719
92.773438 46.386719
90.332031 46.386719
87.890625 46.386719
85.449219 46.386719
83.007813 46.386719
80.566406 46.386719
78.125 46.386719
75.683594 46.386719
73.242188 46.386719
70.800781 46.386719
68.359375 46.386719
65.917969 46.386719
63.476563 46.386719
61.035156 46.386719
58.59375 43.945313
56.152344 43.945313
53.710938 43.945313
51.269531 43.945313
48.828125 43.945313
46.386719 43.945313
43.945313 43.945313
41.503906 43.945313
39.0625 41.503906
36.621094 41.503906
34.179688 41.503906
31.738281 39.0625
29.296875 39.0625
26.855469 39.0625
24.414063 39.0625
21.972656 36.621094
21.972656 34.179688
19.53125 31.738281
17.089844 29.296875
17.089844 26.855469
14.648438 24.414063
14.648438 21.972656
12.207031 19.53125
12.207031 17.089844
12.207031 14.648438
12.207031 12.207031
12.207031 9.765625
14.648438 7.324219
17.089844 4.882813
