17.089844 280.761719
19.53125 278.320313
21.972656 275.878906
24.414063 273.4375
26.855469 270.996094
29.296875 268.554688
31.738281 266.113281
31.738281 263.671875
34.179688 261.230469
36.621094 258.789063
39.0625 256.347656
41.503906 253.90625
43.945313 251.464844
46.386719 249.023438
48.828125 246.582031
51.269531 244.140625
53.710938 241.699219
56.152344 239.257813
58.59375 236.816406
61.035156 234.375
63.476563 234.375
65.917969 231.933594
68.359375 229.492188
70.800781 227.050781
73.242188 224.609375
75.683594 222.167969
78.125 219.726563
80.566406 217.285156
83.007813 214.84375
83.007813 212.402344
85.449219 209.960938
85.449219 207.519531
87.890625 205.078125
90.332031 202.636719
92.773438 200.195313
95.214844 197.753906
97.65625 195.3125
100.097656 192.871094
102.539063 190.429688
104.980469 187.988281
107.421875 185.546875
109.863281 183.105469
112.304688 180.664063
114.746094 178.222656
117.1875 175.78125
119.628906 173.339844
122.070313 170.898438
124.511719 168.457031
126.953125 166.015625
129.394531 166.015625
131.835938 163.574219
134.277344 161.132813
136.71875 158.691406
136.71875 156.25
139.160156 153.808594
141.601563 151.367188
144.042969 148.925781
146.484375 146.484375
148.925781 144.042969
151.367188 141.601563
153.808594 139.160156
153.808594 136.71875
156.25 134.277344
158.691406 131.835938
161.132813 129.394531
163.574219 126.953125
163.574219 124.511719
166.015625 122.070313
166.015625 119.628906
166.015625 117.1875
168.457031 114.746094
168.457031 112.304688
168.457031 109.863281
170.898438 107.421875
170.898438 104.980469
170.898438 102.539063
173.339844 100.097656
173.339844 97.65625
175.78125 95.214844
175.78125 92.773438
178.222656 90.332031
178.222656 87.890625
178.222656 85.449219
180.664063 83.007813
180.664063 80.566406
183.105469 78.125
183.105469 75.683594
183.105469 73.242188
183.105469 70.800781
185.546875 68.359375
185.546875 65.917969
187.988281 63.476563
187.988281 61.035156
190.429688 58.59375
190.429688 56.152344
192.871094 53.710938
192.871094 51.269531
192.871094 48.828125
192.871094 46.386719
192.871094 43.945313
192.871094 41.503906
190.429688 39.0625
190.429688 36.621094
190.429688 34.179688
190.429688 31.738281
190.429688 29.296875
190.429688 26.855469
190.429688 24.414063
190.429688 21.972656
190.429688 19.53125
192.871094 17.089844
192.871094 14.648438
195.3125 12.207031
195.3125 9.765625
197.753906 7.324219
200.195313 4.882813
