24.414063 92.773438
24.414063 90.332031
24.414063 87.890625
26.855469 85.449219
26.855469 83.007813
26.855469 80.566406
26.855469 78.125
24.414063 75.683594
24.414063 73.242188
24.414063 70.800781
21.972656 68.359375
21.972656 65.917969
21.972656 63.476563
21.972656 61.035156
21.972656 58.59375
21.972656 56.152344
21.972656 53.710938
21.972656 51.269531
21.972656 48.828125
21.972656 46.386719
21.972656 43.945313
21.972656 41.503906
19.53125 39.0625
19.53125 36.621094
19.53125 34.179688
19.53125 31.738281
19.53125 29.296875
19.53125 26.855469
19.53125 24.414063
17.089844 21.972656
17.089844 19.53125
17.089844 17.089844
17.089844 14.648438
