17.089844 109.863281
19.53125 107.421875
21.972656 104.980469
24.414063 102.539063
26.855469 100.097656
29.296875 97.65625
31.738281 95.214844
34.179688 95.214844
36.621094 92.773438
39.0625 90.332031
41.503906 87.890625
43.945313 85.449219
46.386719 85.449219
48.828125 83.007813
48.828125 80.566406
51.269531 78.125
53.710938 75.683594
56.152344 73.242188
58.59375 70.800781
61.035156 68.359375
63.476563 65.917969
65.917969 63.476563
68.359375 61.035156
68.359375 58.59375
70.800781 56.152344
73.242188 53.710938
75.683594 51.269531
75.683594 48.828125
78.125 46.386719
80.566406 43.945313
83.007813 41.503906
85.449219 39.0625
87.890625 36.621094
90.332031 36.621094
92.773438 34.179688
95.214844 31.738281
97.65625 29.296875
100.097656 26.855469
102.539063 24.414063
102.539063 21.972656
