14.648438 104.980469
14.648438 102.539063
14.648438 100.097656
14.648438 97.65625
14.648438 95.214844
14.648438 92.773438
14.648438 90.332031
14.648438 87.890625
14.648438 85.449219
17.089844 83.007813
17.089844 80.566406
17.089844 78.125
19.53125 75.683594
19.53125 73.242188
21.972656 70.800781
24.414063 68.359375
24.414063 65.917969
26.855469 63.476563
26.855469 61.035156
26.855469 58.59375
29.296875 56.152344
29.296875 53.710938
31.738281 51.269531
31.738281 48.828125
34.179688 46.386719
34.179688 43.945313
36.621094 41.503906
36.621094 39.0625
36.621094 36.621094
39.0625 34.179688
39.0625 31.738281
41.503906 29.296875
41.503906 26.855469
41.503906 24.414063
43.945313 21.972656
46.386719 19.53125
58.59375 7.324219
56.152344 9.765625
53.710938 12.207031
51.269531 14.648438
48.828125 17.089844
