4.882813 80.566406
4.882813 78.125
7.324219 75.683594
9.765625 73.242188
12.207031 70.800781
12.207031 68.359375
14.648438 65.917969
14.648438 63.476563
17.089844 61.035156
17.089844 58.59375
19.53125 56.152344
19.53125 53.710938
19.53125 51.269531
21.972656 48.828125
21.972656 46.386719
21.972656 43.945313
24.414063 41.503906
24.414063 39.0625
24.414063 36.621094
26.855469 34.179688
26.855469 31.738281
26.855469 29.296875
29.296875 26.855469
29.296875 24.414063
29.296875 21.972656
29.296875 19.53125
29.296875 17.089844
29.296875 14.648438
31.738281 12.207031
31.738281 9.765625
