19.53125 65.917969
19.53125 63.476563
19.53125 61.035156
19.53125 58.59375
19.53125 56.152344
19.53125 53.710938
19.53125 51.269531
19.53125 48.828125
19.53125 46.386719
21.972656 43.945313
24.414063 41.503906
24.414063 39.0625
26.855469 36.621094
29.296875 34.179688
31.738281 34.179688
34.179688 31.738281
36.621094 34.179688
39.0625 31.738281
41.503906 31.738281
43.945313 31.738281
46.386719 29.296875
48.828125 29.296875
51.269531 26.855469
53.710938 26.855469
56.152344 24.414063
58.59375 21.972656
61.035156 21.972656
63.476563 19.53125
65.917969 19.53125
68.359375 17.089844
70.800781 17.089844
73.242188 14.648438
75.683594 14.648438
78.125 14.648438
87.890625 14.648438
85.449219 14.648438
83.007813 14.648438
80.566406 14.648438
