26.855469 185.546875
24.414063 183.105469
24.414063 180.664063
24.414063 178.222656
21.972656 175.78125
21.972656 173.339844
21.972656 170.898438
21.972656 168.457031
19.53125 166.015625
19.53125 163.574219
19.53125 161.132813
17.089844 158.691406
17.089844 156.25
17.089844 153.808594
17.089844 151.367188
17.089844 148.925781
17.089844 146.484375
17.089844 144.042969
17.089844 141.601563
17.089844 139.160156
17.089844 136.71875
17.089844 134.277344
17.089844 131.835938
17.089844 129.394531
17.089844 126.953125
17.089844 124.511719
17.089844 122.070313
17.089844 119.628906
17.089844 117.1875
17.089844 114.746094
17.089844 112.304688
17.089844 109.863281
17.089844 107.421875
17.089844 104.980469
17.089844 102.539063
17.089844 100.097656
17.089844 97.65625
17.089844 95.214844
17.089844 92.773438
17.089844 90.332031
19.53125 87.890625
19.53125 85.449219
19.53125 83.007813
19.53125 80.566406
21.972656 78.125
21.972656 75.683594
21.972656 73.242188
21.972656 70.800781
21.972656 68.359375
21.972656 65.917969
21.972656 63.476563
21.972656 61.035156
24.414063 58.59375
24.414063 56.152344
24.414063 53.710938
24.414063 51.269531
24.414063 48.828125
24.414063 46.386719
24.414063 43.945313
24.414063 41.503906
24.414063 39.0625
24.414063 36.621094
24.414063 34.179688
24.414063 31.738281
24.414063 29.296875
24.414063 26.855469
24.414063 24.414063
24.414063 21.972656
21.972656 19.53125
24.414063 17.089844
24.414063 14.648438
24.414063 12.207031
