17.089844 75.683594
17.089844 73.242188
19.53125 70.800781
19.53125 68.359375
21.972656 65.917969
21.972656 63.476563
24.414063 61.035156
26.855469 58.59375
29.296875 56.152344
29.296875 53.710938
31.738281 51.269531
34.179688 48.828125
36.621094 46.386719
36.621094 43.945313
39.0625 41.503906
41.503906 39.0625
43.945313 36.621094
46.386719 34.179688
48.828125 31.738281
51.269531 29.296875
51.269531 26.855469
53.710938 24.414063
56.152344 21.972656
58.59375 19.53125
58.59375 17.089844
58.59375 14.648438
58.59375 12.207031
