43.945313 95.214844
43.945313 92.773438
43.945313 90.332031
43.945313 87.890625
43.945313 85.449219
43.945313 83.007813
43.945313 80.566406
41.503906 78.125
41.503906 75.683594
41.503906 73.242188
39.0625 70.800781
39.0625 68.359375
36.621094 65.917969
36.621094 63.476563
34.179688 61.035156
31.738281 58.59375
31.738281 56.152344
29.296875 53.710938
26.855469 51.269531
26.855469 48.828125
24.414063 46.386719
24.414063 43.945313
24.414063 41.503906
24.414063 39.0625
21.972656 36.621094
21.972656 34.179688
21.972656 31.738281
19.53125 29.296875
19.53125 26.855469
19.53125 24.414063
17.089844 21.972656
17.089844 19.53125
14.648438 17.089844
14.648438 14.648438
12.207031 12.207031
12.207031 9.765625
12.207031 2.441406
12.207031 4.882813
12.207031 7.324219
