87.890625 107.421875
87.890625 104.980469
87.890625 102.539063
85.449219 100.097656
83.007813 97.65625
83.007813 95.214844
80.566406 92.773438
80.566406 90.332031
80.566406 87.890625
78.125 85.449219
78.125 83.007813
78.125 80.566406
78.125 78.125
78.125 75.683594
75.683594 73.242188
73.242188 70.800781
70.800781 68.359375
70.800781 65.917969
68.359375 63.476563
65.917969 61.035156
63.476563 58.59375
61.035156 56.152344
58.59375 53.710938
58.59375 51.269531
56.152344 48.828125
53.710938 46.386719
53.710938 43.945313
51.269531 41.503906
48.828125 39.0625
46.386719 36.621094
43.945313 34.179688
41.503906 34.179688
39.0625 31.738281
36.621094 31.738281
34.179688 31.738281
31.738281 29.296875
29.296875 29.296875
26.855469 29.296875
24.414063 31.738281
