7.324219 144.042969
9.765625 141.601563
12.207031 139.160156
14.648438 136.71875
17.089844 134.277344
19.53125 131.835938
21.972656 129.394531
24.414063 126.953125
26.855469 124.511719
29.296875 122.070313
31.738281 119.628906
31.738281 117.1875
34.179688 114.746094
36.621094 112.304688
36.621094 109.863281
39.0625 107.421875
41.503906 104.980469
41.503906 102.539063
43.945313 100.097656
46.386719 97.65625
46.386719 95.214844
48.828125 92.773438
48.828125 90.332031
51.269531 87.890625
51.269531 85.449219
53.710938 83.007813
56.152344 80.566406
56.152344 78.125
58.59375 75.683594
61.035156 73.242188
63.476563 70.800781
65.917969 68.359375
65.917969 65.917969
68.359375 63.476563
70.800781 61.035156
70.800781 58.59375
70.800781 56.152344
70.800781 53.710938
70.800781 51.269531
70.800781 48.828125
70.800781 46.386719
70.800781 43.945313
70.800781 41.503906
73.242188 39.0625
73.242188 36.621094
73.242188 34.179688
73.242188 31.738281
75.683594 29.296875
75.683594 26.855469
73.242188 24.414063
73.242188 21.972656
75.683594 19.53125
75.683594 17.089844
73.242188 14.648438
73.242188 12.207031
73.242188 2.441406
73.242188 4.882813
73.242188 7.324219
73.242188 9.765625
