2.441406 19.53125
4.882813 19.53125
7.324219 19.53125
9.765625 19.53125
12.207031 19.53125
14.648438 19.53125
17.089844 19.53125
19.53125 19.53125
21.972656 19.53125
24.414063 19.53125
26.855469 19.53125
29.296875 19.53125
31.738281 19.53125
34.179688 19.53125
36.621094 19.53125
39.0625 19.53125
41.503906 19.53125
43.945313 19.53125
46.386719 19.53125
48.828125 19.53125
51.269531 19.53125
53.710938 19.53125
56.152344 19.53125
58.59375 19.53125
61.035156 19.53125
63.476563 19.53125
65.917969 19.53125
68.359375 19.53125
70.800781 19.53125
73.242188 19.53125
75.683594 19.53125
78.125 19.53125
80.566406 19.53125
83.007813 19.53125
85.449219 19.53125
87.890625 19.53125
90.332031 19.53125
92.773438 19.53125
95.214844 17.089844
97.65625 17.089844
100.097656 17.089844
102.539063 17.089844
104.980469 17.089844
107.421875 17.089844
109.863281 17.089844
112.304688 17.089844
114.746094 17.089844
117.1875 19.53125
119.628906 21.972656
119.628906 24.414063
119.628906 36.621094
119.628906 34.179688
119.628906 31.738281
119.628906 29.296875
119.628906 26.855469
