158.691406 90.332031
156.25 90.332031
153.808594 90.332031
151.367188 90.332031
148.925781 90.332031
146.484375 90.332031
144.042969 90.332031
141.601563 90.332031
139.160156 90.332031
136.71875 90.332031
134.277344 87.890625
131.835938 87.890625
129.394531 87.890625
126.953125 85.449219
124.511719 85.449219
122.070313 85.449219
119.628906 85.449219
117.1875 83.007813
114.746094 83.007813
112.304688 83.007813
109.863281 80.566406
107.421875 80.566406
104.980469 80.566406
102.539063 78.125
100.097656 78.125
97.65625 75.683594
95.214844 75.683594
92.773438 75.683594
90.332031 75.683594
87.890625 78.125
85.449219 78.125
83.007813 78.125
80.566406 75.683594
78.125 75.683594
75.683594 73.242188
73.242188 73.242188
70.800781 70.800781
68.359375 68.359375
65.917969 65.917969
63.476563 63.476563
61.035156 61.035156
58.59375 58.59375
56.152344 56.152344
53.710938 53.710938
53.710938 51.269531
51.269531 48.828125
48.828125 46.386719
46.386719 43.945313
43.945313 41.503906
41.503906 39.0625
39.0625 36.621094
39.0625 34.179688
36.621094 31.738281
34.179688 29.296875
31.738281 26.855469
29.296875 26.855469
26.855469 24.414063
24.414063 21.972656
21.972656 19.53125
19.53125 17.089844
17.089844 14.648438
14.648438 14.648438
2.441406 14.648438
4.882813 14.648438
7.324219 14.648438
9.765625 14.648438
12.207031 14.648438
