14.648438 119.628906
14.648438 117.1875
14.648438 114.746094
12.207031 112.304688
12.207031 109.863281
12.207031 107.421875
9.765625 104.980469
9.765625 102.539063
9.765625 100.097656
12.207031 97.65625
14.648438 95.214844
14.648438 92.773438
14.648438 90.332031
17.089844 87.890625
19.53125 85.449219
19.53125 83.007813
19.53125 80.566406
19.53125 78.125
19.53125 75.683594
21.972656 73.242188
21.972656 70.800781
21.972656 68.359375
21.972656 65.917969
21.972656 63.476563
21.972656 61.035156
21.972656 58.59375
21.972656 56.152344
21.972656 53.710938
21.972656 51.269531
24.414063 48.828125
24.414063 46.386719
24.414063 43.945313
24.414063 41.503906
24.414063 39.0625
24.414063 36.621094
24.414063 34.179688
24.414063 31.738281
26.855469 29.296875
26.855469 26.855469
26.855469 24.414063
26.855469 21.972656
26.855469 19.53125
26.855469 17.089844
26.855469 14.648438
26.855469 12.207031
