7.324219 78.125
9.765625 75.683594
12.207031 73.242188
14.648438 70.800781
17.089844 68.359375
19.53125 65.917969
21.972656 65.917969
24.414063 65.917969
26.855469 63.476563
29.296875 63.476563
31.738281 61.035156
34.179688 61.035156
36.621094 58.59375
39.0625 56.152344
41.503906 53.710938
43.945313 51.269531
46.386719 51.269531
48.828125 48.828125
51.269531 48.828125
53.710938 46.386719
56.152344 43.945313
58.59375 41.503906
61.035156 39.0625
63.476563 39.0625
65.917969 36.621094
68.359375 34.179688
70.800781 31.738281
73.242188 31.738281
75.683594 29.296875
78.125 29.296875
80.566406 26.855469
83.007813 24.414063
85.449219 24.414063
87.890625 21.972656
90.332031 21.972656
92.773438 19.53125
95.214844 17.089844
104.980469 7.324219
102.539063 9.765625
100.097656 12.207031
97.65625 14.648438
