4.882813 163.574219
7.324219 161.132813
9.765625 161.132813
12.207031 158.691406
14.648438 158.691406
17.089844 156.25
19.53125 153.808594
21.972656 151.367188
24.414063 151.367188
26.855469 148.925781
29.296875 148.925781
31.738281 146.484375
34.179688 144.042969
36.621094 141.601563
39.0625 139.160156
41.503906 139.160156
43.945313 136.71875
46.386719 134.277344
48.828125 131.835938
51.269531 129.394531
53.710938 126.953125
56.152344 124.511719
58.59375 124.511719
61.035156 122.070313
63.476563 119.628906
65.917969 117.1875
68.359375 114.746094
70.800781 112.304688
73.242188 109.863281
75.683594 107.421875
78.125 104.980469
80.566406 104.980469
83.007813 102.539063
85.449219 100.097656
87.890625 97.65625
90.332031 95.214844
92.773438 95.214844
95.214844 92.773438
97.65625 90.332031
100.097656 87.890625
102.539063 87.890625
104.980469 85.449219
107.421875 83.007813
109.863281 80.566406
112.304688 80.566406
114.746094 80.566406
117.1875 78.125
119.628906 75.683594
122.070313 75.683594
124.511719 73.242188
126.953125 70.800781
129.394531 68.359375
131.835938 65.917969
134.277344 63.476563
136.71875 63.476563
139.160156 61.035156
141.601563 61.035156
144.042969 58.59375
146.484375 58.59375
148.925781 56.152344
151.367188 53.710938
153.808594 51.269531
156.25 51.269531
158.691406 51.269531
161.132813 51.269531
163.574219 48.828125
166.015625 48.828125
168.457031 46.386719
170.898438 43.945313
173.339844 41.503906
175.78125 39.0625
178.222656 36.621094
180.664063 34.179688
183.105469 31.738281
185.546875 29.296875
187.988281 26.855469
187.988281 24.414063
190.429688 21.972656
192.871094 19.53125
195.3125 17.089844
197.753906 14.648438
200.195313 14.648438
202.636719 12.207031
205.078125 9.765625
