17.089844 75.683594
19.53125 75.683594
21.972656 73.242188
24.414063 73.242188
26.855469 73.242188
29.296875 70.800781
31.738281 70.800781
34.179688 68.359375
36.621094 68.359375
39.0625 65.917969
41.503906 65.917969
43.945313 63.476563
43.945313 61.035156
46.386719 58.59375
46.386719 56.152344
48.828125 53.710938
51.269531 51.269531
53.710938 48.828125
56.152344 46.386719
56.152344 43.945313
58.59375 41.503906
61.035156 39.0625
63.476563 36.621094
65.917969 34.179688
68.359375 31.738281
70.800781 29.296875
73.242188 26.855469
75.683594 24.414063
78.125 21.972656
80.566406 21.972656
83.007813 21.972656
85.449219 21.972656
87.890625 19.53125
90.332031 19.53125
92.773438 17.089844
95.214844 17.089844
97.65625 17.089844
100.097656 17.089844
102.539063 17.089844
104.980469 14.648438
107.421875 14.648438
