112.304688 48.828125
109.863281 51.269531
107.421875 51.269531
104.980469 51.269531
102.539063 48.828125
100.097656 48.828125
97.65625 48.828125
95.214844 48.828125
92.773438 48.828125
90.332031 48.828125
87.890625 48.828125
85.449219 48.828125
83.007813 48.828125
80.566406 48.828125
78.125 48.828125
75.683594 48.828125
73.242188 48.828125
70.800781 48.828125
68.359375 48.828125
65.917969 48.828125
63.476563 48.828125
61.035156 48.828125
58.59375 46.386719
56.152344 46.386719
53.710938 46.386719
51.269531 46.386719
48.828125 46.386719
46.386719 46.386719
43.945313 46.386719
41.503906 46.386719
39.0625 43.945313
36.621094 43.945313
34.179688 43.945313
31.738281 41.503906
29.296875 41.503906
26.855469 41.503906
24.414063 41.503906
21.972656 39.0625
19.53125 36.621094
19.53125 34.179688
17.089844 31.738281
17.089844 29.296875
14.648438 26.855469
14.648438 24.414063
12.207031 21.972656
12.207031 19.53125
12.207031 17.089844
12.207031 14.648438
9.765625 12.207031
9.765625 9.765625
7.324219 7.324219
4.882813 4.882813
4.882813 2.441406
