7.324219 73.242188
9.765625 70.800781
12.207031 68.359375
14.648438 65.917969
17.089844 63.476563
19.53125 61.035156
21.972656 58.59375
24.414063 56.152344
26.855469 53.710938
29.296875 53.710938
31.738281 51.269531
34.179688 48.828125
36.621094 46.386719
39.0625 43.945313
41.503906 41.503906
43.945313 41.503906
46.386719 41.503906
48.828125 41.503906
51.269531 41.503906
53.710938 39.0625
56.152344 41.503906
58.59375 41.503906
61.035156 41.503906
63.476563 39.0625
65.917969 39.0625
68.359375 36.621094
70.800781 36.621094
73.242188 36.621094
75.683594 36.621094
78.125 36.621094
80.566406 36.621094
83.007813 34.179688
85.449219 34.179688
87.890625 31.738281
90.332031 31.738281
92.773438 31.738281
95.214844 29.296875
97.65625 29.296875
100.097656 29.296875
102.539063 26.855469
104.980469 26.855469
107.421875 26.855469
109.863281 24.414063
112.304688 24.414063
114.746094 21.972656
117.1875 21.972656
119.628906 19.53125
122.070313 19.53125
124.511719 19.53125
126.953125 19.53125
129.394531 19.53125
131.835938 19.53125
134.277344 19.53125
136.71875 17.089844
139.160156 17.089844
141.601563 17.089844
144.042969 17.089844
146.484375 17.089844
148.925781 17.089844
151.367188 17.089844
153.808594 17.089844
166.015625 17.089844
163.574219 17.089844
161.132813 17.089844
158.691406 17.089844
156.25 17.089844
