14.648438 70.800781
14.648438 68.359375
14.648438 65.917969
14.648438 63.476563
14.648438 61.035156
14.648438 58.59375
14.648438 56.152344
17.089844 53.710938
19.53125 51.269531
21.972656 48.828125
21.972656 46.386719
24.414063 43.945313
26.855469 41.503906
29.296875 39.0625
31.738281 36.621094
31.738281 34.179688
34.179688 31.738281
34.179688 29.296875
36.621094 26.855469
39.0625 24.414063
41.503906 21.972656
41.503906 19.53125
43.945313 17.089844
46.386719 14.648438
46.386719 12.207031
46.386719 2.441406
46.386719 4.882813
46.386719 7.324219
46.386719 9.765625
