78.125 217.285156
78.125 214.84375
75.683594 212.402344
75.683594 209.960938
73.242188 207.519531
70.800781 205.078125
70.800781 202.636719
68.359375 200.195313
68.359375 197.753906
68.359375 195.3125
68.359375 192.871094
65.917969 190.429688
65.917969 187.988281
63.476563 185.546875
63.476563 183.105469
63.476563 180.664063
61.035156 178.222656
58.59375 175.78125
56.152344 173.339844
56.152344 170.898438
53.710938 168.457031
53.710938 166.015625
53.710938 163.574219
51.269531 161.132813
51.269531 158.691406
51.269531 156.25
48.828125 153.808594
48.828125 151.367188
48.828125 148.925781
48.828125 146.484375
46.386719 144.042969
46.386719 141.601563
43.945313 139.160156
43.945313 136.71875
41.503906 134.277344
41.503906 131.835938
41.503906 129.394531
39.0625 126.953125
39.0625 124.511719
39.0625 122.070313
39.0625 119.628906
36.621094 117.1875
36.621094 114.746094
36.621094 112.304688
36.621094 109.863281
34.179688 107.421875
34.179688 104.980469
31.738281 102.539063
31.738281 100.097656
31.738281 97.65625
29.296875 95.214844
29.296875 92.773438
29.296875 90.332031
26.855469 87.890625
26.855469 85.449219
26.855469 83.007813
26.855469 80.566406
24.414063 78.125
24.414063 75.683594
24.414063 73.242188
24.414063 70.800781
24.414063 68.359375
24.414063 65.917969
24.414063 63.476563
21.972656 61.035156
21.972656 58.59375
24.414063 56.152344
24.414063 53.710938
21.972656 51.269531
21.972656 48.828125
21.972656 46.386719
21.972656 43.945313
21.972656 41.503906
21.972656 39.0625
19.53125 36.621094
19.53125 34.179688
17.089844 31.738281
17.089844 29.296875
14.648438 26.855469
14.648438 24.414063
12.207031 21.972656
12.207031 19.53125
12.207031 17.089844
12.207031 14.648438
12.207031 12.207031
9.765625 9.765625
9.765625 7.324219
