14.648438 41.503906
17.089844 39.0625
19.53125 39.0625
21.972656 36.621094
24.414063 36.621094
26.855469 36.621094
29.296875 34.179688
31.738281 34.179688
34.179688 31.738281
36.621094 31.738281
39.0625 31.738281
41.503906 29.296875
43.945313 29.296875
46.386719 29.296875
48.828125 29.296875
51.269531 29.296875
53.710938 29.296875
56.152344 29.296875
58.59375 29.296875
61.035156 26.855469
63.476563 26.855469
65.917969 29.296875
68.359375 26.855469
70.800781 26.855469
73.242188 26.855469
75.683594 24.414063
75.683594 21.972656
78.125 19.53125
80.566406 17.089844
83.007813 14.648438
83.007813 12.207031
