7.324219 122.070313
7.324219 119.628906
7.324219 117.1875
7.324219 114.746094
9.765625 112.304688
12.207031 109.863281
12.207031 107.421875
14.648438 104.980469
14.648438 102.539063
14.648438 100.097656
14.648438 97.65625
14.648438 95.214844
17.089844 92.773438
17.089844 90.332031
17.089844 87.890625
19.53125 85.449219
19.53125 83.007813
19.53125 80.566406
21.972656 78.125
21.972656 75.683594
21.972656 73.242188
24.414063 70.800781
24.414063 68.359375
24.414063 65.917969
26.855469 63.476563
26.855469 61.035156
29.296875 58.59375
29.296875 56.152344
31.738281 53.710938
31.738281 51.269531
31.738281 48.828125
34.179688 46.386719
36.621094 43.945313
36.621094 41.503906
39.0625 39.0625
39.0625 36.621094
39.0625 34.179688
39.0625 31.738281
41.503906 29.296875
41.503906 26.855469
41.503906 24.414063
41.503906 21.972656
43.945313 19.53125
43.945313 17.089844
46.386719 14.648438
46.386719 12.207031
46.386719 2.441406
46.386719 4.882813
46.386719 7.324219
46.386719 9.765625
