95.214844 70.800781
92.773438 70.800781
90.332031 70.800781
87.890625 70.800781
85.449219 70.800781
83.007813 70.800781
80.566406 70.800781
78.125 70.800781
75.683594 70.800781
73.242188 68.359375
70.800781 65.917969
68.359375 63.476563
65.917969 61.035156
63.476563 58.59375
63.476563 56.152344
61.035156 53.710938
58.59375 51.269531
58.59375 48.828125
58.59375 46.386719
56.152344 43.945313
53.710938 41.503906
51.269531 41.503906
48.828125 39.0625
46.386719 36.621094
43.945313 34.179688
41.503906 34.179688
39.0625 31.738281
36.621094 29.296875
34.179688 26.855469
31.738281 24.414063
29.296875 21.972656
26.855469 19.53125
24.414063 17.089844
21.972656 17.089844
19.53125 14.648438
17.089844 14.648438
14.648438 12.207031
12.207031 9.765625
9.765625 9.765625
2.441406 9.765625
4.882813 9.765625
7.324219 9.765625
