53.710938 107.421875
53.710938 104.980469
51.269531 102.539063
51.269531 100.097656
48.828125 97.65625
46.386719 95.214844
46.386719 92.773438
43.945313 90.332031
41.503906 87.890625
41.503906 85.449219
41.503906 83.007813
41.503906 80.566406
39.0625 78.125
39.0625 75.683594
39.0625 73.242188
36.621094 70.800781
36.621094 68.359375
34.179688 65.917969
34.179688 63.476563
31.738281 61.035156
31.738281 58.59375
29.296875 56.152344
26.855469 53.710938
26.855469 51.269531
26.855469 48.828125
24.414063 46.386719
24.414063 43.945313
24.414063 41.503906
24.414063 39.0625
21.972656 36.621094
21.972656 34.179688
19.53125 31.738281
19.53125 29.296875
17.089844 26.855469
17.089844 24.414063
14.648438 21.972656
14.648438 19.53125
14.648438 17.089844
12.207031 14.648438
12.207031 12.207031
12.207031 9.765625
12.207031 7.324219
