46.386719 92.773438
46.386719 90.332031
46.386719 87.890625
46.386719 85.449219
46.386719 83.007813
46.386719 80.566406
46.386719 78.125
46.386719 75.683594
43.945313 73.242188
41.503906 70.800781
41.503906 68.359375
39.0625 65.917969
36.621094 63.476563
34.179688 61.035156
31.738281 58.59375
29.296875 56.152344
29.296875 53.710938
26.855469 51.269531
24.414063 48.828125
24.414063 46.386719
21.972656 43.945313
21.972656 41.503906
19.53125 39.0625
19.53125 36.621094
17.089844 34.179688
17.089844 31.738281
17.089844 29.296875
17.089844 26.855469
17.089844 24.414063
14.648438 21.972656
14.648438 19.53125
14.648438 17.089844
14.648438 14.648438
14.648438 12.207031
14.648438 2.441406
14.648438 4.882813
14.648438 7.324219
14.648438 9.765625
