78.125 173.339844
75.683594 173.339844
73.242188 170.898438
73.242188 168.457031
70.800781 166.015625
70.800781 163.574219
68.359375 161.132813
68.359375 158.691406
65.917969 156.25
65.917969 153.808594
63.476563 151.367188
61.035156 148.925781
61.035156 146.484375
61.035156 144.042969
58.59375 141.601563
56.152344 139.160156
53.710938 139.160156
51.269531 136.71875
48.828125 134.277344
46.386719 131.835938
43.945313 129.394531
41.503906 126.953125
39.0625 126.953125
36.621094 126.953125
34.179688 126.953125
31.738281 126.953125
29.296875 124.511719
31.738281 122.070313
31.738281 119.628906
31.738281 117.1875
31.738281 114.746094
31.738281 112.304688
34.179688 109.863281
34.179688 107.421875
36.621094 104.980469
36.621094 102.539063
39.0625 100.097656
39.0625 97.65625
41.503906 95.214844
43.945313 92.773438
43.945313 90.332031
46.386719 87.890625
48.828125 85.449219
48.828125 83.007813
51.269531 80.566406
51.269531 78.125
53.710938 75.683594
53.710938 73.242188
53.710938 70.800781
53.710938 68.359375
56.152344 65.917969
56.152344 63.476563
56.152344 61.035156
58.59375 58.59375
58.59375 56.152344
61.035156 53.710938
61.035156 51.269531
63.476563 48.828125
63.476563 46.386719
63.476563 43.945313
65.917969 41.503906
65.917969 39.0625
65.917969 36.621094
65.917969 34.179688
65.917969 31.738281
65.917969 29.296875
68.359375 26.855469
68.359375 24.414063
68.359375 21.972656
68.359375 19.53125
68.359375 17.089844
70.800781 14.648438
70.800781 12.207031
