217.285156 207.519531
217.285156 205.078125
217.285156 202.636719
217.285156 200.195313
217.285156 197.753906
217.285156 195.3125
214.84375 192.871094
214.84375 190.429688
212.402344 187.988281
209.960938 185.546875
207.519531 183.105469
207.519531 180.664063
205.078125 178.222656
202.636719 175.78125
200.195313 173.339844
197.753906 170.898438
195.3125 168.457031
195.3125 166.015625
192.871094 163.574219
190.429688 161.132813
187.988281 158.691406
185.546875 156.25
183.105469 153.808594
180.664063 151.367188
178.222656 148.925781
175.78125 146.484375
173.339844 144.042969
170.898438 141.601563
168.457031 139.160156
166.015625 136.71875
163.574219 134.277344
161.132813 131.835938
158.691406 129.394531
156.25 126.953125
153.808594 124.511719
151.367188 122.070313
148.925781 119.628906
146.484375 117.1875
144.042969 117.1875
141.601563 114.746094
139.160156 112.304688
136.71875 109.863281
134.277344 107.421875
131.835938 104.980469
129.394531 102.539063
126.953125 100.097656
124.511719 97.65625
122.070313 95.214844
119.628906 92.773438
119.628906 90.332031
117.1875 87.890625
114.746094 85.449219
112.304688 83.007813
109.863281 80.566406
107.421875 78.125
104.980469 75.683594
102.539063 73.242188
100.097656 70.800781
97.65625 68.359375
95.214844 65.917969
92.773438 65.917969
90.332031 63.476563
87.890625 61.035156
85.449219 58.59375
83.007813 56.152344
80.566406 56.152344
78.125 53.710938
75.683594 53.710938
73.242188 51.269531
70.800781 48.828125
68.359375 46.386719
65.917969 46.386719
63.476563 43.945313
61.035156 43.945313
58.59375 41.503906
56.152344 39.0625
53.710938 36.621094
51.269531 34.179688
48.828125 34.179688
46.386719 31.738281
43.945313 29.296875
41.503906 29.296875
39.0625 29.296875
36.621094 26.855469
34.179688 24.414063
31.738281 21.972656
29.296875 21.972656
26.855469 19.53125
24.414063 19.53125
21.972656 19.53125
19.53125 19.53125
17.089844 17.089844
14.648438 17.089844
