17.089844 36.621094
19.53125 36.621094
21.972656 36.621094
24.414063 34.179688
26.855469 34.179688
29.296875 31.738281
31.738281 31.738281
34.179688 29.296875
36.621094 29.296875
39.0625 29.296875
41.503906 29.296875
43.945313 26.855469
46.386719 26.855469
48.828125 26.855469
51.269531 24.414063
53.710938 24.414063
56.152344 24.414063
58.59375 24.414063
61.035156 21.972656
63.476563 21.972656
65.917969 21.972656
68.359375 19.53125
70.800781 19.53125
73.242188 19.53125
75.683594 17.089844
78.125 17.089844
80.566406 17.089844
83.007813 17.089844
