43.945313 124.511719
43.945313 122.070313
41.503906 119.628906
41.503906 117.1875
41.503906 114.746094
39.0625 112.304688
39.0625 109.863281
39.0625 107.421875
39.0625 104.980469
39.0625 102.539063
39.0625 100.097656
39.0625 97.65625
36.621094 95.214844
36.621094 92.773438
34.179688 90.332031
34.179688 87.890625
31.738281 85.449219
31.738281 83.007813
29.296875 80.566406
29.296875 78.125
29.296875 75.683594
29.296875 73.242188
26.855469 70.800781
26.855469 68.359375
26.855469 65.917969
26.855469 63.476563
24.414063 61.035156
24.414063 58.59375
24.414063 56.152344
24.414063 53.710938
24.414063 51.269531
21.972656 48.828125
21.972656 46.386719
21.972656 43.945313
21.972656 41.503906
21.972656 39.0625
19.53125 36.621094
19.53125 34.179688
19.53125 31.738281
19.53125 29.296875
17.089844 26.855469
17.089844 24.414063
17.089844 21.972656
17.089844 19.53125
17.089844 17.089844
17.089844 14.648438
