114.746094 73.242188
112.304688 73.242188
109.863281 70.800781
107.421875 70.800781
104.980469 68.359375
102.539063 65.917969
100.097656 65.917969
97.65625 65.917969
95.214844 63.476563
92.773438 63.476563
90.332031 61.035156
87.890625 61.035156
85.449219 61.035156
83.007813 58.59375
80.566406 58.59375
78.125 56.152344
75.683594 56.152344
73.242188 53.710938
70.800781 51.269531
68.359375 48.828125
65.917969 46.386719
63.476563 43.945313
61.035156 43.945313
58.59375 41.503906
56.152344 39.0625
53.710938 36.621094
51.269531 34.179688
48.828125 34.179688
46.386719 31.738281
43.945313 29.296875
41.503906 29.296875
39.0625 26.855469
36.621094 24.414063
34.179688 24.414063
31.738281 24.414063
29.296875 21.972656
26.855469 21.972656
24.414063 21.972656
21.972656 19.53125
19.53125 19.53125
17.089844 17.089844
14.648438 14.648438
12.207031 12.207031
9.765625 9.765625
9.765625 7.324219
