78.125 51.269531
75.683594 51.269531
73.242188 51.269531
70.800781 51.269531
68.359375 48.828125
65.917969 48.828125
63.476563 46.386719
61.035156 46.386719
58.59375 43.945313
56.152344 43.945313
53.710938 43.945313
51.269531 43.945313
48.828125 41.503906
46.386719 41.503906
43.945313 41.503906
41.503906 39.0625
39.0625 36.621094
36.621094 34.179688
34.179688 31.738281
31.738281 29.296875
29.296875 26.855469
26.855469 24.414063
24.414063 21.972656
21.972656 19.53125
19.53125 19.53125
17.089844 17.089844
14.648438 14.648438
12.207031 12.207031
12.207031 9.765625
