2.441406 31.738281
4.882813 31.738281
7.324219 31.738281
9.765625 31.738281
12.207031 31.738281
14.648438 31.738281
17.089844 31.738281
19.53125 31.738281
21.972656 29.296875
24.414063 29.296875
26.855469 29.296875
29.296875 29.296875
31.738281 29.296875
34.179688 29.296875
36.621094 29.296875
39.0625 29.296875
41.503906 29.296875
43.945313 29.296875
46.386719 29.296875
48.828125 26.855469
51.269531 26.855469
53.710938 26.855469
56.152344 24.414063
58.59375 24.414063
61.035156 24.414063
63.476563 21.972656
65.917969 21.972656
68.359375 21.972656
70.800781 21.972656
73.242188 19.53125
75.683594 19.53125
78.125 19.53125
80.566406 19.53125
83.007813 17.089844
85.449219 17.089844
87.890625 14.648438
90.332031 14.648438
92.773438 14.648438
95.214844 14.648438
97.65625 12.207031
100.097656 12.207031
109.863281 12.207031
107.421875 12.207031
104.980469 12.207031
102.539063 12.207031
