12.207031 43.945313
14.648438 41.503906
17.089844 39.0625
19.53125 36.621094
21.972656 36.621094
24.414063 34.179688
26.855469 34.179688
29.296875 34.179688
31.738281 34.179688
34.179688 31.738281
36.621094 31.738281
39.0625 31.738281
41.503906 34.179688
43.945313 31.738281
46.386719 31.738281
48.828125 31.738281
51.269531 31.738281
53.710938 31.738281
56.152344 29.296875
58.59375 29.296875
61.035156 31.738281
63.476563 31.738281
65.917969 31.738281
68.359375 31.738281
70.800781 31.738281
73.242188 31.738281
75.683594 31.738281
78.125 29.296875
80.566406 29.296875
83.007813 31.738281
85.449219 29.296875
87.890625 29.296875
90.332031 29.296875
92.773438 29.296875
95.214844 29.296875
97.65625 29.296875
100.097656 29.296875
102.539063 29.296875
104.980469 29.296875
107.421875 29.296875
109.863281 26.855469
112.304688 26.855469
114.746094 24.414063
117.1875 21.972656
119.628906 21.972656
