19.53125 134.277344
21.972656 131.835938
24.414063 131.835938
26.855469 129.394531
29.296875 129.394531
31.738281 126.953125
34.179688 126.953125
36.621094 126.953125
39.0625 124.511719
41.503906 122.070313
43.945313 119.628906
46.386719 119.628906
48.828125 117.1875
51.269531 114.746094
53.710938 114.746094
56.152344 112.304688
58.59375 109.863281
61.035156 107.421875
63.476563 104.980469
65.917969 102.539063
68.359375 102.539063
70.800781 100.097656
73.242188 97.65625
75.683594 97.65625
78.125 95.214844
80.566406 92.773438
83.007813 92.773438
85.449219 90.332031
87.890625 90.332031
90.332031 90.332031
92.773438 90.332031
95.214844 87.890625
97.65625 85.449219
100.097656 85.449219
102.539063 83.007813
104.980469 80.566406
107.421875 80.566406
109.863281 80.566406
112.304688 78.125
114.746094 75.683594
117.1875 75.683594
119.628906 75.683594
122.070313 75.683594
124.511719 75.683594
126.953125 75.683594
129.394531 75.683594
131.835938 75.683594
134.277344 73.242188
136.71875 73.242188
139.160156 70.800781
141.601563 70.800781
144.042969 70.800781
146.484375 68.359375
148.925781 68.359375
151.367188 65.917969
153.808594 63.476563
156.25 63.476563
158.691406 61.035156
161.132813 58.59375
163.574219 58.59375
166.015625 58.59375
168.457031 56.152344
170.898438 56.152344
173.339844 53.710938
175.78125 53.710938
178.222656 51.269531
180.664063 51.269531
183.105469 48.828125
185.546875 48.828125
187.988281 46.386719
190.429688 46.386719
192.871094 46.386719
195.3125 46.386719
197.753906 43.945313
200.195313 43.945313
202.636719 43.945313
205.078125 43.945313
207.519531 41.503906
209.960938 41.503906
212.402344 41.503906
214.84375 39.0625
217.285156 39.0625
219.726563 39.0625
222.167969 36.621094
224.609375 36.621094
227.050781 34.179688
229.492188 34.179688
231.933594 31.738281
234.375 29.296875
236.816406 29.296875
239.257813 29.296875
241.699219 29.296875
244.140625 26.855469
246.582031 26.855469
249.023438 26.855469
251.464844 26.855469
253.90625 26.855469
256.347656 26.855469
258.789063 26.855469
261.230469 24.414063
263.671875 24.414063
266.113281 24.414063
268.554688 21.972656
270.996094 21.972656
273.4375 19.53125
275.878906 19.53125
278.320313 19.53125
280.761719 17.089844
283.203125 17.089844
285.644531 17.089844
288.085938 14.648438
290.527344 14.648438
292.96875 17.089844
295.410156 17.089844
297.851563 14.648438
300.292969 14.648438
302.734375 14.648438
305.175781 14.648438
