131.835938 241.699219
131.835938 239.257813
131.835938 236.816406
131.835938 234.375
131.835938 231.933594
131.835938 229.492188
131.835938 227.050781
131.835938 224.609375
129.394531 222.167969
129.394531 219.726563
129.394531 217.285156
126.953125 214.84375
126.953125 212.402344
126.953125 209.960938
124.511719 207.519531
124.511719 205.078125
122.070313 202.636719
119.628906 200.195313
119.628906 197.753906
117.1875 195.3125
117.1875 192.871094
114.746094 190.429688
114.746094 187.988281
112.304688 185.546875
112.304688 183.105469
109.863281 180.664063
109.863281 178.222656
107.421875 175.78125
107.421875 173.339844
104.980469 170.898438
104.980469 168.457031
102.539063 166.015625
102.539063 163.574219
100.097656 161.132813
97.65625 158.691406
97.65625 156.25
95.214844 153.808594
95.214844 151.367188
92.773438 148.925781
90.332031 146.484375
90.332031 144.042969
87.890625 141.601563
87.890625 139.160156
85.449219 136.71875
85.449219 134.277344
83.007813 131.835938
83.007813 129.394531
80.566406 126.953125
78.125 124.511719
78.125 122.070313
75.683594 119.628906
73.242188 117.1875
73.242188 114.746094
70.800781 112.304688
68.359375 109.863281
68.359375 107.421875
65.917969 104.980469
63.476563 102.539063
61.035156 100.097656
58.59375 97.65625
58.59375 95.214844
56.152344 92.773438
53.710938 90.332031
53.710938 87.890625
51.269531 85.449219
51.269531 83.007813
48.828125 80.566406
46.386719 78.125
46.386719 75.683594
46.386719 73.242188
43.945313 70.800781
43.945313 68.359375
41.503906 65.917969
39.0625 63.476563
39.0625 61.035156
39.0625 58.59375
36.621094 56.152344
36.621094 53.710938
34.179688 51.269531
34.179688 48.828125
34.179688 46.386719
31.738281 43.945313
31.738281 41.503906
31.738281 39.0625
29.296875 36.621094
26.855469 34.179688
26.855469 31.738281
24.414063 29.296875
21.972656 26.855469
19.53125 24.414063
19.53125 21.972656
19.53125 19.53125
17.089844 17.089844
14.648438 14.648438
14.648438 12.207031
14.648438 2.441406
14.648438 4.882813
14.648438 7.324219
14.648438 9.765625
