9.765625 78.125
9.765625 75.683594
12.207031 73.242188
12.207031 70.800781
12.207031 68.359375
14.648438 65.917969
14.648438 63.476563
14.648438 61.035156
17.089844 58.59375
17.089844 56.152344
17.089844 53.710938
19.53125 51.269531
19.53125 48.828125
21.972656 46.386719
21.972656 43.945313
21.972656 41.503906
21.972656 39.0625
21.972656 36.621094
21.972656 34.179688
21.972656 31.738281
24.414063 29.296875
24.414063 26.855469
24.414063 24.414063
24.414063 21.972656
24.414063 19.53125
24.414063 17.089844
24.414063 14.648438
