12.207031 63.476563
12.207031 61.035156
12.207031 58.59375
12.207031 56.152344
12.207031 53.710938
14.648438 51.269531
14.648438 48.828125
17.089844 46.386719
17.089844 43.945313
19.53125 41.503906
21.972656 39.0625
21.972656 36.621094
21.972656 34.179688
24.414063 31.738281
24.414063 29.296875
26.855469 26.855469
29.296875 24.414063
29.296875 21.972656
29.296875 2.441406
29.296875 4.882813
29.296875 7.324219
29.296875 9.765625
29.296875 12.207031
29.296875 14.648438
29.296875 17.089844
29.296875 19.53125
