12.207031 290.527344
12.207031 288.085938
12.207031 285.644531
12.207031 283.203125
12.207031 280.761719
12.207031 278.320313
14.648438 275.878906
17.089844 273.4375
19.53125 270.996094
21.972656 270.996094
24.414063 268.554688
26.855469 266.113281
29.296875 263.671875
29.296875 261.230469
31.738281 258.789063
34.179688 256.347656
36.621094 253.90625
39.0625 251.464844
41.503906 249.023438
43.945313 246.582031
46.386719 244.140625
48.828125 241.699219
51.269531 239.257813
53.710938 236.816406
56.152344 236.816406
58.59375 234.375
61.035156 231.933594
63.476563 229.492188
65.917969 227.050781
68.359375 224.609375
70.800781 222.167969
73.242188 219.726563
75.683594 217.285156
75.683594 214.84375
78.125 212.402344
80.566406 209.960938
83.007813 207.519531
85.449219 205.078125
87.890625 202.636719
90.332031 200.195313
92.773438 197.753906
95.214844 195.3125
97.65625 192.871094
100.097656 190.429688
102.539063 187.988281
104.980469 185.546875
107.421875 183.105469
109.863281 180.664063
112.304688 178.222656
112.304688 175.78125
114.746094 173.339844
117.1875 170.898438
119.628906 168.457031
119.628906 166.015625
122.070313 163.574219
124.511719 161.132813
126.953125 158.691406
129.394531 156.25
131.835938 153.808594
134.277344 151.367188
136.71875 148.925781
139.160156 146.484375
141.601563 144.042969
141.601563 141.601563
144.042969 139.160156
146.484375 136.71875
148.925781 134.277344
151.367188 131.835938
151.367188 129.394531
153.808594 126.953125
153.808594 124.511719
156.25 122.070313
158.691406 119.628906
161.132813 117.1875
163.574219 114.746094
166.015625 112.304688
168.457031 109.863281
168.457031 107.421875
170.898438 104.980469
173.339844 102.539063
175.78125 100.097656
178.222656 97.65625
180.664063 95.214844
183.105469 92.773438
185.546875 90.332031
187.988281 87.890625
190.429688 87.890625
192.871094 85.449219
195.3125 83.007813
197.753906 80.566406
200.195313 78.125
202.636719 75.683594
205.078125 75.683594
207.519531 73.242188
209.960938 70.800781
212.402344 68.359375
214.84375 65.917969
217.285156 63.476563
219.726563 61.035156
222.167969 61.035156
224.609375 58.59375
227.050781 56.152344
229.492188 53.710938
231.933594 51.269531
234.375 48.828125
236.816406 46.386719
239.257813 43.945313
241.699219 41.503906
244.140625 39.0625
246.582031 39.0625
249.023438 39.0625
251.464844 36.621094
253.90625 36.621094
256.347656 34.179688
258.789063 34.179688
261.230469 31.738281
263.671875 29.296875
266.113281 26.855469
268.554688 26.855469
270.996094 24.414063
270.996094 21.972656
273.4375 19.53125
285.644531 7.324219
283.203125 9.765625
280.761719 12.207031
278.320313 14.648438
275.878906 17.089844
