158.691406 46.386719
156.25 46.386719
153.808594 46.386719
151.367188 43.945313
148.925781 43.945313
146.484375 41.503906
144.042969 39.0625
141.601563 39.0625
139.160156 39.0625
136.71875 36.621094
134.277344 34.179688
131.835938 34.179688
129.394531 34.179688
126.953125 34.179688
124.511719 34.179688
122.070313 31.738281
119.628906 34.179688
117.1875 31.738281
114.746094 31.738281
112.304688 31.738281
109.863281 29.296875
107.421875 29.296875
104.980469 29.296875
102.539063 29.296875
100.097656 26.855469
97.65625 26.855469
95.214844 26.855469
92.773438 24.414063
90.332031 24.414063
87.890625 24.414063
85.449219 24.414063
83.007813 24.414063
80.566406 24.414063
78.125 24.414063
75.683594 24.414063
73.242188 24.414063
70.800781 24.414063
68.359375 24.414063
65.917969 21.972656
63.476563 21.972656
61.035156 21.972656
58.59375 21.972656
56.152344 21.972656
53.710938 19.53125
51.269531 19.53125
48.828125 19.53125
46.386719 19.53125
43.945313 19.53125
41.503906 19.53125
39.0625 17.089844
36.621094 17.089844
34.179688 17.089844
31.738281 17.089844
29.296875 17.089844
26.855469 17.089844
24.414063 14.648438
21.972656 14.648438
19.53125 14.648438
17.089844 14.648438
14.648438 14.648438
12.207031 12.207031
9.765625 9.765625
7.324219 7.324219
7.324219 4.882813
