43.945313 163.574219
41.503906 161.132813
39.0625 158.691406
36.621094 156.25
34.179688 153.808594
34.179688 151.367188
34.179688 148.925781
31.738281 146.484375
31.738281 144.042969
31.738281 141.601563
29.296875 139.160156
29.296875 136.71875
29.296875 134.277344
29.296875 131.835938
29.296875 129.394531
29.296875 126.953125
29.296875 124.511719
26.855469 122.070313
26.855469 119.628906
26.855469 117.1875
26.855469 114.746094
26.855469 112.304688
24.414063 109.863281
24.414063 107.421875
24.414063 104.980469
24.414063 102.539063
24.414063 100.097656
21.972656 97.65625
21.972656 95.214844
21.972656 92.773438
21.972656 90.332031
21.972656 87.890625
21.972656 85.449219
19.53125 83.007813
19.53125 80.566406
19.53125 78.125
19.53125 75.683594
19.53125 73.242188
19.53125 70.800781
19.53125 68.359375
19.53125 65.917969
19.53125 63.476563
19.53125 61.035156
19.53125 58.59375
19.53125 56.152344
19.53125 53.710938
17.089844 51.269531
17.089844 48.828125
19.53125 46.386719
19.53125 43.945313
19.53125 41.503906
17.089844 39.0625
17.089844 36.621094
17.089844 34.179688
17.089844 31.738281
14.648438 29.296875
12.207031 26.855469
12.207031 24.414063
12.207031 21.972656
9.765625 19.53125
9.765625 17.089844
9.765625 14.648438
9.765625 12.207031
12.207031 9.765625
12.207031 7.324219
12.207031 2.441406
12.207031 4.882813
