51.269531 173.339844
51.269531 170.898438
51.269531 168.457031
51.269531 166.015625
51.269531 163.574219
51.269531 161.132813
51.269531 158.691406
51.269531 156.25
51.269531 153.808594
51.269531 151.367188
51.269531 148.925781
48.828125 146.484375
48.828125 144.042969
46.386719 141.601563
46.386719 139.160156
43.945313 136.71875
43.945313 134.277344
43.945313 131.835938
41.503906 129.394531
41.503906 126.953125
39.0625 124.511719
39.0625 122.070313
39.0625 119.628906
36.621094 117.1875
36.621094 114.746094
36.621094 112.304688
36.621094 109.863281
34.179688 107.421875
34.179688 104.980469
34.179688 102.539063
34.179688 100.097656
34.179688 97.65625
34.179688 95.214844
34.179688 92.773438
31.738281 90.332031
31.738281 87.890625
31.738281 85.449219
31.738281 83.007813
29.296875 80.566406
29.296875 78.125
29.296875 75.683594
29.296875 73.242188
26.855469 70.800781
26.855469 68.359375
26.855469 65.917969
24.414063 63.476563
24.414063 61.035156
21.972656 58.59375
21.972656 56.152344
21.972656 53.710938
19.53125 51.269531
19.53125 48.828125
19.53125 46.386719
19.53125 43.945313
17.089844 41.503906
17.089844 39.0625
17.089844 36.621094
17.089844 34.179688
17.089844 31.738281
17.089844 29.296875
14.648438 26.855469
14.648438 24.414063
14.648438 21.972656
14.648438 19.53125
14.648438 17.089844
14.648438 14.648438
12.207031 12.207031
4.882813 4.882813
7.324219 7.324219
9.765625 9.765625
