34.179688 80.566406
34.179688 78.125
31.738281 75.683594
29.296875 73.242188
31.738281 70.800781
31.738281 68.359375
29.296875 65.917969
29.296875 63.476563
29.296875 61.035156
26.855469 58.59375
26.855469 56.152344
26.855469 53.710938
24.414063 51.269531
24.414063 48.828125
21.972656 46.386719
21.972656 43.945313
19.53125 41.503906
19.53125 39.0625
19.53125 36.621094
17.089844 34.179688
17.089844 31.738281
17.089844 29.296875
17.089844 26.855469
17.089844 24.414063
17.089844 21.972656
17.089844 19.53125
17.089844 17.089844
17.089844 14.648438
17.089844 12.207031
