85.449219 26.855469
83.007813 26.855469
80.566406 26.855469
78.125 24.414063
75.683594 24.414063
73.242188 24.414063
70.800781 24.414063
68.359375 21.972656
65.917969 21.972656
63.476563 21.972656
61.035156 21.972656
58.59375 21.972656
56.152344 21.972656
53.710938 21.972656
51.269531 21.972656
48.828125 21.972656
46.386719 19.53125
43.945313 19.53125
41.503906 19.53125
39.0625 19.53125
36.621094 19.53125
34.179688 17.089844
31.738281 17.089844
29.296875 17.089844
26.855469 17.089844
24.414063 17.089844
21.972656 14.648438
19.53125 14.648438
17.089844 14.648438
14.648438 14.648438
