14.648438 90.332031
14.648438 87.890625
14.648438 85.449219
14.648438 83.007813
14.648438 80.566406
14.648438 78.125
14.648438 75.683594
14.648438 73.242188
14.648438 70.800781
14.648438 68.359375
14.648438 65.917969
14.648438 63.476563
14.648438 61.035156
12.207031 58.59375
12.207031 56.152344
12.207031 53.710938
14.648438 51.269531
14.648438 48.828125
14.648438 46.386719
14.648438 43.945313
14.648438 41.503906
14.648438 39.0625
17.089844 36.621094
17.089844 34.179688
17.089844 31.738281
17.089844 29.296875
17.089844 26.855469
17.089844 24.414063
14.648438 21.972656
17.089844 19.53125
17.089844 17.089844
17.089844 14.648438
14.648438 12.207031
14.648438 9.765625
14.648438 2.441406
14.648438 4.882813
14.648438 7.324219
