90.332031 58.59375
87.890625 56.152344
85.449219 56.152344
83.007813 56.152344
80.566406 53.710938
78.125 53.710938
75.683594 51.269531
73.242188 51.269531
70.800781 48.828125
68.359375 48.828125
65.917969 48.828125
63.476563 48.828125
61.035156 46.386719
58.59375 46.386719
56.152344 43.945313
53.710938 41.503906
51.269531 41.503906
48.828125 39.0625
46.386719 36.621094
43.945313 34.179688
41.503906 31.738281
39.0625 29.296875
36.621094 26.855469
34.179688 26.855469
31.738281 24.414063
29.296875 24.414063
26.855469 21.972656
24.414063 21.972656
