2.441406 36.621094
4.882813 36.621094
7.324219 36.621094
9.765625 36.621094
12.207031 36.621094
14.648438 36.621094
17.089844 36.621094
19.53125 36.621094
21.972656 36.621094
24.414063 34.179688
26.855469 31.738281
29.296875 31.738281
31.738281 29.296875
34.179688 29.296875
36.621094 26.855469
39.0625 26.855469
41.503906 24.414063
43.945313 24.414063
46.386719 24.414063
48.828125 24.414063
51.269531 21.972656
53.710938 21.972656
56.152344 21.972656
58.59375 21.972656
61.035156 21.972656
63.476563 21.972656
65.917969 21.972656
68.359375 19.53125
70.800781 19.53125
73.242188 19.53125
75.683594 19.53125
78.125 17.089844
80.566406 17.089844
95.214844 17.089844
92.773438 17.089844
90.332031 17.089844
87.890625 17.089844
85.449219 17.089844
83.007813 17.089844
