9.765625 92.773438
12.207031 90.332031
14.648438 87.890625
17.089844 85.449219
19.53125 83.007813
21.972656 80.566406
24.414063 78.125
26.855469 75.683594
29.296875 73.242188
31.738281 73.242188
34.179688 70.800781
36.621094 68.359375
39.0625 65.917969
41.503906 63.476563
43.945313 61.035156
46.386719 58.59375
48.828125 56.152344
51.269531 56.152344
53.710938 53.710938
56.152344 51.269531
58.59375 51.269531
61.035156 48.828125
63.476563 46.386719
65.917969 46.386719
68.359375 46.386719
70.800781 43.945313
73.242188 43.945313
75.683594 41.503906
78.125 41.503906
80.566406 41.503906
83.007813 39.0625
85.449219 36.621094
87.890625 36.621094
90.332031 34.179688
92.773438 34.179688
95.214844 31.738281
97.65625 29.296875
100.097656 26.855469
102.539063 24.414063
104.980469 24.414063
107.421875 24.414063
109.863281 21.972656
112.304688 21.972656
114.746094 19.53125
117.1875 19.53125
119.628906 17.089844
122.070313 17.089844
124.511719 17.089844
139.160156 17.089844
136.71875 17.089844
134.277344 17.089844
131.835938 17.089844
129.394531 17.089844
126.953125 17.089844
