19.53125 92.773438
19.53125 90.332031
19.53125 87.890625
19.53125 85.449219
19.53125 83.007813
19.53125 80.566406
19.53125 78.125
19.53125 75.683594
19.53125 73.242188
19.53125 70.800781
21.972656 68.359375
24.414063 65.917969
26.855469 63.476563
26.855469 61.035156
29.296875 58.59375
31.738281 56.152344
34.179688 53.710938
34.179688 51.269531
36.621094 48.828125
39.0625 46.386719
41.503906 43.945313
41.503906 41.503906
43.945313 39.0625
46.386719 36.621094
46.386719 34.179688
48.828125 31.738281
48.828125 29.296875
51.269531 26.855469
53.710938 24.414063
56.152344 21.972656
56.152344 19.53125
58.59375 17.089844
61.035156 14.648438
61.035156 12.207031
61.035156 2.441406
61.035156 4.882813
61.035156 7.324219
61.035156 9.765625
