80.566406 122.070313
80.566406 119.628906
78.125 117.1875
75.683594 114.746094
75.683594 112.304688
75.683594 109.863281
73.242188 107.421875
73.242188 104.980469
70.800781 102.539063
70.800781 100.097656
68.359375 97.65625
68.359375 95.214844
65.917969 92.773438
63.476563 90.332031
63.476563 87.890625
61.035156 85.449219
58.59375 83.007813
58.59375 80.566406
56.152344 78.125
53.710938 75.683594
51.269531 73.242188
48.828125 70.800781
46.386719 68.359375
46.386719 65.917969
43.945313 63.476563
41.503906 61.035156
41.503906 58.59375
39.0625 56.152344
39.0625 53.710938
39.0625 51.269531
36.621094 48.828125
36.621094 46.386719
34.179688 43.945313
34.179688 41.503906
31.738281 39.0625
29.296875 36.621094
26.855469 34.179688
26.855469 31.738281
24.414063 29.296875
24.414063 26.855469
21.972656 24.414063
19.53125 21.972656
19.53125 19.53125
17.089844 17.089844
17.089844 14.648438
