14.648438 61.035156
14.648438 58.59375
17.089844 56.152344
19.53125 56.152344
21.972656 53.710938
24.414063 51.269531
26.855469 48.828125
29.296875 46.386719
31.738281 43.945313
34.179688 41.503906
36.621094 41.503906
39.0625 39.0625
41.503906 36.621094
43.945313 36.621094
46.386719 34.179688
48.828125 31.738281
51.269531 29.296875
53.710938 26.855469
56.152344 24.414063
58.59375 21.972656
61.035156 21.972656
63.476563 19.53125
65.917969 17.089844
68.359375 14.648438
70.800781 12.207031
73.242188 12.207031
75.683594 9.765625
78.125 9.765625
80.566406 7.324219
83.007813 7.324219
85.449219 4.882813
