56.152344 122.070313
56.152344 119.628906
56.152344 117.1875
56.152344 114.746094
56.152344 112.304688
56.152344 109.863281
56.152344 107.421875
56.152344 104.980469
56.152344 102.539063
56.152344 100.097656
53.710938 97.65625
53.710938 95.214844
53.710938 92.773438
53.710938 90.332031
51.269531 87.890625
51.269531 85.449219
48.828125 83.007813
46.386719 80.566406
46.386719 78.125
43.945313 75.683594
43.945313 73.242188
41.503906 70.800781
41.503906 68.359375
39.0625 65.917969
39.0625 63.476563
36.621094 61.035156
36.621094 58.59375
34.179688 56.152344
34.179688 53.710938
31.738281 51.269531
31.738281 48.828125
29.296875 46.386719
29.296875 43.945313
26.855469 41.503906
26.855469 39.0625
24.414063 36.621094
24.414063 34.179688
21.972656 31.738281
19.53125 29.296875
19.53125 26.855469
17.089844 24.414063
17.089844 21.972656
17.089844 19.53125
14.648438 17.089844
14.648438 14.648438
12.207031 12.207031
12.207031 9.765625
12.207031 2.441406
12.207031 4.882813
12.207031 7.324219
