24.414063 131.835938
24.414063 129.394531
24.414063 126.953125
24.414063 124.511719
24.414063 122.070313
24.414063 119.628906
24.414063 117.1875
21.972656 114.746094
21.972656 112.304688
21.972656 109.863281
21.972656 107.421875
21.972656 104.980469
19.53125 102.539063
19.53125 100.097656
17.089844 97.65625
17.089844 95.214844
17.089844 92.773438
17.089844 90.332031
17.089844 87.890625
17.089844 85.449219
17.089844 83.007813
17.089844 80.566406
17.089844 78.125
17.089844 75.683594
17.089844 73.242188
17.089844 70.800781
17.089844 68.359375
17.089844 65.917969
17.089844 63.476563
17.089844 61.035156
17.089844 58.59375
17.089844 56.152344
17.089844 53.710938
17.089844 51.269531
17.089844 48.828125
17.089844 46.386719
17.089844 43.945313
17.089844 41.503906
17.089844 39.0625
17.089844 36.621094
17.089844 34.179688
17.089844 31.738281
17.089844 29.296875
17.089844 26.855469
17.089844 24.414063
17.089844 21.972656
17.089844 19.53125
17.089844 17.089844
17.089844 14.648438
17.089844 12.207031
17.089844 2.441406
17.089844 4.882813
17.089844 7.324219
17.089844 9.765625
