126.953125 214.84375
124.511719 214.84375
122.070313 214.84375
119.628906 214.84375
117.1875 214.84375
114.746094 214.84375
112.304688 212.402344
109.863281 209.960938
109.863281 207.519531
109.863281 205.078125
107.421875 202.636719
104.980469 200.195313
104.980469 197.753906
102.539063 195.3125
102.539063 192.871094
100.097656 190.429688
97.65625 187.988281
97.65625 185.546875
95.214844 183.105469
92.773438 180.664063
92.773438 178.222656
90.332031 175.78125
87.890625 173.339844
87.890625 170.898438
85.449219 168.457031
85.449219 166.015625
83.007813 163.574219
83.007813 161.132813
83.007813 158.691406
80.566406 156.25
80.566406 153.808594
80.566406 151.367188
78.125 148.925781
78.125 146.484375
75.683594 144.042969
75.683594 141.601563
73.242188 139.160156
73.242188 136.71875
73.242188 134.277344
73.242188 131.835938
70.800781 129.394531
68.359375 126.953125
65.917969 124.511719
63.476563 122.070313
61.035156 119.628906
58.59375 117.1875
56.152344 114.746094
53.710938 112.304688
53.710938 109.863281
51.269531 107.421875
51.269531 104.980469
48.828125 102.539063
48.828125 100.097656
48.828125 97.65625
48.828125 95.214844
46.386719 92.773438
46.386719 90.332031
43.945313 87.890625
43.945313 85.449219
43.945313 83.007813
43.945313 80.566406
43.945313 78.125
43.945313 75.683594
43.945313 73.242188
43.945313 70.800781
41.503906 68.359375
39.0625 65.917969
39.0625 63.476563
36.621094 61.035156
36.621094 58.59375
34.179688 56.152344
31.738281 53.710938
31.738281 51.269531
31.738281 48.828125
29.296875 46.386719
29.296875 43.945313
29.296875 41.503906
26.855469 39.0625
26.855469 36.621094
24.414063 34.179688
21.972656 31.738281
19.53125 29.296875
19.53125 26.855469
19.53125 24.414063
17.089844 21.972656
17.089844 19.53125
14.648438 17.089844
14.648438 14.648438
14.648438 12.207031
14.648438 2.441406
14.648438 4.882813
14.648438 7.324219
14.648438 9.765625
