12.207031 63.476563
12.207031 61.035156
12.207031 58.59375
12.207031 56.152344
12.207031 53.710938
12.207031 51.269531
14.648438 48.828125
14.648438 46.386719
14.648438 43.945313
14.648438 41.503906
17.089844 39.0625
17.089844 36.621094
17.089844 34.179688
17.089844 31.738281
17.089844 29.296875
17.089844 26.855469
17.089844 24.414063
17.089844 21.972656
17.089844 19.53125
17.089844 17.089844
17.089844 14.648438
17.089844 12.207031
17.089844 9.765625
17.089844 2.441406
17.089844 4.882813
17.089844 7.324219
