73.242188 126.953125
75.683594 124.511719
78.125 122.070313
80.566406 119.628906
83.007813 117.1875
85.449219 114.746094
85.449219 112.304688
85.449219 109.863281
85.449219 107.421875
85.449219 104.980469
85.449219 102.539063
83.007813 100.097656
83.007813 97.65625
80.566406 95.214844
80.566406 92.773438
78.125 90.332031
75.683594 87.890625
73.242188 85.449219
70.800781 83.007813
70.800781 80.566406
68.359375 78.125
65.917969 75.683594
68.359375 73.242188
68.359375 70.800781
65.917969 68.359375
65.917969 65.917969
65.917969 63.476563
63.476563 61.035156
61.035156 58.59375
58.59375 56.152344
56.152344 53.710938
53.710938 51.269531
51.269531 48.828125
48.828125 46.386719
46.386719 43.945313
43.945313 41.503906
43.945313 39.0625
41.503906 36.621094
39.0625 34.179688
36.621094 31.738281
36.621094 29.296875
36.621094 26.855469
36.621094 24.414063
34.179688 21.972656
31.738281 19.53125
29.296875 17.089844
26.855469 17.089844
24.414063 14.648438
21.972656 12.207031
19.53125 12.207031
17.089844 9.765625
14.648438 9.765625
12.207031 7.324219
9.765625 7.324219
7.324219 7.324219
2.441406 7.324219
4.882813 7.324219
