14.648438 190.429688
14.648438 187.988281
14.648438 185.546875
14.648438 183.105469
14.648438 180.664063
14.648438 178.222656
14.648438 175.78125
17.089844 173.339844
19.53125 170.898438
21.972656 168.457031
24.414063 166.015625
24.414063 163.574219
26.855469 161.132813
26.855469 158.691406
29.296875 156.25
31.738281 153.808594
31.738281 151.367188
34.179688 148.925781
36.621094 146.484375
39.0625 144.042969
41.503906 141.601563
41.503906 139.160156
41.503906 136.71875
43.945313 134.277344
43.945313 131.835938
43.945313 129.394531
46.386719 126.953125
46.386719 124.511719
48.828125 122.070313
48.828125 119.628906
48.828125 117.1875
51.269531 114.746094
51.269531 112.304688
53.710938 109.863281
53.710938 107.421875
56.152344 104.980469
56.152344 102.539063
58.59375 100.097656
58.59375 97.65625
61.035156 95.214844
61.035156 92.773438
63.476563 90.332031
63.476563 87.890625
65.917969 85.449219
65.917969 83.007813
68.359375 80.566406
70.800781 78.125
70.800781 75.683594
73.242188 73.242188
75.683594 70.800781
75.683594 68.359375
78.125 65.917969
78.125 63.476563
78.125 61.035156
80.566406 58.59375
80.566406 56.152344
83.007813 53.710938
83.007813 51.269531
85.449219 48.828125
85.449219 46.386719
87.890625 43.945313
90.332031 41.503906
92.773438 39.0625
95.214844 36.621094
97.65625 34.179688
100.097656 31.738281
102.539063 29.296875
104.980469 26.855469
107.421875 24.414063
109.863281 21.972656
112.304688 19.53125
112.304688 17.089844
114.746094 14.648438
117.1875 12.207031
117.1875 9.765625
117.1875 2.441406
117.1875 4.882813
117.1875 7.324219
