53.710938 300.292969
53.710938 297.851563
53.710938 295.410156
53.710938 292.96875
51.269531 290.527344
51.269531 288.085938
51.269531 285.644531
51.269531 283.203125
48.828125 280.761719
48.828125 278.320313
48.828125 275.878906
46.386719 273.4375
46.386719 270.996094
46.386719 268.554688
46.386719 266.113281
43.945313 263.671875
43.945313 261.230469
43.945313 258.789063
41.503906 256.347656
41.503906 253.90625
41.503906 251.464844
39.0625 249.023438
39.0625 246.582031
39.0625 244.140625
39.0625 241.699219
39.0625 239.257813
36.621094 236.816406
36.621094 234.375
36.621094 231.933594
34.179688 229.492188
34.179688 227.050781
34.179688 224.609375
34.179688 222.167969
31.738281 219.726563
31.738281 217.285156
31.738281 214.84375
31.738281 212.402344
31.738281 209.960938
29.296875 207.519531
29.296875 205.078125
29.296875 202.636719
29.296875 200.195313
29.296875 197.753906
29.296875 195.3125
29.296875 192.871094
29.296875 190.429688
29.296875 187.988281
29.296875 185.546875
29.296875 183.105469
26.855469 180.664063
26.855469 178.222656
26.855469 175.78125
26.855469 173.339844
26.855469 170.898438
24.414063 168.457031
24.414063 166.015625
24.414063 163.574219
24.414063 161.132813
24.414063 158.691406
21.972656 156.25
21.972656 153.808594
21.972656 151.367188
21.972656 148.925781
21.972656 146.484375
21.972656 144.042969
21.972656 141.601563
19.53125 139.160156
19.53125 136.71875
19.53125 134.277344
19.53125 131.835938
17.089844 129.394531
17.089844 126.953125
17.089844 124.511719
17.089844 122.070313
17.089844 119.628906
17.089844 117.1875
17.089844 114.746094
17.089844 112.304688
17.089844 109.863281
17.089844 107.421875
17.089844 104.980469
17.089844 102.539063
14.648438 100.097656
14.648438 97.65625
14.648438 95.214844
14.648438 92.773438
14.648438 90.332031
14.648438 87.890625
14.648438 85.449219
14.648438 83.007813
17.089844 80.566406
17.089844 78.125
17.089844 75.683594
19.53125 73.242188
19.53125 70.800781
19.53125 68.359375
19.53125 65.917969
19.53125 63.476563
19.53125 61.035156
21.972656 58.59375
21.972656 56.152344
21.972656 53.710938
21.972656 51.269531
21.972656 48.828125
21.972656 46.386719
21.972656 43.945313
21.972656 41.503906
21.972656 39.0625
21.972656 36.621094
21.972656 34.179688
21.972656 31.738281
24.414063 29.296875
21.972656 26.855469
21.972656 24.414063
24.414063 21.972656
24.414063 19.53125
24.414063 17.089844
21.972656 14.648438
21.972656 12.207031
