141.601563 102.539063
139.160156 102.539063
136.71875 100.097656
134.277344 97.65625
131.835938 95.214844
129.394531 92.773438
126.953125 90.332031
124.511719 90.332031
122.070313 90.332031
119.628906 87.890625
117.1875 87.890625
114.746094 87.890625
112.304688 87.890625
109.863281 87.890625
107.421875 87.890625
104.980469 85.449219
102.539063 85.449219
100.097656 83.007813
97.65625 83.007813
95.214844 80.566406
92.773438 80.566406
90.332031 80.566406
87.890625 80.566406
85.449219 78.125
83.007813 78.125
80.566406 75.683594
78.125 73.242188
75.683594 70.800781
73.242188 68.359375
70.800781 68.359375
68.359375 65.917969
65.917969 63.476563
63.476563 63.476563
61.035156 61.035156
58.59375 58.59375
56.152344 56.152344
53.710938 53.710938
51.269531 51.269531
48.828125 51.269531
46.386719 48.828125
43.945313 46.386719
41.503906 43.945313
39.0625 41.503906
36.621094 39.0625
34.179688 36.621094
31.738281 34.179688
29.296875 31.738281
26.855469 29.296875
24.414063 26.855469
21.972656 24.414063
19.53125 21.972656
19.53125 19.53125
17.089844 17.089844
17.089844 14.648438
