24.414063 280.761719
26.855469 280.761719
29.296875 280.761719
31.738281 278.320313
34.179688 278.320313
36.621094 275.878906
39.0625 275.878906
41.503906 273.4375
43.945313 270.996094
46.386719 268.554688
48.828125 266.113281
51.269531 263.671875
53.710938 261.230469
56.152344 258.789063
58.59375 256.347656
61.035156 253.90625
63.476563 251.464844
65.917969 249.023438
68.359375 246.582031
70.800781 246.582031
73.242188 244.140625
75.683594 241.699219
78.125 239.257813
80.566406 236.816406
83.007813 234.375
85.449219 231.933594
87.890625 229.492188
90.332031 227.050781
92.773438 224.609375
95.214844 222.167969
97.65625 219.726563
100.097656 217.285156
102.539063 214.84375
102.539063 212.402344
104.980469 209.960938
107.421875 207.519531
109.863281 205.078125
112.304688 202.636719
114.746094 200.195313
117.1875 197.753906
119.628906 195.3125
122.070313 192.871094
124.511719 190.429688
124.511719 187.988281
126.953125 185.546875
129.394531 183.105469
131.835938 180.664063
131.835938 178.222656
134.277344 175.78125
134.277344 173.339844
136.71875 170.898438
136.71875 168.457031
139.160156 166.015625
139.160156 163.574219
139.160156 161.132813
139.160156 158.691406
141.601563 156.25
141.601563 153.808594
141.601563 151.367188
141.601563 148.925781
144.042969 146.484375
144.042969 144.042969
144.042969 141.601563
144.042969 139.160156
144.042969 136.71875
144.042969 134.277344
144.042969 131.835938
144.042969 129.394531
146.484375 126.953125
146.484375 124.511719
146.484375 122.070313
146.484375 119.628906
146.484375 117.1875
146.484375 114.746094
146.484375 112.304688
146.484375 109.863281
146.484375 107.421875
144.042969 104.980469
144.042969 102.539063
144.042969 100.097656
141.601563 97.65625
141.601563 95.214844
141.601563 92.773438
141.601563 90.332031
141.601563 87.890625
141.601563 85.449219
141.601563 83.007813
141.601563 80.566406
141.601563 78.125
141.601563 75.683594
141.601563 73.242188
141.601563 70.800781
141.601563 68.359375
141.601563 65.917969
141.601563 63.476563
141.601563 61.035156
141.601563 58.59375
144.042969 56.152344
144.042969 53.710938
144.042969 51.269531
144.042969 48.828125
144.042969 46.386719
144.042969 43.945313
146.484375 41.503906
146.484375 39.0625
148.925781 36.621094
148.925781 34.179688
148.925781 31.738281
151.367188 29.296875
153.808594 26.855469
153.808594 24.414063
156.25 21.972656
156.25 19.53125
156.25 17.089844
156.25 14.648438
