17.089844 148.925781
17.089844 146.484375
19.53125 144.042969
21.972656 141.601563
24.414063 141.601563
26.855469 139.160156
29.296875 139.160156
31.738281 136.71875
34.179688 136.71875
36.621094 134.277344
39.0625 131.835938
41.503906 131.835938
43.945313 131.835938
46.386719 129.394531
48.828125 129.394531
51.269531 129.394531
53.710938 126.953125
56.152344 126.953125
58.59375 124.511719
61.035156 122.070313
63.476563 119.628906
65.917969 117.1875
68.359375 117.1875
70.800781 114.746094
73.242188 114.746094
75.683594 112.304688
78.125 112.304688
80.566406 112.304688
83.007813 109.863281
85.449219 109.863281
87.890625 107.421875
90.332031 104.980469
92.773438 102.539063
95.214844 102.539063
97.65625 100.097656
100.097656 100.097656
102.539063 97.65625
104.980469 97.65625
107.421875 97.65625
109.863281 95.214844
112.304688 92.773438
114.746094 90.332031
117.1875 90.332031
119.628906 87.890625
122.070313 85.449219
124.511719 83.007813
126.953125 80.566406
129.394531 80.566406
131.835938 78.125
134.277344 75.683594
136.71875 75.683594
139.160156 75.683594
141.601563 73.242188
144.042969 70.800781
146.484375 70.800781
148.925781 68.359375
151.367188 68.359375
153.808594 68.359375
156.25 65.917969
158.691406 65.917969
161.132813 63.476563
163.574219 61.035156
166.015625 61.035156
168.457031 58.59375
170.898438 58.59375
173.339844 56.152344
175.78125 56.152344
178.222656 56.152344
180.664063 53.710938
183.105469 53.710938
185.546875 53.710938
187.988281 53.710938
190.429688 51.269531
192.871094 48.828125
195.3125 48.828125
197.753906 46.386719
200.195313 46.386719
202.636719 43.945313
205.078125 43.945313
207.519531 43.945313
209.960938 41.503906
212.402344 41.503906
214.84375 41.503906
217.285156 39.0625
219.726563 39.0625
222.167969 36.621094
224.609375 36.621094
227.050781 36.621094
229.492188 36.621094
231.933594 36.621094
234.375 36.621094
236.816406 36.621094
239.257813 36.621094
241.699219 36.621094
244.140625 34.179688
246.582031 34.179688
249.023438 34.179688
251.464844 31.738281
253.90625 31.738281
256.347656 29.296875
258.789063 26.855469
261.230469 26.855469
263.671875 26.855469
266.113281 26.855469
268.554688 24.414063
270.996094 24.414063
273.4375 24.414063
275.878906 21.972656
278.320313 21.972656
280.761719 21.972656
283.203125 19.53125
285.644531 19.53125
288.085938 19.53125
290.527344 19.53125
292.96875 17.089844
295.410156 17.089844
297.851563 17.089844
300.292969 14.648438
302.734375 14.648438
305.175781 14.648438
307.617188 12.207031
310.058594 12.207031
312.5 9.765625
314.941406 7.324219
