83.007813 73.242188
80.566406 73.242188
78.125 73.242188
75.683594 73.242188
73.242188 73.242188
70.800781 73.242188
68.359375 70.800781
65.917969 68.359375
63.476563 65.917969
61.035156 63.476563
58.59375 61.035156
56.152344 58.59375
53.710938 56.152344
51.269531 53.710938
48.828125 53.710938
46.386719 51.269531
43.945313 48.828125
43.945313 46.386719
41.503906 43.945313
39.0625 41.503906
36.621094 39.0625
34.179688 36.621094
31.738281 34.179688
31.738281 31.738281
29.296875 29.296875
26.855469 26.855469
24.414063 24.414063
24.414063 21.972656
21.972656 19.53125
19.53125 19.53125
2.441406 19.53125
4.882813 19.53125
7.324219 19.53125
9.765625 19.53125
12.207031 19.53125
14.648438 19.53125
17.089844 19.53125
