17.089844 205.078125
17.089844 202.636719
17.089844 200.195313
17.089844 197.753906
17.089844 195.3125
17.089844 192.871094
19.53125 190.429688
19.53125 187.988281
21.972656 185.546875
21.972656 183.105469
24.414063 180.664063
24.414063 178.222656
24.414063 175.78125
26.855469 173.339844
26.855469 170.898438
26.855469 168.457031
26.855469 166.015625
29.296875 163.574219
31.738281 161.132813
31.738281 158.691406
34.179688 156.25
34.179688 153.808594
34.179688 151.367188
36.621094 148.925781
36.621094 146.484375
39.0625 144.042969
41.503906 141.601563
43.945313 139.160156
43.945313 136.71875
46.386719 134.277344
48.828125 131.835938
51.269531 129.394531
53.710938 126.953125
56.152344 124.511719
58.59375 122.070313
61.035156 119.628906
63.476563 117.1875
65.917969 114.746094
65.917969 112.304688
68.359375 109.863281
70.800781 107.421875
73.242188 104.980469
75.683594 102.539063
78.125 100.097656
80.566406 97.65625
83.007813 95.214844
85.449219 92.773438
87.890625 90.332031
90.332031 87.890625
92.773438 85.449219
92.773438 83.007813
95.214844 80.566406
97.65625 78.125
100.097656 75.683594
102.539063 73.242188
104.980469 70.800781
107.421875 68.359375
109.863281 65.917969
109.863281 63.476563
112.304688 61.035156
112.304688 58.59375
112.304688 56.152344
114.746094 53.710938
114.746094 51.269531
117.1875 48.828125
119.628906 46.386719
119.628906 43.945313
122.070313 41.503906
124.511719 39.0625
126.953125 36.621094
129.394531 34.179688
131.835938 31.738281
134.277344 29.296875
136.71875 26.855469
139.160156 24.414063
141.601563 21.972656
144.042969 19.53125
146.484375 17.089844
148.925781 14.648438
151.367188 14.648438
153.808594 12.207031
