4.882813 80.566406
7.324219 78.125
9.765625 75.683594
12.207031 73.242188
14.648438 70.800781
17.089844 68.359375
19.53125 68.359375
21.972656 65.917969
24.414063 63.476563
26.855469 61.035156
26.855469 58.59375
29.296875 56.152344
31.738281 53.710938
34.179688 51.269531
36.621094 48.828125
39.0625 46.386719
41.503906 43.945313
43.945313 41.503906
46.386719 41.503906
48.828125 39.0625
51.269531 36.621094
53.710938 34.179688
56.152344 31.738281
58.59375 29.296875
61.035156 29.296875
63.476563 26.855469
65.917969 24.414063
68.359375 21.972656
70.800781 19.53125
83.007813 7.324219
80.566406 9.765625
78.125 12.207031
75.683594 14.648438
73.242188 17.089844
