102.539063 112.304688
100.097656 112.304688
97.65625 109.863281
95.214844 107.421875
92.773438 107.421875
90.332031 104.980469
87.890625 102.539063
85.449219 100.097656
83.007813 97.65625
80.566406 95.214844
78.125 92.773438
75.683594 90.332031
75.683594 87.890625
73.242188 85.449219
70.800781 83.007813
70.800781 80.566406
68.359375 78.125
65.917969 75.683594
63.476563 73.242188
61.035156 70.800781
61.035156 68.359375
58.59375 65.917969
56.152344 63.476563
53.710938 61.035156
51.269531 58.59375
48.828125 56.152344
46.386719 53.710938
43.945313 51.269531
41.503906 48.828125
39.0625 46.386719
36.621094 43.945313
34.179688 41.503906
34.179688 39.0625
31.738281 36.621094
29.296875 34.179688
29.296875 31.738281
26.855469 29.296875
26.855469 26.855469
24.414063 24.414063
21.972656 21.972656
19.53125 19.53125
17.089844 17.089844
14.648438 14.648438
14.648438 12.207031
