122.070313 9.765625
119.628906 12.207031
117.1875 14.648438
114.746094 17.089844
112.304688 19.53125
109.863281 19.53125
107.421875 19.53125
104.980469 19.53125
102.539063 19.53125
100.097656 19.53125
97.65625 19.53125
95.214844 17.089844
92.773438 17.089844
90.332031 17.089844
87.890625 17.089844
85.449219 17.089844
83.007813 17.089844
80.566406 17.089844
78.125 17.089844
75.683594 17.089844
73.242188 17.089844
70.800781 17.089844
68.359375 17.089844
65.917969 17.089844
63.476563 17.089844
61.035156 17.089844
58.59375 17.089844
56.152344 17.089844
53.710938 17.089844
51.269531 17.089844
48.828125 17.089844
46.386719 17.089844
43.945313 17.089844
41.503906 17.089844
39.0625 19.53125
36.621094 19.53125
34.179688 19.53125
31.738281 19.53125
29.296875 19.53125
26.855469 21.972656
24.414063 21.972656
21.972656 21.972656
19.53125 21.972656
17.089844 24.414063
14.648438 24.414063
12.207031 24.414063
9.765625 26.855469
7.324219 26.855469
2.441406 26.855469
4.882813 26.855469
