48.828125 100.097656
48.828125 97.65625
48.828125 95.214844
48.828125 92.773438
48.828125 90.332031
48.828125 87.890625
48.828125 85.449219
48.828125 83.007813
46.386719 80.566406
46.386719 78.125
43.945313 75.683594
43.945313 73.242188
41.503906 70.800781
41.503906 68.359375
39.0625 65.917969
39.0625 63.476563
36.621094 61.035156
36.621094 58.59375
34.179688 56.152344
31.738281 53.710938
31.738281 51.269531
29.296875 48.828125
29.296875 46.386719
29.296875 43.945313
26.855469 41.503906
26.855469 39.0625
24.414063 36.621094
24.414063 34.179688
21.972656 31.738281
21.972656 29.296875
21.972656 26.855469
19.53125 24.414063
19.53125 21.972656
17.089844 19.53125
17.089844 17.089844
17.089844 14.648438
17.089844 2.441406
17.089844 4.882813
17.089844 7.324219
17.089844 9.765625
17.089844 12.207031
