12.207031 253.90625
12.207031 251.464844
14.648438 249.023438
14.648438 246.582031
14.648438 244.140625
14.648438 241.699219
17.089844 239.257813
17.089844 236.816406
17.089844 234.375
17.089844 231.933594
17.089844 229.492188
17.089844 227.050781
17.089844 224.609375
17.089844 222.167969
17.089844 219.726563
17.089844 217.285156
17.089844 214.84375
17.089844 212.402344
19.53125 209.960938
19.53125 207.519531
19.53125 205.078125
19.53125 202.636719
21.972656 200.195313
21.972656 197.753906
21.972656 195.3125
21.972656 192.871094
21.972656 190.429688
21.972656 187.988281
21.972656 185.546875
21.972656 183.105469
21.972656 180.664063
21.972656 178.222656
21.972656 175.78125
21.972656 173.339844
24.414063 170.898438
24.414063 168.457031
24.414063 166.015625
26.855469 163.574219
26.855469 161.132813
29.296875 158.691406
29.296875 156.25
29.296875 153.808594
29.296875 151.367188
29.296875 148.925781
29.296875 146.484375
29.296875 144.042969
31.738281 141.601563
31.738281 139.160156
31.738281 136.71875
31.738281 134.277344
31.738281 131.835938
31.738281 129.394531
31.738281 126.953125
31.738281 124.511719
31.738281 122.070313
31.738281 119.628906
31.738281 117.1875
31.738281 114.746094
34.179688 112.304688
34.179688 109.863281
34.179688 107.421875
34.179688 104.980469
34.179688 102.539063
34.179688 100.097656
34.179688 97.65625
34.179688 95.214844
34.179688 92.773438
34.179688 90.332031
34.179688 87.890625
36.621094 85.449219
36.621094 83.007813
36.621094 80.566406
36.621094 78.125
36.621094 75.683594
36.621094 73.242188
36.621094 70.800781
36.621094 68.359375
36.621094 65.917969
36.621094 63.476563
36.621094 61.035156
36.621094 58.59375
36.621094 56.152344
39.0625 53.710938
39.0625 51.269531
39.0625 48.828125
39.0625 46.386719
39.0625 43.945313
39.0625 41.503906
39.0625 39.0625
39.0625 36.621094
39.0625 34.179688
39.0625 31.738281
39.0625 29.296875
39.0625 26.855469
39.0625 24.414063
39.0625 21.972656
39.0625 19.53125
39.0625 17.089844
