61.035156 131.835938
61.035156 129.394531
58.59375 126.953125
56.152344 124.511719
53.710938 122.070313
51.269531 119.628906
48.828125 117.1875
48.828125 114.746094
46.386719 112.304688
46.386719 109.863281
46.386719 107.421875
46.386719 104.980469
46.386719 102.539063
43.945313 100.097656
43.945313 97.65625
43.945313 95.214844
43.945313 92.773438
43.945313 90.332031
41.503906 87.890625
41.503906 85.449219
41.503906 83.007813
41.503906 80.566406
39.0625 78.125
39.0625 75.683594
36.621094 73.242188
36.621094 70.800781
36.621094 68.359375
34.179688 65.917969
34.179688 63.476563
31.738281 61.035156
29.296875 58.59375
29.296875 56.152344
26.855469 53.710938
24.414063 51.269531
21.972656 48.828125
19.53125 46.386719
19.53125 43.945313
17.089844 41.503906
14.648438 39.0625
14.648438 36.621094
12.207031 34.179688
12.207031 31.738281
12.207031 29.296875
12.207031 26.855469
12.207031 24.414063
12.207031 21.972656
9.765625 19.53125
9.765625 17.089844
9.765625 14.648438
9.765625 12.207031
7.324219 9.765625
7.324219 7.324219
4.882813 4.882813
4.882813 2.441406
