73.242188 83.007813
70.800781 83.007813
68.359375 80.566406
65.917969 80.566406
63.476563 78.125
61.035156 78.125
58.59375 75.683594
56.152344 73.242188
53.710938 73.242188
51.269531 73.242188
48.828125 70.800781
46.386719 68.359375
43.945313 65.917969
41.503906 63.476563
39.0625 61.035156
36.621094 58.59375
34.179688 58.59375
31.738281 56.152344
31.738281 53.710938
29.296875 51.269531
29.296875 48.828125
29.296875 46.386719
29.296875 43.945313
29.296875 41.503906
29.296875 39.0625
29.296875 36.621094
31.738281 34.179688
31.738281 31.738281
31.738281 29.296875
29.296875 26.855469
