129.394531 36.621094
126.953125 36.621094
124.511719 36.621094
122.070313 39.0625
119.628906 39.0625
117.1875 39.0625
114.746094 39.0625
112.304688 41.503906
109.863281 41.503906
107.421875 39.0625
104.980469 39.0625
102.539063 39.0625
100.097656 36.621094
97.65625 36.621094
95.214844 36.621094
92.773438 34.179688
90.332031 34.179688
87.890625 34.179688
85.449219 34.179688
83.007813 34.179688
80.566406 34.179688
78.125 31.738281
75.683594 31.738281
73.242188 31.738281
70.800781 29.296875
68.359375 29.296875
65.917969 26.855469
63.476563 26.855469
61.035156 26.855469
58.59375 26.855469
56.152344 24.414063
53.710938 24.414063
51.269531 24.414063
48.828125 24.414063
46.386719 24.414063
43.945313 21.972656
41.503906 21.972656
39.0625 21.972656
36.621094 21.972656
34.179688 21.972656
31.738281 19.53125
29.296875 19.53125
26.855469 19.53125
24.414063 19.53125
21.972656 19.53125
19.53125 17.089844
17.089844 17.089844
