7.324219 80.566406
7.324219 78.125
9.765625 75.683594
12.207031 73.242188
14.648438 70.800781
17.089844 70.800781
19.53125 68.359375
21.972656 65.917969
24.414063 65.917969
26.855469 65.917969
29.296875 63.476563
31.738281 63.476563
34.179688 61.035156
36.621094 61.035156
39.0625 58.59375
41.503906 58.59375
43.945313 56.152344
46.386719 56.152344
48.828125 56.152344
51.269531 53.710938
53.710938 53.710938
56.152344 51.269531
58.59375 51.269531
61.035156 48.828125
63.476563 48.828125
65.917969 46.386719
68.359375 43.945313
70.800781 43.945313
73.242188 41.503906
75.683594 39.0625
75.683594 36.621094
78.125 34.179688
80.566406 31.738281
83.007813 29.296875
83.007813 26.855469
85.449219 24.414063
85.449219 21.972656
85.449219 19.53125
87.890625 17.089844
90.332031 14.648438
90.332031 12.207031
