14.648438 122.070313
14.648438 119.628906
14.648438 117.1875
14.648438 114.746094
17.089844 112.304688
17.089844 109.863281
17.089844 107.421875
19.53125 104.980469
19.53125 102.539063
19.53125 100.097656
19.53125 97.65625
21.972656 95.214844
21.972656 92.773438
24.414063 90.332031
24.414063 87.890625
26.855469 85.449219
26.855469 83.007813
29.296875 80.566406
29.296875 78.125
29.296875 75.683594
31.738281 73.242188
31.738281 70.800781
34.179688 68.359375
34.179688 65.917969
36.621094 63.476563
36.621094 61.035156
36.621094 58.59375
39.0625 56.152344
39.0625 53.710938
39.0625 51.269531
41.503906 48.828125
43.945313 46.386719
43.945313 43.945313
43.945313 41.503906
43.945313 39.0625
46.386719 36.621094
46.386719 34.179688
46.386719 31.738281
46.386719 29.296875
48.828125 26.855469
48.828125 24.414063
48.828125 21.972656
48.828125 19.53125
48.828125 17.089844
48.828125 14.648438
48.828125 12.207031
48.828125 9.765625
48.828125 7.324219
