122.070313 92.773438
119.628906 92.773438
117.1875 90.332031
114.746094 87.890625
112.304688 87.890625
109.863281 85.449219
109.863281 83.007813
112.304688 80.566406
112.304688 78.125
112.304688 75.683594
112.304688 73.242188
112.304688 70.800781
112.304688 68.359375
112.304688 65.917969
109.863281 63.476563
107.421875 61.035156
104.980469 58.59375
102.539063 56.152344
100.097656 53.710938
97.65625 51.269531
95.214844 51.269531
92.773438 51.269531
90.332031 51.269531
87.890625 48.828125
85.449219 46.386719
83.007813 43.945313
83.007813 41.503906
85.449219 39.0625
87.890625 36.621094
90.332031 34.179688
92.773438 31.738281
95.214844 29.296875
97.65625 29.296875
100.097656 26.855469
102.539063 26.855469
104.980469 24.414063
107.421875 24.414063
109.863281 24.414063
112.304688 24.414063
114.746094 24.414063
117.1875 21.972656
119.628906 21.972656
122.070313 21.972656
124.511719 21.972656
126.953125 21.972656
129.394531 21.972656
131.835938 21.972656
134.277344 19.53125
136.71875 19.53125
139.160156 17.089844
141.601563 17.089844
144.042969 17.089844
146.484375 17.089844
148.925781 14.648438
151.367188 14.648438
