14.648438 183.105469
14.648438 180.664063
17.089844 178.222656
17.089844 175.78125
19.53125 173.339844
21.972656 170.898438
21.972656 168.457031
24.414063 166.015625
21.972656 163.574219
24.414063 161.132813
24.414063 158.691406
24.414063 156.25
24.414063 153.808594
24.414063 151.367188
24.414063 148.925781
26.855469 146.484375
26.855469 144.042969
26.855469 141.601563
26.855469 139.160156
26.855469 136.71875
26.855469 134.277344
26.855469 131.835938
26.855469 129.394531
24.414063 126.953125
24.414063 124.511719
24.414063 122.070313
24.414063 119.628906
24.414063 117.1875
24.414063 114.746094
24.414063 112.304688
24.414063 109.863281
24.414063 107.421875
24.414063 104.980469
24.414063 102.539063
24.414063 100.097656
24.414063 97.65625
24.414063 95.214844
24.414063 92.773438
24.414063 90.332031
24.414063 87.890625
24.414063 85.449219
24.414063 83.007813
24.414063 80.566406
24.414063 78.125
24.414063 75.683594
24.414063 73.242188
24.414063 70.800781
24.414063 68.359375
24.414063 65.917969
24.414063 63.476563
24.414063 61.035156
24.414063 58.59375
24.414063 56.152344
24.414063 53.710938
24.414063 51.269531
24.414063 48.828125
24.414063 46.386719
24.414063 43.945313
21.972656 41.503906
21.972656 39.0625
21.972656 36.621094
21.972656 34.179688
19.53125 31.738281
19.53125 29.296875
19.53125 26.855469
19.53125 24.414063
17.089844 21.972656
17.089844 19.53125
17.089844 17.089844
17.089844 14.648438
14.648438 12.207031
14.648438 9.765625
