344.238281 136.71875
341.796875 134.277344
339.355469 131.835938
336.914063 131.835938
334.472656 131.835938
332.03125 129.394531
329.589844 126.953125
327.148438 126.953125
324.707031 124.511719
322.265625 124.511719
319.824219 124.511719
317.382813 122.070313
314.941406 122.070313
312.5 119.628906
310.058594 117.1875
307.617188 117.1875
305.175781 117.1875
302.734375 114.746094
300.292969 114.746094
297.851563 112.304688
295.410156 112.304688
292.96875 112.304688
290.527344 109.863281
288.085938 109.863281
285.644531 109.863281
283.203125 109.863281
280.761719 107.421875
278.320313 107.421875
275.878906 107.421875
273.4375 107.421875
270.996094 104.980469
268.554688 104.980469
266.113281 104.980469
263.671875 102.539063
261.230469 102.539063
258.789063 100.097656
256.347656 100.097656
253.90625 100.097656
251.464844 97.65625
249.023438 97.65625
246.582031 95.214844
244.140625 95.214844
241.699219 95.214844
239.257813 92.773438
236.816406 92.773438
234.375 90.332031
231.933594 90.332031
229.492188 87.890625
227.050781 87.890625
224.609375 87.890625
222.167969 85.449219
219.726563 85.449219
217.285156 83.007813
214.84375 83.007813
212.402344 83.007813
209.960938 80.566406
207.519531 80.566406
205.078125 80.566406
202.636719 78.125
200.195313 78.125
197.753906 78.125
195.3125 78.125
192.871094 75.683594
190.429688 75.683594
187.988281 73.242188
185.546875 73.242188
183.105469 73.242188
180.664063 73.242188
178.222656 70.800781
175.78125 70.800781
173.339844 70.800781
170.898438 70.800781
168.457031 68.359375
166.015625 68.359375
163.574219 68.359375
161.132813 68.359375
158.691406 68.359375
156.25 68.359375
153.808594 65.917969
151.367188 65.917969
148.925781 65.917969
146.484375 65.917969
144.042969 63.476563
141.601563 63.476563
139.160156 63.476563
136.71875 63.476563
134.277344 63.476563
131.835938 63.476563
129.394531 61.035156
126.953125 61.035156
124.511719 61.035156
122.070313 58.59375
119.628906 58.59375
117.1875 58.59375
114.746094 56.152344
112.304688 56.152344
109.863281 56.152344
107.421875 53.710938
104.980469 53.710938
102.539063 53.710938
100.097656 53.710938
97.65625 53.710938
95.214844 51.269531
92.773438 51.269531
90.332031 51.269531
87.890625 48.828125
85.449219 48.828125
83.007813 48.828125
80.566406 46.386719
78.125 46.386719
75.683594 46.386719
73.242188 43.945313
70.800781 43.945313
68.359375 43.945313
65.917969 43.945313
63.476563 43.945313
61.035156 43.945313
58.59375 43.945313
56.152344 41.503906
53.710938 39.0625
51.269531 39.0625
48.828125 39.0625
46.386719 36.621094
43.945313 36.621094
41.503906 34.179688
39.0625 34.179688
36.621094 31.738281
34.179688 29.296875
31.738281 26.855469
29.296875 24.414063
26.855469 24.414063
24.414063 21.972656
21.972656 21.972656
19.53125 19.53125
17.089844 17.089844
17.089844 14.648438
