14.648438 85.449219
14.648438 83.007813
17.089844 80.566406
19.53125 78.125
19.53125 75.683594
19.53125 73.242188
21.972656 70.800781
24.414063 68.359375
24.414063 65.917969
24.414063 63.476563
26.855469 61.035156
29.296875 58.59375
31.738281 56.152344
34.179688 53.710938
36.621094 51.269531
39.0625 48.828125
41.503906 46.386719
43.945313 43.945313
46.386719 41.503906
48.828125 39.0625
51.269531 36.621094
53.710938 34.179688
56.152344 31.738281
58.59375 29.296875
61.035156 26.855469
63.476563 24.414063
65.917969 21.972656
68.359375 19.53125
70.800781 17.089844
