41.503906 192.871094
43.945313 190.429688
46.386719 187.988281
48.828125 185.546875
48.828125 183.105469
48.828125 180.664063
48.828125 178.222656
48.828125 175.78125
46.386719 173.339844
46.386719 170.898438
43.945313 168.457031
43.945313 166.015625
43.945313 163.574219
43.945313 161.132813
43.945313 158.691406
43.945313 156.25
43.945313 153.808594
43.945313 151.367188
43.945313 148.925781
43.945313 146.484375
43.945313 144.042969
43.945313 141.601563
43.945313 139.160156
43.945313 136.71875
41.503906 134.277344
41.503906 131.835938
41.503906 129.394531
39.0625 126.953125
39.0625 124.511719
39.0625 122.070313
39.0625 119.628906
41.503906 117.1875
41.503906 114.746094
39.0625 112.304688
39.0625 109.863281
39.0625 107.421875
39.0625 104.980469
39.0625 102.539063
39.0625 100.097656
36.621094 97.65625
34.179688 95.214844
34.179688 92.773438
34.179688 90.332031
31.738281 87.890625
31.738281 85.449219
31.738281 83.007813
31.738281 80.566406
31.738281 78.125
29.296875 75.683594
29.296875 73.242188
26.855469 70.800781
26.855469 68.359375
26.855469 65.917969
26.855469 63.476563
26.855469 61.035156
26.855469 58.59375
26.855469 56.152344
24.414063 53.710938
26.855469 51.269531
29.296875 48.828125
31.738281 46.386719
31.738281 43.945313
31.738281 41.503906
34.179688 39.0625
34.179688 36.621094
34.179688 34.179688
34.179688 31.738281
34.179688 29.296875
31.738281 26.855469
31.738281 24.414063
31.738281 21.972656
31.738281 19.53125
31.738281 17.089844
29.296875 14.648438
29.296875 12.207031
