19.53125 119.628906
21.972656 119.628906
24.414063 122.070313
26.855469 122.070313
29.296875 124.511719
31.738281 126.953125
34.179688 126.953125
36.621094 129.394531
39.0625 129.394531
41.503906 129.394531
43.945313 131.835938
46.386719 131.835938
48.828125 131.835938
51.269531 134.277344
53.710938 134.277344
56.152344 136.71875
58.59375 136.71875
61.035156 136.71875
63.476563 139.160156
65.917969 139.160156
68.359375 141.601563
70.800781 141.601563
73.242188 141.601563
75.683594 144.042969
78.125 144.042969
80.566406 146.484375
83.007813 148.925781
85.449219 148.925781
87.890625 148.925781
90.332031 148.925781
92.773438 146.484375
95.214844 146.484375
97.65625 144.042969
100.097656 141.601563
100.097656 139.160156
100.097656 136.71875
100.097656 134.277344
102.539063 131.835938
102.539063 129.394531
104.980469 126.953125
104.980469 124.511719
104.980469 122.070313
104.980469 119.628906
104.980469 117.1875
104.980469 114.746094
104.980469 112.304688
104.980469 109.863281
104.980469 107.421875
104.980469 104.980469
107.421875 102.539063
107.421875 100.097656
109.863281 97.65625
109.863281 95.214844
109.863281 92.773438
109.863281 90.332031
109.863281 87.890625
109.863281 85.449219
109.863281 83.007813
109.863281 80.566406
109.863281 78.125
109.863281 75.683594
112.304688 73.242188
112.304688 70.800781
112.304688 68.359375
114.746094 65.917969
114.746094 63.476563
117.1875 61.035156
117.1875 58.59375
117.1875 56.152344
117.1875 53.710938
117.1875 51.269531
119.628906 48.828125
119.628906 46.386719
119.628906 43.945313
122.070313 41.503906
122.070313 39.0625
122.070313 36.621094
122.070313 34.179688
122.070313 31.738281
122.070313 29.296875
124.511719 26.855469
124.511719 24.414063
126.953125 21.972656
126.953125 19.53125
126.953125 17.089844
126.953125 14.648438
126.953125 12.207031
