63.476563 78.125
63.476563 75.683594
63.476563 73.242188
65.917969 70.800781
68.359375 68.359375
68.359375 65.917969
65.917969 63.476563
65.917969 61.035156
63.476563 58.59375
61.035156 56.152344
61.035156 53.710938
58.59375 51.269531
58.59375 48.828125
58.59375 46.386719
56.152344 43.945313
53.710938 43.945313
51.269531 41.503906
48.828125 39.0625
46.386719 36.621094
43.945313 34.179688
41.503906 34.179688
39.0625 31.738281
36.621094 29.296875
34.179688 26.855469
31.738281 24.414063
29.296875 21.972656
26.855469 19.53125
24.414063 17.089844
21.972656 17.089844
19.53125 14.648438
17.089844 12.207031
14.648438 12.207031
12.207031 9.765625
9.765625 7.324219
7.324219 7.324219
