90.332031 95.214844
90.332031 92.773438
87.890625 90.332031
87.890625 87.890625
85.449219 85.449219
83.007813 83.007813
83.007813 80.566406
83.007813 78.125
80.566406 75.683594
78.125 73.242188
75.683594 70.800781
75.683594 68.359375
73.242188 65.917969
70.800781 63.476563
68.359375 61.035156
65.917969 58.59375
63.476563 56.152344
61.035156 53.710938
58.59375 51.269531
58.59375 48.828125
56.152344 46.386719
53.710938 43.945313
51.269531 41.503906
48.828125 39.0625
46.386719 39.0625
43.945313 36.621094
41.503906 34.179688
39.0625 31.738281
36.621094 29.296875
34.179688 29.296875
31.738281 26.855469
29.296875 24.414063
26.855469 24.414063
24.414063 21.972656
21.972656 19.53125
19.53125 17.089844
17.089844 14.648438
14.648438 14.648438
