14.648438 51.269531
17.089844 48.828125
19.53125 48.828125
21.972656 46.386719
24.414063 43.945313
26.855469 43.945313
29.296875 43.945313
31.738281 43.945313
34.179688 43.945313
36.621094 41.503906
39.0625 41.503906
41.503906 41.503906
43.945313 39.0625
46.386719 39.0625
48.828125 36.621094
51.269531 36.621094
53.710938 34.179688
56.152344 31.738281
58.59375 31.738281
61.035156 29.296875
63.476563 29.296875
65.917969 29.296875
68.359375 26.855469
70.800781 24.414063
73.242188 21.972656
75.683594 19.53125
75.683594 17.089844
78.125 14.648438
80.566406 12.207031
