17.089844 126.953125
19.53125 124.511719
21.972656 122.070313
24.414063 122.070313
26.855469 119.628906
29.296875 119.628906
31.738281 117.1875
34.179688 114.746094
36.621094 112.304688
39.0625 112.304688
41.503906 109.863281
43.945313 107.421875
46.386719 104.980469
48.828125 104.980469
51.269531 102.539063
53.710938 100.097656
56.152344 97.65625
58.59375 95.214844
61.035156 95.214844
63.476563 92.773438
65.917969 90.332031
68.359375 87.890625
70.800781 85.449219
73.242188 83.007813
75.683594 80.566406
78.125 78.125
80.566406 78.125
83.007813 75.683594
85.449219 75.683594
87.890625 73.242188
90.332031 73.242188
92.773438 70.800781
95.214844 70.800781
97.65625 70.800781
100.097656 68.359375
102.539063 65.917969
104.980469 63.476563
107.421875 63.476563
109.863281 61.035156
112.304688 58.59375
114.746094 56.152344
117.1875 56.152344
119.628906 53.710938
122.070313 51.269531
124.511719 48.828125
126.953125 46.386719
129.394531 43.945313
131.835938 41.503906
134.277344 39.0625
136.71875 39.0625
139.160156 36.621094
141.601563 34.179688
144.042969 34.179688
146.484375 31.738281
148.925781 29.296875
151.367188 26.855469
153.808594 26.855469
156.25 24.414063
158.691406 24.414063
161.132813 21.972656
163.574219 19.53125
166.015625 19.53125
168.457031 17.089844
170.898438 17.089844
173.339844 14.648438
175.78125 14.648438
178.222656 14.648438
180.664063 14.648438
