122.070313 141.601563
119.628906 144.042969
117.1875 144.042969
114.746094 144.042969
112.304688 141.601563
109.863281 139.160156
107.421875 139.160156
104.980469 136.71875
102.539063 134.277344
100.097656 131.835938
97.65625 129.394531
95.214844 126.953125
95.214844 124.511719
92.773438 122.070313
90.332031 119.628906
87.890625 117.1875
85.449219 114.746094
83.007813 112.304688
80.566406 109.863281
78.125 107.421875
75.683594 104.980469
75.683594 102.539063
73.242188 100.097656
70.800781 97.65625
70.800781 95.214844
68.359375 92.773438
65.917969 90.332031
65.917969 87.890625
63.476563 85.449219
61.035156 83.007813
58.59375 80.566406
58.59375 78.125
56.152344 75.683594
53.710938 73.242188
51.269531 70.800781
48.828125 68.359375
46.386719 65.917969
46.386719 63.476563
43.945313 61.035156
43.945313 58.59375
43.945313 56.152344
41.503906 53.710938
39.0625 51.269531
39.0625 48.828125
39.0625 46.386719
36.621094 43.945313
34.179688 41.503906
31.738281 39.0625
29.296875 36.621094
29.296875 34.179688
26.855469 31.738281
24.414063 29.296875
21.972656 26.855469
21.972656 24.414063
21.972656 21.972656
19.53125 19.53125
19.53125 17.089844
