102.539063 21.972656
100.097656 21.972656
97.65625 21.972656
95.214844 21.972656
92.773438 21.972656
90.332031 21.972656
87.890625 21.972656
85.449219 21.972656
83.007813 19.53125
80.566406 19.53125
78.125 19.53125
75.683594 19.53125
73.242188 19.53125
70.800781 19.53125
68.359375 19.53125
65.917969 19.53125
63.476563 19.53125
61.035156 21.972656
58.59375 21.972656
56.152344 21.972656
53.710938 21.972656
51.269531 21.972656
48.828125 21.972656
46.386719 21.972656
43.945313 21.972656
41.503906 19.53125
39.0625 19.53125
36.621094 19.53125
34.179688 19.53125
31.738281 19.53125
29.296875 19.53125
26.855469 19.53125
24.414063 19.53125
21.972656 19.53125
19.53125 19.53125
17.089844 19.53125
14.648438 19.53125
12.207031 19.53125
