9.765625 90.332031
12.207031 87.890625
14.648438 87.890625
17.089844 87.890625
19.53125 85.449219
21.972656 85.449219
24.414063 85.449219
26.855469 85.449219
29.296875 85.449219
31.738281 83.007813
34.179688 83.007813
36.621094 80.566406
39.0625 80.566406
41.503906 78.125
43.945313 78.125
46.386719 75.683594
48.828125 75.683594
51.269531 75.683594
53.710938 73.242188
56.152344 73.242188
58.59375 70.800781
61.035156 70.800781
63.476563 73.242188
65.917969 70.800781
68.359375 70.800781
70.800781 70.800781
73.242188 70.800781
75.683594 70.800781
78.125 68.359375
80.566406 68.359375
83.007813 68.359375
85.449219 68.359375
87.890625 68.359375
90.332031 68.359375
92.773438 68.359375
95.214844 65.917969
97.65625 65.917969
100.097656 65.917969
102.539063 65.917969
104.980469 65.917969
107.421875 65.917969
109.863281 65.917969
112.304688 68.359375
114.746094 68.359375
117.1875 70.800781
119.628906 70.800781
122.070313 70.800781
124.511719 70.800781
126.953125 70.800781
129.394531 70.800781
131.835938 70.800781
134.277344 68.359375
136.71875 65.917969
139.160156 65.917969
141.601563 65.917969
144.042969 63.476563
146.484375 63.476563
148.925781 61.035156
151.367188 61.035156
153.808594 58.59375
156.25 56.152344
158.691406 56.152344
161.132813 56.152344
163.574219 56.152344
166.015625 53.710938
168.457031 53.710938
170.898438 51.269531
170.898438 48.828125
170.898438 46.386719
170.898438 43.945313
170.898438 41.503906
170.898438 39.0625
170.898438 36.621094
170.898438 34.179688
170.898438 31.738281
170.898438 29.296875
168.457031 26.855469
168.457031 24.414063
168.457031 21.972656
168.457031 19.53125
168.457031 17.089844
168.457031 14.648438
170.898438 12.207031
173.339844 12.207031
175.78125 9.765625
178.222656 9.765625
180.664063 12.207031
183.105469 12.207031
185.546875 12.207031
187.988281 12.207031
