19.53125 236.816406
19.53125 234.375
19.53125 231.933594
21.972656 229.492188
19.53125 227.050781
19.53125 224.609375
21.972656 222.167969
21.972656 219.726563
21.972656 217.285156
21.972656 214.84375
21.972656 212.402344
21.972656 209.960938
21.972656 207.519531
21.972656 205.078125
21.972656 202.636719
21.972656 200.195313
21.972656 197.753906
21.972656 195.3125
21.972656 192.871094
21.972656 190.429688
21.972656 187.988281
21.972656 185.546875
21.972656 183.105469
21.972656 180.664063
21.972656 178.222656
21.972656 175.78125
21.972656 173.339844
21.972656 170.898438
21.972656 168.457031
21.972656 166.015625
21.972656 163.574219
21.972656 161.132813
21.972656 158.691406
21.972656 156.25
21.972656 153.808594
21.972656 151.367188
21.972656 148.925781
19.53125 146.484375
19.53125 144.042969
17.089844 141.601563
17.089844 139.160156
17.089844 136.71875
17.089844 134.277344
17.089844 131.835938
19.53125 129.394531
19.53125 126.953125
19.53125 124.511719
21.972656 122.070313
21.972656 119.628906
21.972656 117.1875
24.414063 114.746094
24.414063 112.304688
24.414063 109.863281
24.414063 107.421875
24.414063 104.980469
26.855469 102.539063
26.855469 100.097656
26.855469 97.65625
26.855469 95.214844
29.296875 92.773438
29.296875 90.332031
29.296875 87.890625
29.296875 85.449219
29.296875 83.007813
31.738281 80.566406
31.738281 78.125
31.738281 75.683594
31.738281 73.242188
31.738281 70.800781
34.179688 68.359375
34.179688 65.917969
34.179688 63.476563
31.738281 61.035156
31.738281 58.59375
31.738281 56.152344
34.179688 53.710938
34.179688 51.269531
31.738281 48.828125
31.738281 46.386719
31.738281 43.945313
31.738281 41.503906
34.179688 39.0625
34.179688 36.621094
36.621094 34.179688
39.0625 31.738281
39.0625 29.296875
41.503906 26.855469
43.945313 24.414063
43.945313 21.972656
43.945313 19.53125
