21.972656 156.25
21.972656 153.808594
21.972656 151.367188
24.414063 148.925781
24.414063 146.484375
26.855469 144.042969
29.296875 141.601563
29.296875 139.160156
31.738281 136.71875
31.738281 134.277344
34.179688 131.835938
36.621094 129.394531
39.0625 126.953125
39.0625 124.511719
41.503906 122.070313
41.503906 119.628906
43.945313 117.1875
43.945313 114.746094
43.945313 112.304688
46.386719 109.863281
46.386719 107.421875
48.828125 104.980469
51.269531 102.539063
51.269531 100.097656
53.710938 97.65625
56.152344 95.214844
58.59375 92.773438
58.59375 90.332031
58.59375 87.890625
61.035156 85.449219
61.035156 83.007813
61.035156 80.566406
61.035156 78.125
63.476563 75.683594
63.476563 73.242188
63.476563 70.800781
65.917969 68.359375
65.917969 65.917969
65.917969 63.476563
65.917969 61.035156
65.917969 58.59375
65.917969 56.152344
68.359375 53.710938
68.359375 51.269531
68.359375 48.828125
68.359375 46.386719
68.359375 43.945313
68.359375 41.503906
68.359375 39.0625
70.800781 36.621094
70.800781 34.179688
70.800781 31.738281
70.800781 29.296875
70.800781 26.855469
70.800781 24.414063
70.800781 21.972656
70.800781 19.53125
70.800781 17.089844
70.800781 14.648438
70.800781 12.207031
70.800781 9.765625
70.800781 7.324219
73.242188 4.882813
73.242188 2.441406
