61.035156 104.980469
61.035156 102.539063
58.59375 100.097656
58.59375 97.65625
58.59375 95.214844
56.152344 92.773438
56.152344 90.332031
56.152344 87.890625
56.152344 85.449219
56.152344 83.007813
56.152344 80.566406
53.710938 78.125
53.710938 75.683594
51.269531 73.242188
51.269531 70.800781
48.828125 68.359375
48.828125 65.917969
48.828125 63.476563
46.386719 61.035156
43.945313 58.59375
43.945313 56.152344
41.503906 53.710938
41.503906 51.269531
39.0625 48.828125
36.621094 46.386719
34.179688 43.945313
34.179688 41.503906
31.738281 39.0625
31.738281 36.621094
29.296875 34.179688
29.296875 31.738281
26.855469 29.296875
24.414063 26.855469
21.972656 24.414063
21.972656 21.972656
19.53125 19.53125
17.089844 17.089844
14.648438 14.648438
14.648438 12.207031
