12.207031 170.898438
12.207031 168.457031
12.207031 166.015625
14.648438 163.574219
17.089844 161.132813
17.089844 158.691406
19.53125 156.25
19.53125 153.808594
21.972656 151.367188
21.972656 148.925781
24.414063 146.484375
26.855469 144.042969
29.296875 141.601563
31.738281 139.160156
34.179688 136.71875
36.621094 134.277344
39.0625 131.835938
41.503906 129.394531
43.945313 129.394531
46.386719 126.953125
48.828125 124.511719
51.269531 122.070313
53.710938 119.628906
56.152344 119.628906
58.59375 117.1875
61.035156 117.1875
63.476563 114.746094
65.917969 114.746094
68.359375 114.746094
70.800781 112.304688
73.242188 109.863281
73.242188 107.421875
75.683594 104.980469
75.683594 102.539063
75.683594 100.097656
75.683594 97.65625
78.125 95.214844
78.125 92.773438
80.566406 90.332031
80.566406 87.890625
80.566406 85.449219
80.566406 83.007813
80.566406 80.566406
80.566406 78.125
78.125 75.683594
78.125 73.242188
78.125 70.800781
78.125 68.359375
78.125 65.917969
78.125 63.476563
78.125 61.035156
80.566406 58.59375
80.566406 56.152344
80.566406 53.710938
80.566406 51.269531
80.566406 48.828125
80.566406 46.386719
80.566406 43.945313
83.007813 41.503906
83.007813 39.0625
83.007813 36.621094
83.007813 34.179688
83.007813 31.738281
83.007813 29.296875
83.007813 26.855469
83.007813 24.414063
83.007813 21.972656
83.007813 19.53125
83.007813 17.089844
83.007813 14.648438
83.007813 12.207031
83.007813 9.765625
83.007813 7.324219
