12.207031 217.285156
12.207031 214.84375
14.648438 212.402344
17.089844 209.960938
19.53125 207.519531
21.972656 207.519531
24.414063 205.078125
24.414063 202.636719
26.855469 200.195313
29.296875 200.195313
31.738281 197.753906
34.179688 195.3125
36.621094 195.3125
39.0625 192.871094
41.503906 190.429688
43.945313 187.988281
46.386719 185.546875
48.828125 183.105469
51.269531 180.664063
53.710938 178.222656
56.152344 175.78125
56.152344 173.339844
58.59375 170.898438
61.035156 168.457031
63.476563 166.015625
65.917969 163.574219
68.359375 161.132813
70.800781 158.691406
73.242188 156.25
75.683594 153.808594
75.683594 151.367188
78.125 148.925781
80.566406 146.484375
83.007813 144.042969
85.449219 141.601563
87.890625 139.160156
90.332031 136.71875
92.773438 134.277344
92.773438 131.835938
95.214844 129.394531
95.214844 126.953125
97.65625 124.511719
100.097656 122.070313
102.539063 119.628906
102.539063 117.1875
104.980469 114.746094
107.421875 112.304688
109.863281 109.863281
112.304688 107.421875
114.746094 104.980469
117.1875 102.539063
119.628906 100.097656
122.070313 100.097656
124.511719 97.65625
126.953125 95.214844
129.394531 92.773438
129.394531 90.332031
131.835938 87.890625
134.277344 87.890625
136.71875 85.449219
139.160156 83.007813
141.601563 80.566406
144.042969 78.125
146.484375 78.125
148.925781 75.683594
151.367188 73.242188
153.808594 73.242188
156.25 70.800781
158.691406 68.359375
161.132813 68.359375
163.574219 65.917969
166.015625 65.917969
168.457031 63.476563
170.898438 63.476563
173.339844 63.476563
175.78125 61.035156
178.222656 61.035156
180.664063 58.59375
183.105469 58.59375
185.546875 56.152344
187.988281 56.152344
190.429688 53.710938
192.871094 51.269531
195.3125 51.269531
197.753906 48.828125
200.195313 48.828125
202.636719 48.828125
205.078125 46.386719
207.519531 46.386719
209.960938 43.945313
212.402344 43.945313
214.84375 43.945313
217.285156 43.945313
219.726563 41.503906
222.167969 41.503906
224.609375 41.503906
227.050781 41.503906
229.492188 39.0625
231.933594 39.0625
234.375 36.621094
236.816406 36.621094
239.257813 34.179688
241.699219 34.179688
244.140625 31.738281
246.582031 29.296875
249.023438 29.296875
251.464844 26.855469
253.90625 26.855469
256.347656 24.414063
258.789063 24.414063
261.230469 24.414063
263.671875 24.414063
266.113281 24.414063
268.554688 21.972656
270.996094 21.972656
273.4375 21.972656
275.878906 21.972656
278.320313 19.53125
280.761719 19.53125
283.203125 19.53125
285.644531 19.53125
288.085938 19.53125
290.527344 19.53125
292.96875 17.089844
295.410156 19.53125
297.851563 19.53125
300.292969 19.53125
302.734375 19.53125
305.175781 17.089844
307.617188 14.648438
310.058594 14.648438
312.5 12.207031
314.941406 14.648438
317.382813 14.648438
