124.511719 90.332031
122.070313 92.773438
119.628906 90.332031
117.1875 90.332031
114.746094 87.890625
112.304688 85.449219
109.863281 85.449219
107.421875 83.007813
104.980469 80.566406
102.539063 78.125
100.097656 75.683594
97.65625 73.242188
95.214844 70.800781
92.773438 68.359375
90.332031 65.917969
87.890625 65.917969
85.449219 63.476563
83.007813 61.035156
80.566406 58.59375
78.125 58.59375
75.683594 56.152344
73.242188 53.710938
70.800781 51.269531
68.359375 48.828125
65.917969 46.386719
63.476563 43.945313
61.035156 41.503906
58.59375 39.0625
56.152344 39.0625
53.710938 36.621094
51.269531 36.621094
48.828125 34.179688
46.386719 34.179688
43.945313 34.179688
41.503906 34.179688
39.0625 31.738281
36.621094 31.738281
34.179688 31.738281
31.738281 29.296875
29.296875 26.855469
26.855469 24.414063
24.414063 24.414063
21.972656 21.972656
19.53125 19.53125
19.53125 17.089844
