114.746094 178.222656
112.304688 175.78125
109.863281 175.78125
107.421875 175.78125
104.980469 175.78125
102.539063 173.339844
100.097656 173.339844
97.65625 170.898438
95.214844 170.898438
92.773438 168.457031
90.332031 166.015625
87.890625 163.574219
85.449219 161.132813
83.007813 158.691406
80.566406 156.25
80.566406 153.808594
78.125 151.367188
75.683594 148.925781
73.242188 146.484375
70.800781 144.042969
70.800781 141.601563
68.359375 139.160156
65.917969 136.71875
63.476563 134.277344
63.476563 131.835938
61.035156 129.394531
61.035156 126.953125
58.59375 124.511719
58.59375 122.070313
56.152344 119.628906
56.152344 117.1875
53.710938 114.746094
53.710938 112.304688
51.269531 109.863281
51.269531 107.421875
48.828125 104.980469
48.828125 102.539063
46.386719 100.097656
46.386719 97.65625
43.945313 95.214844
43.945313 92.773438
41.503906 90.332031
41.503906 87.890625
39.0625 85.449219
39.0625 83.007813
36.621094 80.566406
36.621094 78.125
34.179688 75.683594
34.179688 73.242188
31.738281 70.800781
31.738281 68.359375
31.738281 65.917969
29.296875 63.476563
29.296875 61.035156
29.296875 58.59375
26.855469 56.152344
26.855469 53.710938
26.855469 51.269531
24.414063 48.828125
24.414063 46.386719
21.972656 43.945313
21.972656 41.503906
21.972656 39.0625
21.972656 36.621094
19.53125 34.179688
19.53125 31.738281
19.53125 29.296875
17.089844 26.855469
17.089844 24.414063
17.089844 21.972656
14.648438 19.53125
14.648438 17.089844
14.648438 14.648438
14.648438 12.207031
12.207031 9.765625
12.207031 7.324219
