14.648438 73.242188
17.089844 70.800781
19.53125 70.800781
21.972656 70.800781
24.414063 68.359375
26.855469 68.359375
29.296875 68.359375
31.738281 68.359375
34.179688 68.359375
36.621094 68.359375
39.0625 68.359375
41.503906 68.359375
43.945313 68.359375
46.386719 68.359375
48.828125 65.917969
51.269531 65.917969
53.710938 63.476563
56.152344 63.476563
58.59375 61.035156
61.035156 61.035156
63.476563 58.59375
65.917969 58.59375
68.359375 56.152344
70.800781 56.152344
73.242188 56.152344
75.683594 56.152344
78.125 56.152344
80.566406 53.710938
83.007813 53.710938
85.449219 51.269531
85.449219 48.828125
85.449219 46.386719
83.007813 43.945313
80.566406 41.503906
78.125 39.0625
75.683594 36.621094
75.683594 34.179688
75.683594 31.738281
75.683594 29.296875
73.242188 26.855469
70.800781 24.414063
70.800781 21.972656
68.359375 19.53125
68.359375 17.089844
70.800781 14.648438
73.242188 12.207031
75.683594 9.765625
78.125 7.324219
80.566406 9.765625
83.007813 9.765625
85.449219 9.765625
87.890625 9.765625
90.332031 9.765625
92.773438 9.765625
