70.800781 97.65625
70.800781 95.214844
68.359375 92.773438
65.917969 90.332031
65.917969 87.890625
63.476563 85.449219
61.035156 83.007813
58.59375 80.566406
56.152344 78.125
53.710938 75.683594
51.269531 73.242188
51.269531 70.800781
48.828125 68.359375
46.386719 65.917969
46.386719 63.476563
43.945313 61.035156
43.945313 58.59375
41.503906 56.152344
41.503906 53.710938
39.0625 51.269531
36.621094 48.828125
34.179688 46.386719
31.738281 43.945313
29.296875 41.503906
29.296875 39.0625
26.855469 36.621094
24.414063 34.179688
21.972656 31.738281
21.972656 29.296875
19.53125 26.855469
19.53125 24.414063
17.089844 21.972656
17.089844 19.53125
14.648438 17.089844
14.648438 14.648438
12.207031 12.207031
9.765625 9.765625
9.765625 7.324219
