19.53125 131.835938
21.972656 129.394531
24.414063 126.953125
24.414063 124.511719
26.855469 122.070313
26.855469 119.628906
29.296875 117.1875
31.738281 114.746094
31.738281 112.304688
34.179688 109.863281
36.621094 107.421875
36.621094 104.980469
39.0625 102.539063
41.503906 100.097656
41.503906 97.65625
43.945313 95.214844
46.386719 92.773438
46.386719 90.332031
46.386719 87.890625
48.828125 85.449219
51.269531 83.007813
51.269531 80.566406
53.710938 78.125
53.710938 75.683594
56.152344 73.242188
58.59375 70.800781
61.035156 68.359375
61.035156 65.917969
63.476563 63.476563
65.917969 61.035156
65.917969 58.59375
68.359375 56.152344
70.800781 53.710938
73.242188 51.269531
75.683594 48.828125
75.683594 46.386719
78.125 43.945313
78.125 41.503906
78.125 39.0625
80.566406 36.621094
80.566406 34.179688
80.566406 31.738281
80.566406 29.296875
80.566406 26.855469
83.007813 24.414063
83.007813 21.972656
85.449219 19.53125
85.449219 17.089844
87.890625 14.648438
