21.972656 41.503906
21.972656 43.945313
24.414063 46.386719
26.855469 48.828125
29.296875 46.386719
31.738281 43.945313
34.179688 41.503906
36.621094 41.503906
39.0625 39.0625
41.503906 36.621094
43.945313 34.179688
46.386719 34.179688
48.828125 34.179688
51.269531 31.738281
53.710938 29.296875
56.152344 26.855469
56.152344 24.414063
58.59375 21.972656
61.035156 19.53125
63.476563 17.089844
65.917969 17.089844
68.359375 17.089844
70.800781 14.648438
73.242188 14.648438
75.683594 14.648438
78.125 14.648438
80.566406 14.648438
83.007813 17.089844
