78.125 53.710938
75.683594 53.710938
73.242188 51.269531
70.800781 48.828125
68.359375 46.386719
65.917969 46.386719
63.476563 43.945313
61.035156 43.945313
58.59375 41.503906
56.152344 41.503906
53.710938 39.0625
51.269531 39.0625
48.828125 36.621094
46.386719 34.179688
43.945313 31.738281
41.503906 31.738281
39.0625 29.296875
36.621094 29.296875
34.179688 26.855469
31.738281 24.414063
29.296875 24.414063
26.855469 21.972656
24.414063 19.53125
21.972656 17.089844
19.53125 17.089844
17.089844 14.648438
14.648438 14.648438
12.207031 12.207031
9.765625 9.765625
7.324219 7.324219
7.324219 4.882813
