21.972656 92.773438
24.414063 92.773438
26.855469 92.773438
29.296875 92.773438
31.738281 90.332031
34.179688 90.332031
36.621094 90.332031
39.0625 87.890625
41.503906 87.890625
43.945313 87.890625
46.386719 85.449219
48.828125 85.449219
51.269531 83.007813
53.710938 83.007813
56.152344 80.566406
58.59375 80.566406
61.035156 78.125
63.476563 78.125
65.917969 78.125
68.359375 75.683594
70.800781 75.683594
73.242188 73.242188
75.683594 70.800781
78.125 70.800781
80.566406 68.359375
83.007813 68.359375
85.449219 65.917969
87.890625 65.917969
90.332031 63.476563
92.773438 61.035156
95.214844 61.035156
97.65625 61.035156
100.097656 58.59375
102.539063 56.152344
104.980469 53.710938
107.421875 51.269531
109.863281 48.828125
112.304688 46.386719
114.746094 43.945313
117.1875 41.503906
117.1875 39.0625
119.628906 36.621094
119.628906 34.179688
122.070313 31.738281
122.070313 29.296875
124.511719 26.855469
124.511719 24.414063
124.511719 21.972656
126.953125 19.53125
126.953125 17.089844
129.394531 14.648438
129.394531 12.207031
131.835938 9.765625
134.277344 7.324219
134.277344 4.882813
