9.765625 156.25
9.765625 153.808594
12.207031 151.367188
12.207031 148.925781
14.648438 146.484375
14.648438 144.042969
17.089844 141.601563
17.089844 139.160156
17.089844 136.71875
17.089844 134.277344
17.089844 131.835938
17.089844 129.394531
19.53125 126.953125
19.53125 124.511719
19.53125 122.070313
19.53125 119.628906
19.53125 117.1875
21.972656 114.746094
24.414063 112.304688
24.414063 109.863281
26.855469 107.421875
26.855469 104.980469
29.296875 102.539063
29.296875 100.097656
29.296875 97.65625
29.296875 95.214844
31.738281 92.773438
31.738281 90.332031
31.738281 87.890625
31.738281 85.449219
31.738281 83.007813
31.738281 80.566406
31.738281 78.125
31.738281 75.683594
31.738281 73.242188
31.738281 70.800781
34.179688 68.359375
34.179688 65.917969
34.179688 63.476563
34.179688 61.035156
34.179688 58.59375
36.621094 56.152344
36.621094 53.710938
36.621094 51.269531
36.621094 48.828125
36.621094 46.386719
36.621094 43.945313
39.0625 41.503906
39.0625 39.0625
39.0625 36.621094
39.0625 34.179688
39.0625 31.738281
41.503906 29.296875
43.945313 26.855469
43.945313 24.414063
43.945313 21.972656
43.945313 19.53125
43.945313 17.089844
43.945313 14.648438
