122.070313 104.980469
122.070313 102.539063
119.628906 100.097656
117.1875 97.65625
114.746094 95.214844
112.304688 95.214844
109.863281 92.773438
107.421875 92.773438
104.980469 90.332031
102.539063 90.332031
100.097656 90.332031
97.65625 87.890625
95.214844 87.890625
92.773438 87.890625
90.332031 85.449219
87.890625 85.449219
85.449219 83.007813
83.007813 83.007813
80.566406 80.566406
78.125 80.566406
75.683594 78.125
73.242188 75.683594
70.800781 75.683594
68.359375 73.242188
65.917969 70.800781
63.476563 68.359375
61.035156 68.359375
58.59375 65.917969
56.152344 65.917969
53.710938 63.476563
51.269531 61.035156
48.828125 58.59375
46.386719 56.152344
46.386719 53.710938
43.945313 51.269531
41.503906 48.828125
39.0625 46.386719
36.621094 43.945313
36.621094 41.503906
34.179688 39.0625
31.738281 36.621094
31.738281 34.179688
29.296875 31.738281
26.855469 29.296875
24.414063 26.855469
24.414063 24.414063
21.972656 21.972656
19.53125 19.53125
17.089844 17.089844
14.648438 14.648438
14.648438 12.207031
