117.1875 12.207031
114.746094 12.207031
112.304688 14.648438
109.863281 14.648438
107.421875 14.648438
104.980469 14.648438
102.539063 14.648438
100.097656 14.648438
97.65625 14.648438
95.214844 14.648438
92.773438 14.648438
90.332031 14.648438
87.890625 14.648438
85.449219 14.648438
83.007813 14.648438
80.566406 17.089844
78.125 17.089844
75.683594 17.089844
73.242188 17.089844
70.800781 17.089844
68.359375 17.089844
65.917969 17.089844
63.476563 17.089844
61.035156 17.089844
58.59375 17.089844
56.152344 17.089844
53.710938 17.089844
51.269531 17.089844
48.828125 14.648438
46.386719 14.648438
43.945313 14.648438
41.503906 14.648438
39.0625 14.648438
36.621094 14.648438
34.179688 14.648438
31.738281 12.207031
29.296875 12.207031
26.855469 12.207031
24.414063 14.648438
21.972656 17.089844
19.53125 19.53125
17.089844 19.53125
14.648438 21.972656
12.207031 24.414063
