17.089844 261.230469
17.089844 263.671875
19.53125 266.113281
19.53125 268.554688
21.972656 270.996094
24.414063 270.996094
26.855469 273.4375
29.296875 275.878906
31.738281 278.320313
34.179688 280.761719
36.621094 280.761719
39.0625 280.761719
41.503906 283.203125
43.945313 283.203125
46.386719 283.203125
48.828125 283.203125
51.269531 283.203125
53.710938 285.644531
56.152344 285.644531
58.59375 288.085938
61.035156 288.085938
63.476563 290.527344
65.917969 290.527344
68.359375 290.527344
70.800781 292.96875
73.242188 292.96875
75.683594 295.410156
78.125 295.410156
80.566406 297.851563
83.007813 297.851563
85.449219 300.292969
87.890625 300.292969
90.332031 300.292969
92.773438 300.292969
95.214844 297.851563
97.65625 297.851563
100.097656 295.410156
102.539063 295.410156
104.980469 292.96875
104.980469 290.527344
107.421875 288.085938
107.421875 285.644531
109.863281 283.203125
109.863281 280.761719
112.304688 278.320313
112.304688 275.878906
112.304688 273.4375
114.746094 270.996094
114.746094 268.554688
114.746094 266.113281
114.746094 263.671875
114.746094 261.230469
117.1875 258.789063
117.1875 256.347656
117.1875 253.90625
117.1875 251.464844
117.1875 249.023438
117.1875 246.582031
114.746094 244.140625
114.746094 241.699219
114.746094 239.257813
114.746094 236.816406
114.746094 234.375
117.1875 231.933594
117.1875 229.492188
117.1875 227.050781
117.1875 224.609375
117.1875 222.167969
117.1875 219.726563
117.1875 217.285156
117.1875 214.84375
117.1875 212.402344
114.746094 209.960938
114.746094 207.519531
114.746094 205.078125
114.746094 202.636719
114.746094 200.195313
114.746094 197.753906
114.746094 195.3125
114.746094 192.871094
112.304688 190.429688
112.304688 187.988281
112.304688 185.546875
112.304688 183.105469
109.863281 180.664063
109.863281 178.222656
109.863281 175.78125
107.421875 173.339844
107.421875 170.898438
107.421875 168.457031
107.421875 166.015625
104.980469 163.574219
104.980469 161.132813
104.980469 158.691406
104.980469 156.25
104.980469 153.808594
104.980469 151.367188
104.980469 148.925781
102.539063 146.484375
102.539063 144.042969
100.097656 141.601563
100.097656 139.160156
97.65625 136.71875
95.214844 134.277344
95.214844 131.835938
95.214844 129.394531
92.773438 126.953125
92.773438 124.511719
92.773438 122.070313
92.773438 119.628906
90.332031 117.1875
90.332031 114.746094
90.332031 112.304688
90.332031 109.863281
87.890625 107.421875
87.890625 104.980469
87.890625 102.539063
85.449219 100.097656
85.449219 97.65625
85.449219 95.214844
83.007813 92.773438
83.007813 90.332031
83.007813 87.890625
83.007813 85.449219
83.007813 83.007813
80.566406 80.566406
80.566406 78.125
80.566406 75.683594
80.566406 73.242188
80.566406 70.800781
80.566406 68.359375
80.566406 65.917969
80.566406 63.476563
78.125 61.035156
78.125 58.59375
78.125 56.152344
78.125 53.710938
78.125 51.269531
78.125 48.828125
75.683594 46.386719
75.683594 43.945313
75.683594 41.503906
75.683594 39.0625
75.683594 36.621094
73.242188 34.179688
73.242188 31.738281
73.242188 29.296875
70.800781 26.855469
70.800781 24.414063
68.359375 21.972656
68.359375 19.53125
65.917969 17.089844
65.917969 14.648438
65.917969 12.207031
