12.207031 144.042969
12.207031 141.601563
12.207031 139.160156
12.207031 136.71875
12.207031 134.277344
14.648438 131.835938
14.648438 129.394531
17.089844 126.953125
17.089844 124.511719
17.089844 122.070313
19.53125 119.628906
19.53125 117.1875
21.972656 114.746094
21.972656 112.304688
21.972656 109.863281
24.414063 107.421875
24.414063 104.980469
26.855469 102.539063
26.855469 100.097656
26.855469 97.65625
26.855469 95.214844
26.855469 92.773438
29.296875 90.332031
29.296875 87.890625
29.296875 85.449219
29.296875 83.007813
29.296875 80.566406
29.296875 78.125
29.296875 75.683594
29.296875 73.242188
31.738281 70.800781
31.738281 68.359375
31.738281 65.917969
31.738281 63.476563
31.738281 61.035156
31.738281 58.59375
31.738281 56.152344
31.738281 53.710938
31.738281 51.269531
31.738281 48.828125
31.738281 46.386719
31.738281 43.945313
29.296875 41.503906
29.296875 39.0625
29.296875 36.621094
29.296875 34.179688
29.296875 31.738281
29.296875 29.296875
29.296875 26.855469
29.296875 24.414063
29.296875 21.972656
29.296875 19.53125
29.296875 17.089844
26.855469 14.648438
26.855469 12.207031
