14.648438 253.90625
14.648438 251.464844
14.648438 249.023438
14.648438 246.582031
14.648438 244.140625
17.089844 241.699219
19.53125 239.257813
19.53125 236.816406
19.53125 234.375
21.972656 231.933594
24.414063 229.492188
24.414063 227.050781
26.855469 224.609375
29.296875 222.167969
31.738281 219.726563
34.179688 217.285156
36.621094 214.84375
39.0625 212.402344
39.0625 209.960938
41.503906 207.519531
43.945313 205.078125
46.386719 202.636719
46.386719 200.195313
48.828125 197.753906
51.269531 195.3125
51.269531 192.871094
53.710938 190.429688
53.710938 187.988281
56.152344 185.546875
56.152344 183.105469
58.59375 180.664063
58.59375 178.222656
61.035156 175.78125
61.035156 173.339844
63.476563 170.898438
65.917969 168.457031
65.917969 166.015625
65.917969 163.574219
68.359375 161.132813
70.800781 158.691406
73.242188 156.25
73.242188 153.808594
75.683594 151.367188
75.683594 148.925781
75.683594 146.484375
78.125 144.042969
80.566406 141.601563
80.566406 139.160156
83.007813 136.71875
83.007813 134.277344
85.449219 131.835938
85.449219 129.394531
85.449219 126.953125
87.890625 124.511719
87.890625 122.070313
87.890625 119.628906
90.332031 117.1875
90.332031 114.746094
92.773438 112.304688
92.773438 109.863281
92.773438 107.421875
95.214844 104.980469
95.214844 102.539063
95.214844 100.097656
97.65625 97.65625
97.65625 95.214844
100.097656 92.773438
100.097656 90.332031
102.539063 87.890625
102.539063 85.449219
102.539063 83.007813
102.539063 80.566406
102.539063 78.125
104.980469 75.683594
104.980469 73.242188
107.421875 70.800781
107.421875 68.359375
107.421875 65.917969
109.863281 63.476563
109.863281 61.035156
109.863281 58.59375
109.863281 56.152344
109.863281 53.710938
109.863281 51.269531
109.863281 48.828125
112.304688 46.386719
112.304688 43.945313
114.746094 41.503906
114.746094 39.0625
114.746094 36.621094
114.746094 34.179688
114.746094 31.738281
114.746094 29.296875
114.746094 26.855469
117.1875 24.414063
117.1875 21.972656
117.1875 19.53125
