73.242188 112.304688
70.800781 112.304688
68.359375 109.863281
65.917969 107.421875
65.917969 104.980469
63.476563 102.539063
61.035156 100.097656
58.59375 97.65625
56.152344 95.214844
53.710938 92.773438
51.269531 90.332031
48.828125 87.890625
46.386719 85.449219
43.945313 83.007813
41.503906 80.566406
39.0625 78.125
36.621094 75.683594
34.179688 73.242188
31.738281 70.800781
31.738281 68.359375
29.296875 65.917969
26.855469 63.476563
26.855469 61.035156
24.414063 58.59375
24.414063 56.152344
21.972656 53.710938
21.972656 51.269531
21.972656 48.828125
19.53125 46.386719
19.53125 43.945313
19.53125 41.503906
19.53125 39.0625
19.53125 36.621094
17.089844 34.179688
17.089844 31.738281
17.089844 29.296875
17.089844 26.855469
17.089844 24.414063
17.089844 21.972656
17.089844 19.53125
14.648438 17.089844
14.648438 14.648438
14.648438 12.207031
12.207031 9.765625
