9.765625 41.503906
12.207031 41.503906
14.648438 41.503906
17.089844 41.503906
19.53125 41.503906
21.972656 41.503906
24.414063 41.503906
26.855469 41.503906
29.296875 39.0625
31.738281 39.0625
34.179688 39.0625
36.621094 39.0625
39.0625 39.0625
41.503906 39.0625
43.945313 39.0625
46.386719 39.0625
48.828125 39.0625
51.269531 39.0625
53.710938 39.0625
56.152344 39.0625
58.59375 36.621094
61.035156 36.621094
63.476563 39.0625
65.917969 36.621094
68.359375 36.621094
70.800781 36.621094
73.242188 36.621094
75.683594 36.621094
78.125 36.621094
80.566406 36.621094
83.007813 36.621094
85.449219 36.621094
87.890625 34.179688
90.332031 34.179688
92.773438 34.179688
95.214844 34.179688
97.65625 31.738281
100.097656 31.738281
102.539063 29.296875
104.980469 26.855469
107.421875 26.855469
109.863281 24.414063
112.304688 24.414063
114.746094 24.414063
117.1875 24.414063
119.628906 24.414063
122.070313 24.414063
124.511719 24.414063
126.953125 24.414063
129.394531 24.414063
131.835938 24.414063
134.277344 24.414063
136.71875 24.414063
139.160156 24.414063
141.601563 26.855469
144.042969 26.855469
146.484375 26.855469
148.925781 26.855469
151.367188 26.855469
153.808594 24.414063
156.25 24.414063
158.691406 24.414063
161.132813 24.414063
163.574219 21.972656
166.015625 21.972656
168.457031 21.972656
170.898438 24.414063
173.339844 24.414063
175.78125 24.414063
178.222656 24.414063
180.664063 24.414063
183.105469 24.414063
185.546875 24.414063
187.988281 24.414063
190.429688 21.972656
192.871094 21.972656
195.3125 21.972656
197.753906 21.972656
200.195313 21.972656
202.636719 21.972656
205.078125 21.972656
207.519531 21.972656
209.960938 21.972656
212.402344 21.972656
214.84375 21.972656
217.285156 21.972656
219.726563 24.414063
222.167969 24.414063
224.609375 21.972656
227.050781 21.972656
229.492188 21.972656
231.933594 21.972656
234.375 24.414063
236.816406 24.414063
239.257813 24.414063
241.699219 24.414063
244.140625 24.414063
246.582031 24.414063
249.023438 24.414063
251.464844 21.972656
253.90625 21.972656
256.347656 21.972656
258.789063 21.972656
261.230469 21.972656
263.671875 24.414063
266.113281 21.972656
268.554688 24.414063
