90.332031 119.628906
87.890625 119.628906
85.449219 117.1875
85.449219 114.746094
85.449219 112.304688
85.449219 109.863281
85.449219 107.421875
83.007813 104.980469
83.007813 102.539063
80.566406 100.097656
80.566406 97.65625
78.125 95.214844
75.683594 92.773438
75.683594 90.332031
73.242188 87.890625
70.800781 85.449219
68.359375 83.007813
65.917969 80.566406
63.476563 78.125
63.476563 75.683594
65.917969 73.242188
65.917969 70.800781
63.476563 68.359375
63.476563 65.917969
63.476563 63.476563
61.035156 61.035156
58.59375 58.59375
56.152344 56.152344
53.710938 53.710938
51.269531 51.269531
51.269531 48.828125
48.828125 46.386719
46.386719 43.945313
43.945313 41.503906
41.503906 39.0625
39.0625 36.621094
36.621094 34.179688
36.621094 31.738281
36.621094 29.296875
36.621094 26.855469
36.621094 24.414063
34.179688 21.972656
31.738281 19.53125
29.296875 17.089844
26.855469 17.089844
24.414063 14.648438
21.972656 14.648438
19.53125 12.207031
17.089844 12.207031
14.648438 9.765625
12.207031 7.324219
9.765625 7.324219
