14.648438 102.539063
14.648438 100.097656
17.089844 97.65625
17.089844 95.214844
19.53125 92.773438
21.972656 90.332031
24.414063 87.890625
24.414063 85.449219
24.414063 83.007813
26.855469 80.566406
29.296875 78.125
31.738281 75.683594
31.738281 73.242188
34.179688 70.800781
34.179688 68.359375
36.621094 65.917969
36.621094 63.476563
39.0625 61.035156
41.503906 58.59375
41.503906 56.152344
43.945313 53.710938
46.386719 51.269531
48.828125 48.828125
51.269531 46.386719
51.269531 43.945313
53.710938 41.503906
56.152344 39.0625
58.59375 36.621094
61.035156 34.179688
61.035156 31.738281
63.476563 29.296875
65.917969 26.855469
68.359375 24.414063
70.800781 21.972656
73.242188 19.53125
75.683594 17.089844
75.683594 14.648438
78.125 12.207031
