100.097656 124.511719
97.65625 124.511719
95.214844 122.070313
95.214844 119.628906
92.773438 117.1875
90.332031 114.746094
90.332031 112.304688
87.890625 109.863281
87.890625 107.421875
85.449219 104.980469
83.007813 102.539063
83.007813 100.097656
80.566406 97.65625
78.125 95.214844
75.683594 92.773438
73.242188 90.332031
70.800781 87.890625
68.359375 85.449219
65.917969 83.007813
63.476563 80.566406
61.035156 78.125
58.59375 75.683594
56.152344 73.242188
53.710938 70.800781
53.710938 68.359375
51.269531 65.917969
48.828125 63.476563
46.386719 61.035156
46.386719 58.59375
43.945313 56.152344
43.945313 53.710938
41.503906 51.269531
39.0625 48.828125
39.0625 46.386719
36.621094 43.945313
34.179688 41.503906
34.179688 39.0625
31.738281 36.621094
29.296875 34.179688
26.855469 31.738281
24.414063 29.296875
24.414063 26.855469
21.972656 24.414063
21.972656 21.972656
19.53125 19.53125
17.089844 17.089844
14.648438 14.648438
14.648438 12.207031
