31.738281 200.195313
31.738281 197.753906
31.738281 195.3125
29.296875 192.871094
29.296875 190.429688
29.296875 187.988281
31.738281 185.546875
31.738281 183.105469
31.738281 180.664063
34.179688 178.222656
34.179688 175.78125
36.621094 173.339844
34.179688 170.898438
34.179688 168.457031
34.179688 166.015625
34.179688 163.574219
31.738281 161.132813
31.738281 158.691406
31.738281 156.25
29.296875 153.808594
29.296875 151.367188
29.296875 148.925781
29.296875 146.484375
29.296875 144.042969
29.296875 141.601563
29.296875 139.160156
29.296875 136.71875
29.296875 134.277344
29.296875 131.835938
29.296875 129.394531
29.296875 126.953125
29.296875 124.511719
29.296875 122.070313
26.855469 119.628906
26.855469 117.1875
24.414063 114.746094
24.414063 112.304688
21.972656 109.863281
21.972656 107.421875
21.972656 104.980469
21.972656 102.539063
19.53125 100.097656
19.53125 97.65625
19.53125 95.214844
21.972656 92.773438
21.972656 90.332031
24.414063 87.890625
24.414063 85.449219
24.414063 83.007813
24.414063 80.566406
24.414063 78.125
24.414063 75.683594
24.414063 73.242188
21.972656 70.800781
21.972656 68.359375
21.972656 65.917969
21.972656 63.476563
21.972656 61.035156
21.972656 58.59375
21.972656 56.152344
21.972656 53.710938
21.972656 51.269531
21.972656 48.828125
21.972656 46.386719
21.972656 43.945313
21.972656 41.503906
21.972656 39.0625
21.972656 36.621094
21.972656 34.179688
21.972656 31.738281
21.972656 29.296875
21.972656 26.855469
21.972656 24.414063
21.972656 21.972656
21.972656 19.53125
21.972656 17.089844
21.972656 14.648438
21.972656 12.207031
