9.765625 31.738281
12.207031 31.738281
14.648438 31.738281
17.089844 31.738281
19.53125 31.738281
21.972656 29.296875
24.414063 29.296875
26.855469 26.855469
29.296875 26.855469
31.738281 26.855469
34.179688 26.855469
36.621094 26.855469
39.0625 26.855469
41.503906 26.855469
43.945313 26.855469
46.386719 24.414063
48.828125 24.414063
51.269531 24.414063
53.710938 24.414063
56.152344 24.414063
58.59375 24.414063
61.035156 21.972656
63.476563 21.972656
65.917969 21.972656
68.359375 19.53125
70.800781 19.53125
73.242188 19.53125
75.683594 19.53125
78.125 19.53125
80.566406 19.53125
83.007813 17.089844
85.449219 17.089844
87.890625 17.089844
90.332031 17.089844
92.773438 17.089844
95.214844 17.089844
97.65625 14.648438
97.65625 12.207031
