175.78125 100.097656
173.339844 97.65625
170.898438 100.097656
168.457031 97.65625
166.015625 97.65625
163.574219 97.65625
161.132813 97.65625
158.691406 95.214844
156.25 97.65625
153.808594 95.214844
151.367188 95.214844
148.925781 92.773438
146.484375 92.773438
144.042969 90.332031
141.601563 90.332031
139.160156 87.890625
136.71875 87.890625
134.277344 85.449219
131.835938 85.449219
129.394531 83.007813
126.953125 83.007813
124.511719 80.566406
122.070313 80.566406
119.628906 78.125
117.1875 78.125
114.746094 75.683594
112.304688 73.242188
109.863281 70.800781
107.421875 70.800781
104.980469 68.359375
102.539063 68.359375
100.097656 65.917969
97.65625 65.917969
95.214844 63.476563
92.773438 63.476563
90.332031 61.035156
87.890625 61.035156
85.449219 61.035156
83.007813 58.59375
80.566406 58.59375
78.125 56.152344
75.683594 53.710938
73.242188 53.710938
70.800781 51.269531
68.359375 48.828125
65.917969 46.386719
63.476563 43.945313
61.035156 41.503906
58.59375 41.503906
56.152344 39.0625
53.710938 36.621094
51.269531 36.621094
48.828125 34.179688
46.386719 31.738281
43.945313 29.296875
41.503906 29.296875
39.0625 26.855469
36.621094 24.414063
34.179688 24.414063
31.738281 21.972656
29.296875 21.972656
26.855469 21.972656
24.414063 19.53125
