68.359375 112.304688
68.359375 109.863281
68.359375 107.421875
65.917969 104.980469
65.917969 102.539063
65.917969 100.097656
65.917969 97.65625
65.917969 95.214844
65.917969 92.773438
65.917969 90.332031
63.476563 87.890625
63.476563 85.449219
63.476563 83.007813
61.035156 80.566406
61.035156 78.125
58.59375 75.683594
58.59375 73.242188
58.59375 70.800781
58.59375 68.359375
56.152344 65.917969
56.152344 63.476563
53.710938 61.035156
51.269531 58.59375
51.269531 56.152344
48.828125 53.710938
46.386719 51.269531
43.945313 48.828125
41.503906 46.386719
41.503906 43.945313
39.0625 41.503906
36.621094 39.0625
34.179688 36.621094
31.738281 34.179688
31.738281 31.738281
34.179688 29.296875
34.179688 26.855469
34.179688 24.414063
