12.207031 80.566406
12.207031 78.125
12.207031 75.683594
9.765625 73.242188
9.765625 70.800781
9.765625 68.359375
9.765625 65.917969
9.765625 63.476563
12.207031 61.035156
12.207031 58.59375
12.207031 56.152344
14.648438 53.710938
14.648438 51.269531
14.648438 48.828125
14.648438 46.386719
14.648438 43.945313
14.648438 41.503906
14.648438 39.0625
17.089844 36.621094
19.53125 34.179688
21.972656 31.738281
24.414063 29.296875
24.414063 26.855469
26.855469 24.414063
26.855469 21.972656
29.296875 19.53125
29.296875 17.089844
31.738281 14.648438
31.738281 12.207031
