12.207031 46.386719
12.207031 43.945313
14.648438 41.503906
17.089844 41.503906
19.53125 41.503906
21.972656 41.503906
24.414063 39.0625
26.855469 39.0625
29.296875 36.621094
31.738281 36.621094
34.179688 36.621094
36.621094 36.621094
39.0625 36.621094
41.503906 36.621094
43.945313 36.621094
46.386719 36.621094
48.828125 36.621094
51.269531 36.621094
53.710938 36.621094
56.152344 34.179688
58.59375 34.179688
61.035156 31.738281
63.476563 31.738281
65.917969 31.738281
68.359375 29.296875
70.800781 29.296875
73.242188 29.296875
75.683594 26.855469
78.125 26.855469
80.566406 24.414063
83.007813 24.414063
85.449219 24.414063
87.890625 21.972656
90.332031 21.972656
92.773438 19.53125
95.214844 19.53125
97.65625 17.089844
100.097656 17.089844
102.539063 14.648438
104.980469 14.648438
107.421875 14.648438
109.863281 14.648438
112.304688 14.648438
114.746094 14.648438
117.1875 14.648438
119.628906 14.648438
122.070313 14.648438
124.511719 14.648438
126.953125 14.648438
129.394531 14.648438
131.835938 12.207031
134.277344 12.207031
