21.972656 156.25
21.972656 153.808594
21.972656 151.367188
24.414063 148.925781
26.855469 146.484375
29.296875 144.042969
31.738281 141.601563
31.738281 139.160156
34.179688 136.71875
34.179688 134.277344
36.621094 131.835938
39.0625 129.394531
39.0625 126.953125
39.0625 124.511719
41.503906 122.070313
43.945313 119.628906
43.945313 117.1875
46.386719 114.746094
48.828125 112.304688
48.828125 109.863281
51.269531 107.421875
53.710938 104.980469
53.710938 102.539063
53.710938 100.097656
56.152344 97.65625
58.59375 95.214844
58.59375 92.773438
58.59375 90.332031
61.035156 87.890625
61.035156 85.449219
61.035156 83.007813
61.035156 80.566406
61.035156 78.125
63.476563 75.683594
63.476563 73.242188
65.917969 70.800781
65.917969 68.359375
65.917969 65.917969
65.917969 63.476563
65.917969 61.035156
68.359375 58.59375
68.359375 56.152344
68.359375 53.710938
70.800781 51.269531
70.800781 48.828125
70.800781 46.386719
70.800781 43.945313
73.242188 41.503906
73.242188 39.0625
73.242188 36.621094
75.683594 34.179688
75.683594 31.738281
78.125 29.296875
78.125 26.855469
80.566406 24.414063
80.566406 21.972656
80.566406 19.53125
80.566406 17.089844
80.566406 14.648438
