107.421875 43.945313
104.980469 43.945313
102.539063 41.503906
100.097656 41.503906
97.65625 39.0625
95.214844 36.621094
92.773438 34.179688
90.332031 34.179688
87.890625 31.738281
85.449219 31.738281
83.007813 31.738281
80.566406 31.738281
78.125 31.738281
75.683594 29.296875
73.242188 29.296875
70.800781 29.296875
68.359375 29.296875
65.917969 26.855469
63.476563 26.855469
61.035156 26.855469
58.59375 24.414063
56.152344 24.414063
53.710938 21.972656
51.269531 21.972656
48.828125 24.414063
46.386719 24.414063
43.945313 24.414063
41.503906 24.414063
39.0625 24.414063
36.621094 24.414063
34.179688 24.414063
31.738281 21.972656
29.296875 21.972656
26.855469 21.972656
24.414063 21.972656
21.972656 24.414063
19.53125 26.855469
17.089844 29.296875
14.648438 31.738281
