78.125 36.621094
78.125 34.179688
75.683594 31.738281
73.242188 31.738281
70.800781 31.738281
68.359375 29.296875
65.917969 29.296875
63.476563 29.296875
61.035156 26.855469
58.59375 26.855469
56.152344 26.855469
53.710938 26.855469
51.269531 24.414063
48.828125 24.414063
46.386719 24.414063
43.945313 21.972656
41.503906 21.972656
39.0625 21.972656
36.621094 19.53125
34.179688 19.53125
31.738281 19.53125
29.296875 19.53125
26.855469 17.089844
24.414063 17.089844
21.972656 17.089844
19.53125 17.089844
17.089844 14.648438
