21.972656 239.257813
21.972656 236.816406
19.53125 234.375
19.53125 231.933594
19.53125 229.492188
19.53125 227.050781
19.53125 224.609375
19.53125 222.167969
19.53125 219.726563
19.53125 217.285156
19.53125 214.84375
19.53125 212.402344
19.53125 209.960938
19.53125 207.519531
21.972656 205.078125
21.972656 202.636719
21.972656 200.195313
21.972656 197.753906
21.972656 195.3125
21.972656 192.871094
24.414063 190.429688
24.414063 187.988281
26.855469 185.546875
26.855469 183.105469
26.855469 180.664063
29.296875 178.222656
29.296875 175.78125
29.296875 173.339844
29.296875 170.898438
29.296875 168.457031
29.296875 166.015625
29.296875 163.574219
29.296875 161.132813
29.296875 158.691406
29.296875 156.25
29.296875 153.808594
29.296875 151.367188
26.855469 148.925781
24.414063 146.484375
24.414063 144.042969
24.414063 141.601563
24.414063 139.160156
24.414063 136.71875
24.414063 134.277344
24.414063 131.835938
24.414063 129.394531
26.855469 126.953125
26.855469 124.511719
26.855469 122.070313
29.296875 119.628906
29.296875 117.1875
29.296875 114.746094
31.738281 112.304688
31.738281 109.863281
34.179688 107.421875
34.179688 104.980469
34.179688 102.539063
34.179688 100.097656
34.179688 97.65625
34.179688 95.214844
36.621094 92.773438
36.621094 90.332031
36.621094 87.890625
36.621094 85.449219
39.0625 83.007813
39.0625 80.566406
39.0625 78.125
39.0625 75.683594
39.0625 73.242188
39.0625 70.800781
39.0625 68.359375
41.503906 65.917969
41.503906 63.476563
41.503906 61.035156
43.945313 58.59375
43.945313 56.152344
46.386719 53.710938
46.386719 51.269531
46.386719 48.828125
46.386719 46.386719
46.386719 43.945313
46.386719 41.503906
46.386719 39.0625
46.386719 36.621094
46.386719 34.179688
46.386719 31.738281
46.386719 29.296875
46.386719 26.855469
48.828125 24.414063
48.828125 21.972656
48.828125 19.53125
48.828125 17.089844
48.828125 14.648438
