14.648438 75.683594
14.648438 73.242188
14.648438 70.800781
14.648438 68.359375
14.648438 65.917969
14.648438 63.476563
14.648438 61.035156
14.648438 58.59375
14.648438 56.152344
14.648438 53.710938
14.648438 51.269531
17.089844 48.828125
17.089844 46.386719
17.089844 43.945313
17.089844 41.503906
17.089844 39.0625
17.089844 36.621094
17.089844 34.179688
17.089844 31.738281
17.089844 29.296875
19.53125 26.855469
19.53125 24.414063
21.972656 21.972656
21.972656 19.53125
21.972656 17.089844
24.414063 14.648438
