9.765625 31.738281
12.207031 29.296875
14.648438 29.296875
17.089844 26.855469
19.53125 26.855469
21.972656 26.855469
24.414063 26.855469
26.855469 26.855469
29.296875 24.414063
31.738281 26.855469
34.179688 26.855469
36.621094 26.855469
39.0625 26.855469
41.503906 26.855469
43.945313 26.855469
46.386719 26.855469
48.828125 26.855469
51.269531 24.414063
53.710938 24.414063
56.152344 24.414063
58.59375 24.414063
61.035156 24.414063
63.476563 24.414063
65.917969 24.414063
68.359375 24.414063
70.800781 26.855469
73.242188 26.855469
75.683594 26.855469
78.125 26.855469
80.566406 24.414063
83.007813 26.855469
85.449219 26.855469
87.890625 24.414063
90.332031 21.972656
92.773438 19.53125
95.214844 19.53125
97.65625 19.53125
100.097656 19.53125
102.539063 19.53125
104.980469 19.53125
107.421875 19.53125
109.863281 21.972656
112.304688 21.972656
114.746094 21.972656
117.1875 21.972656
119.628906 21.972656
122.070313 21.972656
124.511719 21.972656
126.953125 21.972656
129.394531 21.972656
131.835938 21.972656
134.277344 24.414063
136.71875 24.414063
139.160156 21.972656
141.601563 21.972656
144.042969 21.972656
146.484375 21.972656
148.925781 21.972656
151.367188 21.972656
153.808594 19.53125
