17.089844 83.007813
19.53125 80.566406
21.972656 78.125
24.414063 75.683594
26.855469 73.242188
29.296875 70.800781
31.738281 68.359375
31.738281 65.917969
34.179688 63.476563
36.621094 63.476563
39.0625 61.035156
41.503906 58.59375
43.945313 58.59375
46.386719 56.152344
48.828125 56.152344
51.269531 53.710938
53.710938 53.710938
56.152344 51.269531
58.59375 48.828125
61.035156 48.828125
63.476563 46.386719
65.917969 43.945313
68.359375 41.503906
70.800781 41.503906
73.242188 39.0625
75.683594 36.621094
78.125 36.621094
80.566406 34.179688
83.007813 31.738281
85.449219 29.296875
87.890625 29.296875
90.332031 29.296875
92.773438 26.855469
95.214844 26.855469
97.65625 24.414063
100.097656 24.414063
102.539063 21.972656
104.980469 21.972656
107.421875 19.53125
109.863281 17.089844
112.304688 17.089844
114.746094 17.089844
117.1875 17.089844
