97.65625 68.359375
97.65625 65.917969
95.214844 63.476563
92.773438 61.035156
90.332031 58.59375
87.890625 58.59375
85.449219 56.152344
85.449219 53.710938
83.007813 51.269531
80.566406 51.269531
78.125 48.828125
75.683594 48.828125
73.242188 46.386719
70.800781 46.386719
68.359375 43.945313
65.917969 41.503906
63.476563 39.0625
61.035156 36.621094
58.59375 36.621094
56.152344 34.179688
53.710938 34.179688
51.269531 31.738281
48.828125 31.738281
46.386719 29.296875
43.945313 29.296875
41.503906 26.855469
39.0625 26.855469
36.621094 24.414063
34.179688 24.414063
31.738281 21.972656
29.296875 21.972656
26.855469 19.53125
24.414063 19.53125
21.972656 17.089844
19.53125 14.648438
17.089844 14.648438
14.648438 14.648438
