12.207031 153.808594
14.648438 151.367188
17.089844 148.925781
19.53125 146.484375
21.972656 146.484375
24.414063 144.042969
26.855469 144.042969
29.296875 141.601563
31.738281 139.160156
34.179688 139.160156
36.621094 136.71875
36.621094 134.277344
39.0625 131.835938
39.0625 129.394531
39.0625 126.953125
41.503906 124.511719
41.503906 122.070313
43.945313 119.628906
43.945313 117.1875
46.386719 114.746094
48.828125 112.304688
51.269531 109.863281
51.269531 107.421875
53.710938 104.980469
53.710938 102.539063
56.152344 100.097656
58.59375 97.65625
58.59375 95.214844
61.035156 92.773438
63.476563 90.332031
65.917969 87.890625
65.917969 85.449219
65.917969 83.007813
68.359375 80.566406
70.800781 80.566406
73.242188 78.125
75.683594 75.683594
78.125 73.242188
80.566406 70.800781
83.007813 68.359375
85.449219 65.917969
87.890625 63.476563
90.332031 61.035156
92.773438 58.59375
95.214844 56.152344
97.65625 53.710938
100.097656 51.269531
100.097656 48.828125
100.097656 46.386719
100.097656 43.945313
100.097656 41.503906
102.539063 39.0625
104.980469 36.621094
104.980469 34.179688
107.421875 31.738281
109.863281 29.296875
112.304688 29.296875
114.746094 26.855469
117.1875 24.414063
119.628906 21.972656
122.070313 19.53125
124.511719 17.089844
124.511719 14.648438
