95.214844 65.917969
92.773438 65.917969
90.332031 65.917969
87.890625 63.476563
85.449219 63.476563
83.007813 61.035156
80.566406 58.59375
78.125 56.152344
75.683594 53.710938
73.242188 51.269531
70.800781 51.269531
68.359375 48.828125
65.917969 48.828125
63.476563 46.386719
61.035156 46.386719
58.59375 43.945313
56.152344 43.945313
53.710938 41.503906
51.269531 41.503906
48.828125 39.0625
46.386719 36.621094
43.945313 34.179688
41.503906 34.179688
39.0625 31.738281
36.621094 29.296875
34.179688 26.855469
31.738281 24.414063
29.296875 24.414063
26.855469 21.972656
24.414063 21.972656
21.972656 19.53125
19.53125 17.089844
17.089844 17.089844
14.648438 14.648438
14.648438 12.207031
