183.105469 136.71875
183.105469 134.277344
180.664063 131.835938
180.664063 129.394531
178.222656 126.953125
175.78125 124.511719
173.339844 122.070313
170.898438 119.628906
168.457031 119.628906
166.015625 117.1875
163.574219 114.746094
161.132813 114.746094
158.691406 114.746094
156.25 112.304688
153.808594 112.304688
151.367188 109.863281
148.925781 107.421875
146.484375 104.980469
144.042969 104.980469
141.601563 102.539063
139.160156 102.539063
136.71875 100.097656
134.277344 97.65625
131.835938 95.214844
129.394531 92.773438
126.953125 92.773438
124.511719 90.332031
122.070313 87.890625
119.628906 85.449219
117.1875 85.449219
114.746094 83.007813
112.304688 80.566406
109.863281 78.125
107.421875 78.125
104.980469 75.683594
102.539063 73.242188
100.097656 70.800781
97.65625 68.359375
95.214844 65.917969
92.773438 63.476563
90.332031 61.035156
87.890625 58.59375
85.449219 56.152344
83.007813 53.710938
80.566406 51.269531
78.125 48.828125
75.683594 46.386719
73.242188 43.945313
70.800781 43.945313
68.359375 41.503906
65.917969 39.0625
63.476563 36.621094
61.035156 34.179688
58.59375 31.738281
56.152344 29.296875
53.710938 26.855469
51.269531 24.414063
48.828125 24.414063
46.386719 21.972656
43.945313 21.972656
41.503906 19.53125
39.0625 17.089844
36.621094 17.089844
34.179688 14.648438
31.738281 14.648438
29.296875 14.648438
26.855469 14.648438
24.414063 14.648438
21.972656 14.648438
19.53125 14.648438
17.089844 14.648438
14.648438 17.089844
12.207031 14.648438
9.765625 14.648438
