41.503906 65.917969
39.0625 63.476563
36.621094 61.035156
34.179688 61.035156
31.738281 58.59375
29.296875 58.59375
26.855469 56.152344
24.414063 53.710938
21.972656 51.269531
21.972656 48.828125
21.972656 46.386719
24.414063 43.945313
26.855469 41.503906
26.855469 39.0625
26.855469 36.621094
26.855469 34.179688
29.296875 31.738281
29.296875 29.296875
29.296875 26.855469
29.296875 24.414063
29.296875 21.972656
29.296875 19.53125
29.296875 17.089844
29.296875 14.648438
26.855469 12.207031
26.855469 9.765625
26.855469 7.324219
