158.691406 65.917969
158.691406 63.476563
156.25 61.035156
156.25 58.59375
153.808594 56.152344
151.367188 53.710938
148.925781 51.269531
146.484375 48.828125
144.042969 46.386719
141.601563 43.945313
139.160156 43.945313
136.71875 43.945313
134.277344 41.503906
131.835938 41.503906
129.394531 39.0625
126.953125 39.0625
124.511719 36.621094
122.070313 36.621094
119.628906 36.621094
117.1875 36.621094
114.746094 34.179688
112.304688 34.179688
109.863281 34.179688
107.421875 31.738281
104.980469 31.738281
102.539063 31.738281
100.097656 31.738281
97.65625 29.296875
95.214844 29.296875
92.773438 29.296875
90.332031 29.296875
87.890625 29.296875
85.449219 29.296875
83.007813 29.296875
80.566406 26.855469
78.125 26.855469
75.683594 26.855469
73.242188 24.414063
70.800781 24.414063
68.359375 21.972656
65.917969 21.972656
63.476563 21.972656
61.035156 19.53125
58.59375 19.53125
56.152344 19.53125
53.710938 19.53125
51.269531 19.53125
48.828125 19.53125
46.386719 19.53125
43.945313 19.53125
41.503906 17.089844
39.0625 17.089844
36.621094 17.089844
34.179688 17.089844
31.738281 17.089844
29.296875 14.648438
26.855469 14.648438
24.414063 14.648438
21.972656 14.648438
19.53125 14.648438
17.089844 12.207031
14.648438 12.207031
