87.890625 209.960938
87.890625 207.519531
87.890625 205.078125
87.890625 202.636719
90.332031 200.195313
90.332031 197.753906
90.332031 195.3125
90.332031 192.871094
92.773438 190.429688
95.214844 187.988281
95.214844 185.546875
97.65625 183.105469
97.65625 180.664063
100.097656 178.222656
100.097656 175.78125
102.539063 173.339844
102.539063 170.898438
102.539063 168.457031
100.097656 166.015625
100.097656 163.574219
97.65625 161.132813
97.65625 158.691406
95.214844 156.25
95.214844 153.808594
92.773438 151.367188
92.773438 148.925781
92.773438 146.484375
92.773438 144.042969
92.773438 141.601563
92.773438 139.160156
90.332031 136.71875
90.332031 134.277344
90.332031 131.835938
87.890625 129.394531
87.890625 126.953125
85.449219 124.511719
85.449219 122.070313
83.007813 119.628906
83.007813 117.1875
80.566406 114.746094
78.125 114.746094
75.683594 114.746094
73.242188 114.746094
70.800781 114.746094
68.359375 114.746094
65.917969 114.746094
63.476563 114.746094
61.035156 114.746094
58.59375 114.746094
56.152344 114.746094
53.710938 114.746094
51.269531 114.746094
48.828125 114.746094
46.386719 112.304688
46.386719 109.863281
43.945313 107.421875
41.503906 104.980469
41.503906 102.539063
41.503906 100.097656
41.503906 97.65625
41.503906 95.214844
41.503906 92.773438
41.503906 90.332031
39.0625 87.890625
39.0625 85.449219
39.0625 83.007813
36.621094 80.566406
36.621094 78.125
36.621094 75.683594
36.621094 73.242188
36.621094 70.800781
36.621094 68.359375
36.621094 65.917969
34.179688 63.476563
34.179688 61.035156
34.179688 58.59375
34.179688 56.152344
31.738281 53.710938
31.738281 51.269531
31.738281 48.828125
31.738281 46.386719
31.738281 43.945313
29.296875 41.503906
29.296875 39.0625
26.855469 36.621094
26.855469 34.179688
24.414063 31.738281
24.414063 29.296875
24.414063 26.855469
21.972656 24.414063
21.972656 21.972656
19.53125 19.53125
