12.207031 161.132813
12.207031 158.691406
14.648438 156.25
14.648438 153.808594
14.648438 151.367188
14.648438 148.925781
17.089844 146.484375
17.089844 144.042969
17.089844 141.601563
17.089844 139.160156
17.089844 136.71875
19.53125 134.277344
19.53125 131.835938
19.53125 129.394531
19.53125 126.953125
19.53125 124.511719
19.53125 122.070313
21.972656 119.628906
21.972656 117.1875
21.972656 114.746094
21.972656 112.304688
21.972656 109.863281
24.414063 107.421875
24.414063 104.980469
24.414063 102.539063
24.414063 100.097656
24.414063 97.65625
24.414063 95.214844
24.414063 92.773438
24.414063 90.332031
26.855469 87.890625
26.855469 85.449219
26.855469 83.007813
26.855469 80.566406
26.855469 78.125
26.855469 75.683594
24.414063 73.242188
24.414063 70.800781
24.414063 68.359375
24.414063 65.917969
24.414063 63.476563
24.414063 61.035156
24.414063 58.59375
24.414063 56.152344
21.972656 53.710938
21.972656 51.269531
24.414063 48.828125
24.414063 46.386719
24.414063 43.945313
24.414063 41.503906
24.414063 39.0625
24.414063 36.621094
24.414063 34.179688
24.414063 31.738281
24.414063 29.296875
24.414063 26.855469
24.414063 24.414063
24.414063 21.972656
24.414063 19.53125
24.414063 17.089844
24.414063 14.648438
24.414063 12.207031
24.414063 9.765625
24.414063 7.324219
