144.042969 46.386719
141.601563 46.386719
139.160156 43.945313
136.71875 41.503906
134.277344 41.503906
131.835938 41.503906
129.394531 41.503906
126.953125 41.503906
124.511719 41.503906
122.070313 41.503906
119.628906 41.503906
117.1875 41.503906
114.746094 39.0625
112.304688 39.0625
109.863281 39.0625
107.421875 39.0625
104.980469 36.621094
102.539063 36.621094
100.097656 36.621094
97.65625 36.621094
95.214844 36.621094
92.773438 36.621094
90.332031 36.621094
87.890625 36.621094
85.449219 36.621094
83.007813 36.621094
80.566406 36.621094
78.125 36.621094
75.683594 36.621094
73.242188 36.621094
70.800781 39.0625
68.359375 39.0625
65.917969 39.0625
63.476563 36.621094
61.035156 36.621094
58.59375 36.621094
56.152344 36.621094
53.710938 36.621094
51.269531 36.621094
48.828125 34.179688
46.386719 34.179688
43.945313 34.179688
41.503906 31.738281
39.0625 31.738281
36.621094 31.738281
34.179688 34.179688
31.738281 36.621094
29.296875 39.0625
26.855469 41.503906
24.414063 43.945313
21.972656 46.386719
19.53125 48.828125
17.089844 48.828125
14.648438 51.269531
12.207031 51.269531
9.765625 53.710938
