53.710938 73.242188
51.269531 70.800781
51.269531 68.359375
51.269531 65.917969
48.828125 63.476563
48.828125 61.035156
46.386719 58.59375
46.386719 56.152344
43.945313 53.710938
41.503906 51.269531
39.0625 48.828125
39.0625 46.386719
36.621094 43.945313
34.179688 41.503906
31.738281 39.0625
29.296875 36.621094
26.855469 34.179688
26.855469 31.738281
24.414063 29.296875
21.972656 26.855469
19.53125 24.414063
19.53125 21.972656
17.089844 19.53125
17.089844 17.089844
14.648438 14.648438
14.648438 12.207031
