12.207031 178.222656
12.207031 175.78125
14.648438 173.339844
17.089844 170.898438
19.53125 168.457031
21.972656 166.015625
21.972656 163.574219
24.414063 161.132813
24.414063 158.691406
26.855469 156.25
29.296875 153.808594
29.296875 151.367188
31.738281 148.925781
34.179688 146.484375
34.179688 144.042969
36.621094 141.601563
36.621094 139.160156
39.0625 136.71875
39.0625 134.277344
41.503906 131.835938
43.945313 129.394531
43.945313 126.953125
46.386719 124.511719
48.828125 122.070313
48.828125 119.628906
51.269531 117.1875
53.710938 114.746094
53.710938 112.304688
56.152344 109.863281
58.59375 107.421875
58.59375 104.980469
61.035156 102.539063
61.035156 100.097656
61.035156 97.65625
63.476563 95.214844
63.476563 92.773438
65.917969 90.332031
65.917969 87.890625
68.359375 85.449219
70.800781 83.007813
70.800781 80.566406
73.242188 78.125
75.683594 75.683594
78.125 73.242188
78.125 70.800781
80.566406 68.359375
83.007813 65.917969
83.007813 63.476563
85.449219 61.035156
87.890625 58.59375
90.332031 56.152344
92.773438 53.710938
92.773438 51.269531
95.214844 48.828125
97.65625 46.386719
97.65625 43.945313
100.097656 41.503906
102.539063 39.0625
102.539063 36.621094
104.980469 34.179688
107.421875 31.738281
109.863281 29.296875
112.304688 26.855469
112.304688 24.414063
112.304688 21.972656
114.746094 19.53125
117.1875 17.089844
117.1875 14.648438
119.628906 12.207031
