17.089844 53.710938
19.53125 51.269531
21.972656 48.828125
24.414063 46.386719
26.855469 43.945313
29.296875 43.945313
31.738281 41.503906
34.179688 41.503906
36.621094 41.503906
39.0625 39.0625
41.503906 36.621094
43.945313 34.179688
46.386719 34.179688
48.828125 34.179688
51.269531 34.179688
53.710938 31.738281
56.152344 31.738281
58.59375 31.738281
61.035156 31.738281
63.476563 29.296875
65.917969 26.855469
68.359375 26.855469
70.800781 24.414063
73.242188 24.414063
75.683594 24.414063
78.125 24.414063
80.566406 21.972656
83.007813 21.972656
85.449219 21.972656
87.890625 21.972656
90.332031 21.972656
92.773438 21.972656
95.214844 21.972656
97.65625 24.414063
100.097656 26.855469
102.539063 26.855469
104.980469 26.855469
