14.648438 280.761719
14.648438 278.320313
17.089844 275.878906
19.53125 275.878906
21.972656 273.4375
24.414063 270.996094
26.855469 268.554688
29.296875 266.113281
31.738281 263.671875
31.738281 261.230469
34.179688 258.789063
36.621094 256.347656
39.0625 253.90625
41.503906 251.464844
43.945313 249.023438
46.386719 246.582031
48.828125 244.140625
51.269531 241.699219
53.710938 239.257813
56.152344 239.257813
58.59375 236.816406
61.035156 234.375
63.476563 231.933594
65.917969 229.492188
68.359375 227.050781
70.800781 224.609375
73.242188 222.167969
75.683594 219.726563
75.683594 217.285156
78.125 214.84375
80.566406 212.402344
83.007813 209.960938
85.449219 207.519531
87.890625 205.078125
90.332031 202.636719
92.773438 200.195313
95.214844 197.753906
97.65625 195.3125
100.097656 192.871094
102.539063 190.429688
104.980469 187.988281
107.421875 185.546875
109.863281 183.105469
112.304688 180.664063
112.304688 178.222656
114.746094 175.78125
117.1875 173.339844
119.628906 170.898438
119.628906 168.457031
122.070313 166.015625
124.511719 163.574219
126.953125 161.132813
129.394531 158.691406
131.835938 156.25
134.277344 153.808594
136.71875 151.367188
139.160156 148.925781
141.601563 146.484375
144.042969 144.042969
144.042969 141.601563
146.484375 139.160156
148.925781 136.71875
151.367188 134.277344
153.808594 131.835938
153.808594 129.394531
156.25 126.953125
158.691406 124.511719
158.691406 122.070313
161.132813 119.628906
163.574219 117.1875
166.015625 114.746094
168.457031 112.304688
168.457031 109.863281
170.898438 107.421875
173.339844 104.980469
175.78125 102.539063
178.222656 100.097656
180.664063 97.65625
183.105469 95.214844
185.546875 92.773438
187.988281 90.332031
190.429688 90.332031
192.871094 87.890625
195.3125 85.449219
197.753906 83.007813
200.195313 80.566406
202.636719 78.125
205.078125 78.125
207.519531 75.683594
209.960938 73.242188
212.402344 70.800781
214.84375 68.359375
217.285156 65.917969
219.726563 63.476563
222.167969 61.035156
224.609375 61.035156
227.050781 58.59375
229.492188 56.152344
231.933594 53.710938
234.375 51.269531
236.816406 48.828125
239.257813 48.828125
241.699219 46.386719
244.140625 43.945313
246.582031 41.503906
249.023438 39.0625
251.464844 39.0625
253.90625 39.0625
256.347656 36.621094
258.789063 36.621094
261.230469 34.179688
263.671875 31.738281
266.113281 29.296875
268.554688 29.296875
270.996094 26.855469
273.4375 24.414063
273.4375 21.972656
275.878906 19.53125
278.320313 17.089844
278.320313 14.648438
