21.972656 371.09375
19.53125 368.652344
19.53125 366.210938
19.53125 363.769531
19.53125 361.328125
19.53125 358.886719
17.089844 356.445313
17.089844 354.003906
17.089844 351.5625
17.089844 349.121094
19.53125 346.679688
19.53125 344.238281
19.53125 341.796875
21.972656 339.355469
21.972656 336.914063
21.972656 334.472656
21.972656 332.03125
21.972656 329.589844
21.972656 327.148438
21.972656 324.707031
21.972656 322.265625
21.972656 319.824219
21.972656 317.382813
24.414063 314.941406
24.414063 312.5
24.414063 310.058594
26.855469 307.617188
26.855469 305.175781
26.855469 302.734375
26.855469 300.292969
26.855469 297.851563
29.296875 295.410156
29.296875 292.96875
29.296875 290.527344
29.296875 288.085938
31.738281 285.644531
31.738281 283.203125
31.738281 280.761719
31.738281 278.320313
31.738281 275.878906
31.738281 273.4375
31.738281 270.996094
31.738281 268.554688
31.738281 266.113281
31.738281 263.671875
34.179688 261.230469
34.179688 258.789063
34.179688 256.347656
34.179688 253.90625
34.179688 251.464844
34.179688 249.023438
34.179688 246.582031
34.179688 244.140625
34.179688 241.699219
34.179688 239.257813
34.179688 236.816406
34.179688 234.375
34.179688 231.933594
34.179688 229.492188
34.179688 227.050781
36.621094 224.609375
36.621094 222.167969
36.621094 219.726563
36.621094 217.285156
36.621094 214.84375
36.621094 212.402344
36.621094 209.960938
39.0625 207.519531
39.0625 205.078125
39.0625 202.636719
39.0625 200.195313
39.0625 197.753906
41.503906 195.3125
41.503906 192.871094
41.503906 190.429688
41.503906 187.988281
41.503906 185.546875
41.503906 183.105469
43.945313 180.664063
43.945313 178.222656
43.945313 175.78125
46.386719 173.339844
48.828125 170.898438
48.828125 168.457031
51.269531 166.015625
53.710938 163.574219
56.152344 161.132813
58.59375 158.691406
58.59375 156.25
58.59375 153.808594
61.035156 151.367188
63.476563 148.925781
63.476563 146.484375
65.917969 144.042969
68.359375 144.042969
70.800781 141.601563
73.242188 141.601563
75.683594 139.160156
78.125 136.71875
80.566406 134.277344
83.007813 131.835938
85.449219 129.394531
87.890625 126.953125
90.332031 124.511719
90.332031 122.070313
92.773438 119.628906
92.773438 117.1875
95.214844 114.746094
95.214844 112.304688
97.65625 109.863281
100.097656 107.421875
102.539063 104.980469
104.980469 102.539063
104.980469 100.097656
107.421875 97.65625
109.863281 95.214844
112.304688 95.214844
114.746094 92.773438
117.1875 92.773438
119.628906 92.773438
122.070313 92.773438
124.511719 90.332031
126.953125 87.890625
129.394531 85.449219
131.835938 83.007813
134.277344 80.566406
136.71875 78.125
139.160156 75.683594
141.601563 73.242188
144.042969 73.242188
146.484375 70.800781
146.484375 68.359375
148.925781 65.917969
148.925781 63.476563
148.925781 61.035156
151.367188 58.59375
153.808594 56.152344
153.808594 53.710938
156.25 51.269531
156.25 48.828125
158.691406 46.386719
158.691406 43.945313
161.132813 41.503906
161.132813 39.0625
163.574219 36.621094
163.574219 34.179688
166.015625 31.738281
166.015625 29.296875
168.457031 26.855469
170.898438 24.414063
170.898438 21.972656
173.339844 19.53125
173.339844 17.089844
175.78125 14.648438
178.222656 12.207031
178.222656 9.765625
