9.765625 100.097656
12.207031 97.65625
14.648438 95.214844
17.089844 92.773438
19.53125 90.332031
21.972656 87.890625
24.414063 85.449219
26.855469 83.007813
29.296875 83.007813
31.738281 80.566406
34.179688 78.125
36.621094 75.683594
39.0625 73.242188
41.503906 73.242188
43.945313 70.800781
46.386719 68.359375
48.828125 68.359375
51.269531 68.359375
53.710938 65.917969
56.152344 65.917969
58.59375 63.476563
61.035156 61.035156
63.476563 58.59375
65.917969 56.152344
68.359375 56.152344
70.800781 53.710938
73.242188 51.269531
75.683594 48.828125
78.125 48.828125
80.566406 46.386719
83.007813 43.945313
85.449219 41.503906
87.890625 39.0625
90.332031 39.0625
92.773438 36.621094
95.214844 34.179688
97.65625 31.738281
97.65625 29.296875
100.097656 26.855469
102.539063 24.414063
102.539063 21.972656
102.539063 19.53125
104.980469 17.089844
107.421875 14.648438
109.863281 12.207031
109.863281 9.765625
