144.042969 219.726563
144.042969 217.285156
141.601563 214.84375
141.601563 212.402344
141.601563 209.960938
139.160156 207.519531
139.160156 205.078125
139.160156 202.636719
136.71875 200.195313
136.71875 197.753906
136.71875 195.3125
136.71875 192.871094
134.277344 190.429688
134.277344 187.988281
134.277344 185.546875
134.277344 183.105469
134.277344 180.664063
134.277344 178.222656
134.277344 175.78125
134.277344 173.339844
134.277344 170.898438
134.277344 168.457031
134.277344 166.015625
131.835938 163.574219
131.835938 161.132813
131.835938 158.691406
129.394531 156.25
129.394531 153.808594
129.394531 151.367188
129.394531 148.925781
129.394531 146.484375
129.394531 144.042969
129.394531 141.601563
129.394531 139.160156
129.394531 136.71875
126.953125 134.277344
129.394531 131.835938
129.394531 129.394531
129.394531 126.953125
126.953125 124.511719
126.953125 122.070313
126.953125 119.628906
129.394531 117.1875
129.394531 114.746094
129.394531 112.304688
129.394531 109.863281
131.835938 107.421875
131.835938 104.980469
134.277344 102.539063
134.277344 100.097656
136.71875 97.65625
139.160156 95.214844
139.160156 92.773438
141.601563 90.332031
141.601563 87.890625
144.042969 85.449219
144.042969 83.007813
146.484375 80.566406
146.484375 78.125
148.925781 75.683594
151.367188 73.242188
151.367188 70.800781
151.367188 68.359375
151.367188 65.917969
148.925781 63.476563
146.484375 63.476563
144.042969 61.035156
141.601563 61.035156
139.160156 58.59375
136.71875 58.59375
134.277344 56.152344
131.835938 56.152344
129.394531 53.710938
126.953125 53.710938
124.511719 53.710938
122.070313 51.269531
119.628906 51.269531
117.1875 51.269531
114.746094 51.269531
112.304688 48.828125
109.863281 46.386719
107.421875 46.386719
104.980469 46.386719
102.539063 46.386719
100.097656 46.386719
97.65625 43.945313
95.214844 43.945313
92.773438 43.945313
90.332031 41.503906
87.890625 41.503906
85.449219 41.503906
83.007813 39.0625
80.566406 39.0625
78.125 36.621094
75.683594 36.621094
73.242188 34.179688
70.800781 31.738281
68.359375 31.738281
65.917969 29.296875
63.476563 29.296875
61.035156 29.296875
58.59375 29.296875
56.152344 29.296875
53.710938 26.855469
51.269531 26.855469
48.828125 24.414063
46.386719 24.414063
43.945313 24.414063
41.503906 21.972656
39.0625 21.972656
36.621094 19.53125
34.179688 19.53125
31.738281 19.53125
29.296875 17.089844
26.855469 17.089844
24.414063 17.089844
21.972656 17.089844
19.53125 14.648438
17.089844 14.648438
