9.765625 205.078125
9.765625 202.636719
9.765625 200.195313
9.765625 197.753906
12.207031 195.3125
12.207031 192.871094
14.648438 190.429688
14.648438 187.988281
14.648438 185.546875
14.648438 183.105469
17.089844 180.664063
17.089844 178.222656
19.53125 175.78125
19.53125 173.339844
21.972656 170.898438
21.972656 168.457031
21.972656 166.015625
21.972656 163.574219
24.414063 161.132813
24.414063 158.691406
24.414063 156.25
26.855469 153.808594
29.296875 151.367188
31.738281 148.925781
34.179688 146.484375
34.179688 144.042969
36.621094 141.601563
39.0625 139.160156
41.503906 136.71875
41.503906 134.277344
43.945313 131.835938
46.386719 129.394531
46.386719 126.953125
48.828125 124.511719
51.269531 122.070313
53.710938 119.628906
56.152344 117.1875
58.59375 114.746094
61.035156 112.304688
63.476563 109.863281
65.917969 107.421875
68.359375 104.980469
70.800781 102.539063
70.800781 100.097656
73.242188 97.65625
75.683594 95.214844
75.683594 92.773438
78.125 90.332031
78.125 87.890625
80.566406 85.449219
83.007813 83.007813
83.007813 80.566406
85.449219 78.125
85.449219 75.683594
87.890625 73.242188
87.890625 70.800781
90.332031 68.359375
90.332031 65.917969
92.773438 63.476563
95.214844 61.035156
97.65625 58.59375
100.097656 56.152344
100.097656 53.710938
102.539063 51.269531
104.980469 48.828125
104.980469 46.386719
107.421875 43.945313
107.421875 41.503906
109.863281 39.0625
112.304688 36.621094
112.304688 34.179688
114.746094 31.738281
114.746094 29.296875
117.1875 26.855469
119.628906 24.414063
119.628906 21.972656
122.070313 19.53125
122.070313 17.089844
124.511719 14.648438
124.511719 12.207031
