19.53125 85.449219
21.972656 83.007813
24.414063 83.007813
26.855469 83.007813
29.296875 80.566406
31.738281 80.566406
34.179688 80.566406
36.621094 78.125
39.0625 78.125
41.503906 78.125
43.945313 78.125
46.386719 75.683594
48.828125 75.683594
51.269531 75.683594
53.710938 73.242188
56.152344 73.242188
58.59375 73.242188
61.035156 70.800781
63.476563 70.800781
65.917969 68.359375
68.359375 65.917969
70.800781 65.917969
73.242188 65.917969
75.683594 63.476563
78.125 63.476563
80.566406 61.035156
83.007813 61.035156
85.449219 58.59375
87.890625 58.59375
90.332031 56.152344
92.773438 56.152344
95.214844 53.710938
97.65625 53.710938
100.097656 51.269531
102.539063 48.828125
104.980469 48.828125
107.421875 48.828125
109.863281 46.386719
112.304688 46.386719
114.746094 46.386719
117.1875 43.945313
119.628906 43.945313
122.070313 41.503906
124.511719 41.503906
126.953125 39.0625
129.394531 39.0625
131.835938 36.621094
134.277344 36.621094
136.71875 34.179688
139.160156 34.179688
141.601563 34.179688
144.042969 34.179688
146.484375 31.738281
148.925781 31.738281
151.367188 29.296875
153.808594 26.855469
156.25 24.414063
158.691406 24.414063
161.132813 24.414063
163.574219 21.972656
166.015625 21.972656
168.457031 21.972656
170.898438 21.972656
173.339844 21.972656
175.78125 21.972656
178.222656 21.972656
180.664063 21.972656
183.105469 21.972656
185.546875 21.972656
187.988281 21.972656
190.429688 21.972656
192.871094 21.972656
195.3125 21.972656
197.753906 21.972656
200.195313 21.972656
202.636719 21.972656
205.078125 21.972656
207.519531 21.972656
209.960938 24.414063
212.402344 21.972656
214.84375 21.972656
217.285156 21.972656
219.726563 24.414063
