9.765625 90.332031
9.765625 87.890625
9.765625 85.449219
12.207031 83.007813
12.207031 80.566406
14.648438 78.125
14.648438 75.683594
17.089844 73.242188
17.089844 70.800781
19.53125 68.359375
21.972656 65.917969
24.414063 63.476563
26.855469 61.035156
29.296875 58.59375
31.738281 58.59375
34.179688 56.152344
36.621094 53.710938
39.0625 53.710938
41.503906 51.269531
43.945313 48.828125
46.386719 46.386719
48.828125 46.386719
51.269531 43.945313
53.710938 41.503906
56.152344 39.0625
58.59375 39.0625
61.035156 36.621094
63.476563 34.179688
65.917969 34.179688
68.359375 31.738281
70.800781 31.738281
73.242188 29.296875
75.683594 26.855469
78.125 24.414063
80.566406 21.972656
83.007813 19.53125
85.449219 17.089844
