14.648438 144.042969
14.648438 141.601563
17.089844 139.160156
17.089844 136.71875
17.089844 134.277344
14.648438 131.835938
14.648438 129.394531
14.648438 126.953125
14.648438 124.511719
14.648438 122.070313
14.648438 119.628906
14.648438 117.1875
14.648438 114.746094
14.648438 112.304688
14.648438 109.863281
14.648438 107.421875
14.648438 104.980469
17.089844 102.539063
17.089844 100.097656
17.089844 97.65625
17.089844 95.214844
19.53125 92.773438
19.53125 90.332031
19.53125 87.890625
19.53125 85.449219
19.53125 83.007813
21.972656 80.566406
21.972656 78.125
21.972656 75.683594
24.414063 73.242188
24.414063 70.800781
24.414063 68.359375
24.414063 65.917969
24.414063 63.476563
24.414063 61.035156
26.855469 58.59375
26.855469 56.152344
26.855469 53.710938
26.855469 51.269531
26.855469 48.828125
29.296875 46.386719
31.738281 43.945313
31.738281 41.503906
31.738281 39.0625
31.738281 36.621094
31.738281 34.179688
34.179688 31.738281
34.179688 29.296875
34.179688 26.855469
34.179688 24.414063
34.179688 21.972656
34.179688 19.53125
34.179688 17.089844
34.179688 14.648438
34.179688 12.207031
