141.601563 56.152344
139.160156 56.152344
136.71875 56.152344
134.277344 56.152344
131.835938 56.152344
129.394531 56.152344
126.953125 56.152344
124.511719 56.152344
122.070313 53.710938
119.628906 53.710938
117.1875 51.269531
114.746094 48.828125
112.304688 48.828125
109.863281 48.828125
107.421875 46.386719
104.980469 46.386719
102.539063 43.945313
100.097656 43.945313
97.65625 41.503906
95.214844 41.503906
92.773438 39.0625
90.332031 36.621094
87.890625 36.621094
85.449219 36.621094
83.007813 34.179688
80.566406 34.179688
78.125 31.738281
75.683594 31.738281
73.242188 31.738281
70.800781 31.738281
68.359375 31.738281
65.917969 29.296875
63.476563 29.296875
61.035156 26.855469
58.59375 26.855469
56.152344 26.855469
53.710938 24.414063
51.269531 24.414063
48.828125 24.414063
46.386719 24.414063
43.945313 24.414063
41.503906 24.414063
39.0625 24.414063
36.621094 21.972656
34.179688 21.972656
31.738281 19.53125
29.296875 19.53125
26.855469 19.53125
24.414063 17.089844
21.972656 17.089844
19.53125 17.089844
17.089844 14.648438
14.648438 12.207031
12.207031 12.207031
