214.84375 212.402344
214.84375 209.960938
217.285156 207.519531
217.285156 205.078125
217.285156 202.636719
217.285156 200.195313
217.285156 197.753906
217.285156 195.3125
214.84375 192.871094
214.84375 190.429688
214.84375 187.988281
212.402344 185.546875
212.402344 183.105469
212.402344 180.664063
212.402344 178.222656
209.960938 175.78125
209.960938 173.339844
207.519531 170.898438
207.519531 168.457031
205.078125 166.015625
205.078125 163.574219
205.078125 161.132813
205.078125 158.691406
202.636719 156.25
202.636719 153.808594
202.636719 151.367188
202.636719 148.925781
202.636719 146.484375
202.636719 144.042969
200.195313 141.601563
200.195313 139.160156
197.753906 136.71875
197.753906 134.277344
195.3125 131.835938
195.3125 129.394531
192.871094 126.953125
192.871094 124.511719
192.871094 122.070313
190.429688 119.628906
187.988281 117.1875
185.546875 114.746094
183.105469 112.304688
180.664063 109.863281
178.222656 107.421875
175.78125 104.980469
173.339844 102.539063
170.898438 100.097656
168.457031 97.65625
166.015625 95.214844
163.574219 95.214844
161.132813 92.773438
158.691406 90.332031
156.25 87.890625
153.808594 85.449219
151.367188 85.449219
148.925781 83.007813
146.484375 80.566406
144.042969 78.125
141.601563 78.125
139.160156 75.683594
136.71875 73.242188
134.277344 73.242188
131.835938 70.800781
129.394531 70.800781
126.953125 68.359375
124.511719 68.359375
122.070313 65.917969
119.628906 65.917969
117.1875 65.917969
114.746094 65.917969
112.304688 65.917969
109.863281 65.917969
107.421875 65.917969
104.980469 65.917969
102.539063 63.476563
100.097656 63.476563
97.65625 61.035156
95.214844 61.035156
92.773438 61.035156
90.332031 58.59375
87.890625 58.59375
85.449219 58.59375
83.007813 56.152344
80.566406 56.152344
78.125 58.59375
78.125 61.035156
78.125 63.476563
78.125 65.917969
78.125 68.359375
78.125 70.800781
75.683594 73.242188
75.683594 75.683594
73.242188 78.125
73.242188 80.566406
70.800781 83.007813
70.800781 85.449219
70.800781 87.890625
70.800781 90.332031
68.359375 92.773438
68.359375 95.214844
68.359375 97.65625
68.359375 100.097656
68.359375 102.539063
68.359375 104.980469
68.359375 107.421875
68.359375 109.863281
68.359375 112.304688
68.359375 114.746094
68.359375 117.1875
68.359375 119.628906
68.359375 122.070313
68.359375 124.511719
68.359375 126.953125
68.359375 129.394531
65.917969 131.835938
65.917969 134.277344
65.917969 136.71875
65.917969 139.160156
63.476563 141.601563
63.476563 144.042969
63.476563 146.484375
63.476563 148.925781
