36.621094 200.195313
36.621094 197.753906
36.621094 195.3125
36.621094 192.871094
36.621094 190.429688
39.0625 187.988281
39.0625 185.546875
41.503906 183.105469
39.0625 180.664063
39.0625 178.222656
39.0625 175.78125
39.0625 173.339844
39.0625 170.898438
39.0625 168.457031
39.0625 166.015625
39.0625 163.574219
39.0625 161.132813
39.0625 158.691406
39.0625 156.25
39.0625 153.808594
39.0625 151.367188
39.0625 148.925781
39.0625 146.484375
39.0625 144.042969
39.0625 141.601563
39.0625 139.160156
39.0625 136.71875
39.0625 134.277344
39.0625 131.835938
39.0625 129.394531
39.0625 126.953125
39.0625 124.511719
39.0625 122.070313
39.0625 119.628906
39.0625 117.1875
39.0625 114.746094
39.0625 112.304688
39.0625 109.863281
39.0625 107.421875
39.0625 104.980469
39.0625 102.539063
39.0625 100.097656
39.0625 97.65625
39.0625 95.214844
36.621094 92.773438
36.621094 90.332031
36.621094 87.890625
36.621094 85.449219
36.621094 83.007813
36.621094 80.566406
36.621094 78.125
36.621094 75.683594
36.621094 73.242188
36.621094 70.800781
36.621094 68.359375
36.621094 65.917969
36.621094 63.476563
36.621094 61.035156
36.621094 58.59375
36.621094 56.152344
36.621094 53.710938
34.179688 51.269531
34.179688 48.828125
34.179688 46.386719
31.738281 43.945313
31.738281 41.503906
29.296875 39.0625
29.296875 36.621094
26.855469 34.179688
26.855469 31.738281
26.855469 29.296875
24.414063 26.855469
24.414063 24.414063
24.414063 21.972656
21.972656 19.53125
19.53125 17.089844
17.089844 17.089844
