31.738281 100.097656
31.738281 97.65625
29.296875 95.214844
29.296875 92.773438
29.296875 90.332031
26.855469 87.890625
26.855469 85.449219
26.855469 83.007813
26.855469 80.566406
24.414063 78.125
24.414063 75.683594
24.414063 73.242188
24.414063 70.800781
21.972656 68.359375
21.972656 65.917969
21.972656 63.476563
21.972656 61.035156
21.972656 58.59375
21.972656 56.152344
21.972656 53.710938
24.414063 51.269531
24.414063 48.828125
24.414063 46.386719
21.972656 43.945313
21.972656 41.503906
24.414063 39.0625
21.972656 36.621094
21.972656 34.179688
21.972656 31.738281
21.972656 29.296875
21.972656 26.855469
19.53125 24.414063
19.53125 21.972656
19.53125 19.53125
19.53125 17.089844
