104.980469 73.242188
102.539063 73.242188
100.097656 70.800781
97.65625 70.800781
95.214844 68.359375
92.773438 68.359375
90.332031 65.917969
87.890625 65.917969
85.449219 63.476563
83.007813 63.476563
80.566406 61.035156
78.125 58.59375
75.683594 58.59375
73.242188 58.59375
70.800781 56.152344
68.359375 56.152344
65.917969 56.152344
63.476563 53.710938
61.035156 51.269531
58.59375 48.828125
56.152344 46.386719
53.710938 43.945313
51.269531 41.503906
48.828125 39.0625
46.386719 36.621094
43.945313 34.179688
41.503906 31.738281
39.0625 29.296875
36.621094 29.296875
34.179688 26.855469
31.738281 24.414063
29.296875 24.414063
26.855469 21.972656
24.414063 19.53125
21.972656 19.53125
19.53125 19.53125
17.089844 17.089844
14.648438 14.648438
14.648438 12.207031
