17.089844 73.242188
17.089844 70.800781
19.53125 68.359375
21.972656 65.917969
21.972656 63.476563
24.414063 61.035156
24.414063 58.59375
26.855469 56.152344
29.296875 53.710938
31.738281 53.710938
34.179688 51.269531
36.621094 48.828125
39.0625 48.828125
41.503906 46.386719
43.945313 43.945313
46.386719 41.503906
48.828125 39.0625
51.269531 36.621094
53.710938 34.179688
56.152344 31.738281
58.59375 29.296875
61.035156 29.296875
63.476563 26.855469
65.917969 26.855469
68.359375 24.414063
70.800781 24.414063
73.242188 21.972656
75.683594 21.972656
78.125 19.53125
80.566406 19.53125
83.007813 19.53125
85.449219 17.089844
87.890625 17.089844
