114.746094 51.269531
112.304688 51.269531
109.863281 48.828125
107.421875 48.828125
104.980469 46.386719
102.539063 46.386719
100.097656 46.386719
97.65625 43.945313
95.214844 43.945313
92.773438 41.503906
90.332031 41.503906
87.890625 41.503906
85.449219 39.0625
83.007813 39.0625
80.566406 39.0625
78.125 39.0625
75.683594 39.0625
73.242188 36.621094
70.800781 36.621094
68.359375 36.621094
65.917969 34.179688
63.476563 34.179688
61.035156 34.179688
58.59375 31.738281
56.152344 31.738281
53.710938 31.738281
51.269531 29.296875
48.828125 29.296875
46.386719 26.855469
43.945313 26.855469
41.503906 24.414063
39.0625 24.414063
36.621094 24.414063
34.179688 24.414063
31.738281 21.972656
29.296875 21.972656
26.855469 21.972656
24.414063 19.53125
21.972656 19.53125
19.53125 19.53125
