12.207031 151.367188
14.648438 148.925781
17.089844 148.925781
19.53125 146.484375
21.972656 144.042969
24.414063 141.601563
26.855469 139.160156
29.296875 136.71875
31.738281 134.277344
34.179688 131.835938
36.621094 129.394531
39.0625 129.394531
41.503906 126.953125
43.945313 124.511719
46.386719 122.070313
48.828125 122.070313
51.269531 119.628906
53.710938 117.1875
56.152344 114.746094
58.59375 112.304688
61.035156 109.863281
63.476563 107.421875
65.917969 104.980469
68.359375 104.980469
70.800781 102.539063
73.242188 100.097656
75.683594 100.097656
78.125 100.097656
80.566406 100.097656
83.007813 97.65625
85.449219 97.65625
87.890625 95.214844
90.332031 92.773438
92.773438 90.332031
95.214844 87.890625
97.65625 85.449219
100.097656 83.007813
102.539063 83.007813
104.980469 80.566406
107.421875 78.125
109.863281 78.125
112.304688 75.683594
114.746094 73.242188
117.1875 70.800781
119.628906 70.800781
122.070313 68.359375
122.070313 65.917969
124.511719 63.476563
126.953125 61.035156
129.394531 61.035156
131.835938 58.59375
134.277344 58.59375
136.71875 56.152344
139.160156 53.710938
141.601563 51.269531
144.042969 48.828125
146.484375 46.386719
148.925781 43.945313
151.367188 41.503906
153.808594 39.0625
156.25 36.621094
158.691406 34.179688
161.132813 34.179688
163.574219 34.179688
166.015625 31.738281
168.457031 29.296875
170.898438 29.296875
173.339844 29.296875
175.78125 29.296875
178.222656 26.855469
180.664063 26.855469
183.105469 24.414063
185.546875 21.972656
185.546875 19.53125
187.988281 17.089844
190.429688 14.648438
190.429688 12.207031
