7.324219 75.683594
9.765625 73.242188
12.207031 73.242188
14.648438 73.242188
17.089844 70.800781
19.53125 68.359375
21.972656 68.359375
24.414063 65.917969
26.855469 63.476563
29.296875 61.035156
31.738281 58.59375
31.738281 56.152344
34.179688 53.710938
36.621094 51.269531
39.0625 48.828125
39.0625 46.386719
41.503906 43.945313
43.945313 43.945313
46.386719 41.503906
48.828125 39.0625
51.269531 36.621094
53.710938 36.621094
56.152344 34.179688
58.59375 34.179688
61.035156 31.738281
63.476563 29.296875
65.917969 26.855469
68.359375 24.414063
70.800781 21.972656
73.242188 19.53125
