51.269531 163.574219
51.269531 161.132813
51.269531 158.691406
51.269531 156.25
51.269531 153.808594
51.269531 151.367188
48.828125 148.925781
48.828125 146.484375
46.386719 144.042969
46.386719 141.601563
43.945313 139.160156
43.945313 136.71875
43.945313 134.277344
41.503906 131.835938
41.503906 129.394531
39.0625 126.953125
39.0625 124.511719
36.621094 122.070313
36.621094 119.628906
36.621094 117.1875
36.621094 114.746094
34.179688 112.304688
34.179688 109.863281
34.179688 107.421875
34.179688 104.980469
34.179688 102.539063
34.179688 100.097656
34.179688 97.65625
34.179688 95.214844
34.179688 92.773438
31.738281 90.332031
31.738281 87.890625
31.738281 85.449219
31.738281 83.007813
29.296875 80.566406
29.296875 78.125
29.296875 75.683594
26.855469 73.242188
26.855469 70.800781
24.414063 68.359375
24.414063 65.917969
24.414063 63.476563
21.972656 61.035156
21.972656 58.59375
21.972656 56.152344
19.53125 53.710938
19.53125 51.269531
19.53125 48.828125
17.089844 46.386719
17.089844 43.945313
17.089844 41.503906
17.089844 39.0625
17.089844 36.621094
17.089844 34.179688
17.089844 31.738281
14.648438 29.296875
14.648438 26.855469
14.648438 24.414063
14.648438 21.972656
14.648438 19.53125
14.648438 17.089844
12.207031 14.648438
12.207031 12.207031
12.207031 9.765625
