253.90625 39.0625
251.464844 39.0625
249.023438 39.0625
246.582031 41.503906
244.140625 41.503906
241.699219 41.503906
239.257813 41.503906
236.816406 41.503906
234.375 41.503906
231.933594 41.503906
229.492188 41.503906
227.050781 41.503906
224.609375 41.503906
222.167969 41.503906
219.726563 41.503906
217.285156 41.503906
214.84375 43.945313
212.402344 43.945313
209.960938 43.945313
207.519531 43.945313
205.078125 43.945313
202.636719 43.945313
200.195313 46.386719
197.753906 46.386719
195.3125 46.386719
192.871094 46.386719
190.429688 46.386719
187.988281 46.386719
185.546875 46.386719
183.105469 46.386719
180.664063 48.828125
178.222656 48.828125
175.78125 48.828125
173.339844 48.828125
170.898438 48.828125
168.457031 48.828125
166.015625 48.828125
163.574219 48.828125
161.132813 48.828125
158.691406 48.828125
156.25 48.828125
153.808594 48.828125
151.367188 48.828125
148.925781 48.828125
146.484375 51.269531
144.042969 51.269531
141.601563 48.828125
139.160156 51.269531
136.71875 51.269531
134.277344 48.828125
131.835938 48.828125
129.394531 48.828125
126.953125 48.828125
124.511719 48.828125
122.070313 48.828125
119.628906 46.386719
117.1875 46.386719
114.746094 46.386719
112.304688 46.386719
109.863281 46.386719
107.421875 43.945313
104.980469 43.945313
102.539063 43.945313
100.097656 43.945313
97.65625 41.503906
95.214844 41.503906
92.773438 41.503906
90.332031 41.503906
87.890625 41.503906
85.449219 41.503906
83.007813 41.503906
80.566406 39.0625
78.125 39.0625
75.683594 39.0625
73.242188 39.0625
70.800781 36.621094
68.359375 36.621094
65.917969 36.621094
63.476563 34.179688
61.035156 34.179688
58.59375 34.179688
56.152344 31.738281
53.710938 29.296875
51.269531 29.296875
48.828125 29.296875
46.386719 26.855469
43.945313 26.855469
41.503906 24.414063
39.0625 24.414063
36.621094 24.414063
34.179688 24.414063
31.738281 21.972656
29.296875 21.972656
26.855469 21.972656
24.414063 21.972656
21.972656 19.53125
19.53125 19.53125
17.089844 17.089844
17.089844 14.648438
