134.277344 58.59375
134.277344 56.152344
131.835938 53.710938
129.394531 51.269531
126.953125 51.269531
124.511719 51.269531
122.070313 48.828125
119.628906 48.828125
117.1875 48.828125
114.746094 46.386719
112.304688 46.386719
109.863281 43.945313
107.421875 43.945313
104.980469 43.945313
102.539063 41.503906
100.097656 39.0625
97.65625 39.0625
95.214844 36.621094
92.773438 36.621094
90.332031 36.621094
87.890625 34.179688
85.449219 34.179688
83.007813 34.179688
80.566406 31.738281
78.125 31.738281
75.683594 29.296875
73.242188 29.296875
70.800781 29.296875
68.359375 29.296875
65.917969 26.855469
63.476563 26.855469
61.035156 26.855469
58.59375 26.855469
56.152344 26.855469
53.710938 26.855469
51.269531 24.414063
48.828125 24.414063
46.386719 24.414063
43.945313 21.972656
41.503906 21.972656
39.0625 19.53125
36.621094 19.53125
34.179688 19.53125
31.738281 17.089844
29.296875 17.089844
26.855469 17.089844
24.414063 17.089844
21.972656 14.648438
19.53125 14.648438
17.089844 14.648438
