87.890625 70.800781
85.449219 73.242188
83.007813 75.683594
80.566406 75.683594
78.125 78.125
75.683594 80.566406
73.242188 83.007813
70.800781 83.007813
68.359375 85.449219
65.917969 85.449219
63.476563 85.449219
61.035156 87.890625
58.59375 87.890625
56.152344 85.449219
53.710938 83.007813
51.269531 80.566406
48.828125 78.125
46.386719 75.683594
43.945313 73.242188
41.503906 70.800781
39.0625 68.359375
36.621094 65.917969
36.621094 63.476563
39.0625 61.035156
41.503906 58.59375
43.945313 56.152344
46.386719 53.710938
48.828125 51.269531
51.269531 48.828125
53.710938 46.386719
56.152344 46.386719
58.59375 43.945313
61.035156 41.503906
63.476563 41.503906
65.917969 39.0625
68.359375 39.0625
70.800781 36.621094
73.242188 36.621094
75.683594 34.179688
78.125 31.738281
80.566406 29.296875
83.007813 26.855469
85.449219 24.414063
87.890625 21.972656
90.332031 21.972656
92.773438 19.53125
95.214844 17.089844
97.65625 14.648438
