14.648438 24.414063
17.089844 24.414063
19.53125 24.414063
21.972656 24.414063
24.414063 24.414063
26.855469 24.414063
29.296875 24.414063
31.738281 24.414063
34.179688 24.414063
36.621094 21.972656
39.0625 21.972656
41.503906 21.972656
43.945313 21.972656
46.386719 21.972656
48.828125 21.972656
51.269531 21.972656
53.710938 21.972656
56.152344 21.972656
58.59375 21.972656
61.035156 21.972656
63.476563 21.972656
65.917969 21.972656
68.359375 21.972656
70.800781 21.972656
73.242188 21.972656
75.683594 21.972656
78.125 21.972656
80.566406 21.972656
83.007813 21.972656
85.449219 19.53125
87.890625 19.53125
90.332031 19.53125
92.773438 19.53125
95.214844 17.089844
97.65625 17.089844
