9.765625 83.007813
9.765625 80.566406
9.765625 78.125
9.765625 75.683594
9.765625 73.242188
9.765625 70.800781
9.765625 68.359375
9.765625 65.917969
12.207031 63.476563
12.207031 61.035156
12.207031 58.59375
12.207031 56.152344
12.207031 53.710938
14.648438 51.269531
14.648438 48.828125
14.648438 46.386719
17.089844 43.945313
17.089844 41.503906
17.089844 39.0625
17.089844 36.621094
17.089844 34.179688
17.089844 31.738281
17.089844 29.296875
17.089844 26.855469
17.089844 24.414063
17.089844 21.972656
17.089844 19.53125
17.089844 17.089844
17.089844 14.648438
19.53125 12.207031
19.53125 9.765625
19.53125 7.324219
