12.207031 26.855469
14.648438 24.414063
17.089844 24.414063
19.53125 24.414063
21.972656 24.414063
24.414063 24.414063
26.855469 24.414063
29.296875 24.414063
31.738281 24.414063
34.179688 24.414063
36.621094 24.414063
39.0625 24.414063
41.503906 26.855469
43.945313 26.855469
46.386719 26.855469
48.828125 26.855469
51.269531 26.855469
53.710938 24.414063
56.152344 24.414063
58.59375 24.414063
61.035156 24.414063
63.476563 24.414063
65.917969 24.414063
68.359375 24.414063
70.800781 24.414063
73.242188 24.414063
75.683594 24.414063
78.125 24.414063
80.566406 24.414063
83.007813 21.972656
85.449219 21.972656
87.890625 21.972656
90.332031 21.972656
92.773438 19.53125
95.214844 19.53125
97.65625 19.53125
100.097656 17.089844
102.539063 17.089844
104.980469 17.089844
107.421875 17.089844
109.863281 14.648438
