12.207031 83.007813
14.648438 80.566406
17.089844 78.125
19.53125 78.125
21.972656 78.125
24.414063 75.683594
26.855469 73.242188
29.296875 73.242188
31.738281 70.800781
34.179688 70.800781
36.621094 68.359375
39.0625 65.917969
41.503906 65.917969
43.945313 63.476563
43.945313 61.035156
43.945313 58.59375
46.386719 56.152344
48.828125 53.710938
51.269531 51.269531
53.710938 51.269531
56.152344 48.828125
58.59375 48.828125
61.035156 46.386719
63.476563 43.945313
65.917969 41.503906
68.359375 39.0625
70.800781 36.621094
73.242188 34.179688
73.242188 31.738281
75.683594 29.296875
75.683594 26.855469
78.125 24.414063
78.125 21.972656
78.125 19.53125
80.566406 17.089844
80.566406 14.648438
80.566406 12.207031
