7.324219 219.726563
7.324219 217.285156
7.324219 214.84375
7.324219 212.402344
9.765625 209.960938
9.765625 207.519531
12.207031 205.078125
14.648438 202.636719
14.648438 200.195313
17.089844 197.753906
19.53125 195.3125
21.972656 192.871094
21.972656 190.429688
24.414063 187.988281
26.855469 185.546875
29.296875 183.105469
31.738281 180.664063
34.179688 178.222656
34.179688 175.78125
36.621094 173.339844
39.0625 170.898438
39.0625 168.457031
41.503906 166.015625
43.945313 163.574219
46.386719 161.132813
46.386719 158.691406
46.386719 156.25
48.828125 153.808594
48.828125 151.367188
48.828125 148.925781
48.828125 146.484375
51.269531 144.042969
51.269531 141.601563
53.710938 139.160156
53.710938 136.71875
56.152344 134.277344
56.152344 131.835938
58.59375 129.394531
58.59375 126.953125
58.59375 124.511719
61.035156 122.070313
61.035156 119.628906
63.476563 117.1875
63.476563 114.746094
63.476563 112.304688
65.917969 109.863281
65.917969 107.421875
68.359375 104.980469
68.359375 102.539063
70.800781 100.097656
70.800781 97.65625
70.800781 95.214844
73.242188 92.773438
73.242188 90.332031
75.683594 87.890625
75.683594 85.449219
78.125 83.007813
78.125 80.566406
78.125 78.125
80.566406 75.683594
83.007813 73.242188
83.007813 70.800781
85.449219 68.359375
85.449219 65.917969
87.890625 63.476563
87.890625 61.035156
90.332031 58.59375
90.332031 56.152344
92.773438 53.710938
92.773438 51.269531
95.214844 48.828125
95.214844 46.386719
97.65625 43.945313
97.65625 41.503906
100.097656 39.0625
102.539063 36.621094
102.539063 34.179688
102.539063 31.738281
100.097656 29.296875
100.097656 26.855469
102.539063 24.414063
102.539063 21.972656
100.097656 19.53125
