100.097656 78.125
97.65625 78.125
95.214844 75.683594
95.214844 73.242188
92.773438 70.800781
90.332031 68.359375
87.890625 68.359375
85.449219 65.917969
83.007813 63.476563
80.566406 61.035156
78.125 61.035156
75.683594 58.59375
73.242188 56.152344
70.800781 53.710938
68.359375 53.710938
65.917969 51.269531
63.476563 48.828125
61.035156 48.828125
58.59375 46.386719
56.152344 43.945313
53.710938 43.945313
51.269531 41.503906
48.828125 39.0625
46.386719 36.621094
43.945313 36.621094
41.503906 34.179688
39.0625 31.738281
36.621094 29.296875
34.179688 26.855469
31.738281 24.414063
29.296875 24.414063
26.855469 21.972656
24.414063 19.53125
21.972656 17.089844
19.53125 17.089844
17.089844 14.648438
14.648438 12.207031
12.207031 12.207031
