7.324219 61.035156
7.324219 58.59375
9.765625 56.152344
12.207031 53.710938
14.648438 51.269531
17.089844 48.828125
19.53125 46.386719
21.972656 43.945313
24.414063 41.503906
26.855469 39.0625
29.296875 39.0625
31.738281 36.621094
34.179688 34.179688
36.621094 31.738281
39.0625 29.296875
41.503906 29.296875
43.945313 26.855469
46.386719 24.414063
48.828125 21.972656
51.269531 21.972656
53.710938 19.53125
56.152344 17.089844
58.59375 14.648438
61.035156 12.207031
63.476563 12.207031
65.917969 9.765625
