7.324219 136.71875
7.324219 134.277344
7.324219 131.835938
9.765625 129.394531
9.765625 126.953125
9.765625 124.511719
9.765625 122.070313
12.207031 119.628906
12.207031 117.1875
12.207031 114.746094
12.207031 112.304688
14.648438 109.863281
14.648438 107.421875
14.648438 104.980469
14.648438 102.539063
17.089844 100.097656
17.089844 97.65625
17.089844 95.214844
19.53125 92.773438
19.53125 90.332031
21.972656 87.890625
21.972656 85.449219
21.972656 83.007813
24.414063 80.566406
24.414063 78.125
26.855469 75.683594
29.296875 73.242188
29.296875 70.800781
31.738281 68.359375
34.179688 65.917969
34.179688 63.476563
36.621094 61.035156
39.0625 58.59375
39.0625 56.152344
41.503906 53.710938
43.945313 51.269531
43.945313 48.828125
46.386719 46.386719
46.386719 43.945313
48.828125 41.503906
48.828125 39.0625
51.269531 36.621094
51.269531 34.179688
53.710938 31.738281
53.710938 29.296875
53.710938 26.855469
56.152344 24.414063
56.152344 21.972656
56.152344 19.53125
56.152344 17.089844
58.59375 14.648438
58.59375 12.207031
58.59375 9.765625
