9.765625 61.035156
9.765625 58.59375
12.207031 56.152344
14.648438 53.710938
17.089844 51.269531
19.53125 48.828125
21.972656 46.386719
24.414063 43.945313
26.855469 43.945313
29.296875 41.503906
31.738281 39.0625
34.179688 36.621094
36.621094 34.179688
39.0625 34.179688
41.503906 31.738281
43.945313 31.738281
46.386719 29.296875
48.828125 26.855469
51.269531 26.855469
53.710938 24.414063
56.152344 21.972656
56.152344 19.53125
58.59375 17.089844
61.035156 14.648438
63.476563 14.648438
65.917969 12.207031
68.359375 9.765625
70.800781 7.324219
73.242188 4.882813
