7.324219 107.421875
7.324219 104.980469
9.765625 102.539063
9.765625 100.097656
12.207031 97.65625
12.207031 95.214844
14.648438 92.773438
14.648438 90.332031
17.089844 87.890625
17.089844 85.449219
19.53125 83.007813
19.53125 80.566406
21.972656 78.125
21.972656 75.683594
21.972656 73.242188
24.414063 70.800781
24.414063 68.359375
26.855469 65.917969
26.855469 63.476563
26.855469 61.035156
26.855469 58.59375
26.855469 56.152344
29.296875 53.710938
29.296875 51.269531
29.296875 48.828125
31.738281 46.386719
31.738281 43.945313
34.179688 41.503906
34.179688 39.0625
34.179688 36.621094
36.621094 34.179688
36.621094 31.738281
36.621094 29.296875
39.0625 26.855469
39.0625 24.414063
39.0625 21.972656
39.0625 19.53125
41.503906 17.089844
39.0625 14.648438
41.503906 12.207031
41.503906 9.765625
41.503906 7.324219
