14.648438 205.078125
14.648438 202.636719
12.207031 200.195313
12.207031 197.753906
12.207031 195.3125
12.207031 192.871094
12.207031 190.429688
12.207031 187.988281
12.207031 185.546875
12.207031 183.105469
12.207031 180.664063
12.207031 178.222656
12.207031 175.78125
12.207031 173.339844
12.207031 170.898438
12.207031 168.457031
12.207031 166.015625
14.648438 163.574219
14.648438 161.132813
14.648438 158.691406
14.648438 156.25
14.648438 153.808594
14.648438 151.367188
14.648438 148.925781
14.648438 146.484375
17.089844 144.042969
17.089844 141.601563
17.089844 139.160156
17.089844 136.71875
19.53125 134.277344
19.53125 131.835938
19.53125 129.394531
21.972656 126.953125
21.972656 124.511719
21.972656 122.070313
21.972656 119.628906
24.414063 117.1875
24.414063 114.746094
24.414063 112.304688
24.414063 109.863281
24.414063 107.421875
26.855469 104.980469
26.855469 102.539063
26.855469 100.097656
26.855469 97.65625
29.296875 95.214844
29.296875 92.773438
29.296875 90.332031
29.296875 87.890625
29.296875 85.449219
29.296875 83.007813
29.296875 80.566406
31.738281 78.125
31.738281 75.683594
31.738281 73.242188
31.738281 70.800781
31.738281 68.359375
31.738281 65.917969
31.738281 63.476563
34.179688 61.035156
34.179688 58.59375
34.179688 56.152344
34.179688 53.710938
34.179688 51.269531
34.179688 48.828125
34.179688 46.386719
34.179688 43.945313
31.738281 41.503906
31.738281 39.0625
31.738281 36.621094
31.738281 34.179688
31.738281 31.738281
31.738281 29.296875
31.738281 26.855469
31.738281 24.414063
31.738281 21.972656
31.738281 19.53125
31.738281 17.089844
34.179688 14.648438
34.179688 12.207031
31.738281 9.765625
