36.621094 70.800781
36.621094 68.359375
36.621094 65.917969
34.179688 63.476563
34.179688 61.035156
31.738281 58.59375
31.738281 56.152344
29.296875 53.710938
29.296875 51.269531
29.296875 48.828125
26.855469 46.386719
26.855469 43.945313
26.855469 41.503906
24.414063 39.0625
24.414063 36.621094
24.414063 34.179688
21.972656 31.738281
21.972656 29.296875
19.53125 26.855469
17.089844 24.414063
17.089844 21.972656
14.648438 19.53125
12.207031 17.089844
12.207031 14.648438
12.207031 12.207031
9.765625 9.765625
