4.882813 92.773438
7.324219 90.332031
9.765625 90.332031
12.207031 87.890625
14.648438 87.890625
17.089844 87.890625
19.53125 87.890625
21.972656 87.890625
24.414063 85.449219
26.855469 85.449219
29.296875 83.007813
31.738281 83.007813
34.179688 80.566406
36.621094 78.125
39.0625 75.683594
41.503906 75.683594
43.945313 73.242188
46.386719 70.800781
48.828125 68.359375
51.269531 65.917969
53.710938 65.917969
56.152344 65.917969
58.59375 65.917969
61.035156 63.476563
63.476563 63.476563
65.917969 61.035156
68.359375 61.035156
70.800781 58.59375
73.242188 58.59375
75.683594 56.152344
78.125 53.710938
80.566406 51.269531
83.007813 51.269531
85.449219 48.828125
87.890625 48.828125
90.332031 46.386719
92.773438 43.945313
95.214844 43.945313
97.65625 43.945313
100.097656 41.503906
102.539063 39.0625
104.980469 39.0625
107.421875 36.621094
109.863281 36.621094
112.304688 36.621094
114.746094 36.621094
117.1875 34.179688
119.628906 34.179688
122.070313 31.738281
124.511719 31.738281
126.953125 31.738281
129.394531 31.738281
131.835938 29.296875
134.277344 29.296875
136.71875 26.855469
139.160156 26.855469
141.601563 26.855469
144.042969 26.855469
146.484375 26.855469
148.925781 26.855469
151.367188 24.414063
153.808594 24.414063
156.25 24.414063
158.691406 21.972656
161.132813 21.972656
163.574219 21.972656
166.015625 19.53125
168.457031 19.53125
170.898438 17.089844
173.339844 17.089844
175.78125 14.648438
178.222656 14.648438
180.664063 14.648438
183.105469 12.207031
183.105469 9.765625
