14.648438 280.761719
14.648438 278.320313
17.089844 275.878906
19.53125 273.4375
21.972656 270.996094
21.972656 268.554688
24.414063 266.113281
24.414063 263.671875
26.855469 261.230469
26.855469 258.789063
29.296875 256.347656
31.738281 253.90625
31.738281 251.464844
34.179688 249.023438
36.621094 246.582031
36.621094 244.140625
39.0625 241.699219
39.0625 239.257813
41.503906 236.816406
43.945313 234.375
43.945313 231.933594
46.386719 229.492188
46.386719 227.050781
48.828125 224.609375
51.269531 222.167969
53.710938 219.726563
56.152344 217.285156
58.59375 214.84375
61.035156 212.402344
63.476563 209.960938
65.917969 207.519531
68.359375 205.078125
70.800781 202.636719
73.242188 200.195313
73.242188 197.753906
73.242188 195.3125
73.242188 192.871094
75.683594 190.429688
75.683594 187.988281
78.125 185.546875
78.125 183.105469
80.566406 180.664063
83.007813 178.222656
85.449219 175.78125
85.449219 173.339844
87.890625 170.898438
90.332031 168.457031
92.773438 166.015625
95.214844 163.574219
97.65625 161.132813
100.097656 158.691406
102.539063 156.25
104.980469 156.25
107.421875 153.808594
109.863281 151.367188
109.863281 148.925781
112.304688 146.484375
114.746094 144.042969
114.746094 141.601563
117.1875 139.160156
119.628906 136.71875
122.070313 134.277344
122.070313 131.835938
124.511719 129.394531
126.953125 126.953125
129.394531 124.511719
129.394531 122.070313
131.835938 119.628906
134.277344 117.1875
136.71875 114.746094
139.160156 112.304688
141.601563 109.863281
144.042969 107.421875
146.484375 104.980469
148.925781 102.539063
151.367188 100.097656
153.808594 97.65625
156.25 95.214844
158.691406 92.773438
161.132813 90.332031
163.574219 87.890625
166.015625 85.449219
168.457031 83.007813
170.898438 80.566406
173.339844 78.125
175.78125 75.683594
178.222656 73.242188
180.664063 70.800781
183.105469 68.359375
185.546875 68.359375
187.988281 65.917969
190.429688 63.476563
190.429688 61.035156
192.871094 58.59375
192.871094 56.152344
195.3125 53.710938
197.753906 51.269531
197.753906 48.828125
200.195313 46.386719
202.636719 43.945313
202.636719 41.503906
205.078125 39.0625
207.519531 36.621094
209.960938 34.179688
212.402344 31.738281
214.84375 31.738281
217.285156 29.296875
219.726563 26.855469
222.167969 26.855469
224.609375 24.414063
227.050781 21.972656
229.492188 19.53125
231.933594 17.089844
234.375 14.648438
