53.710938 95.214844
53.710938 92.773438
51.269531 90.332031
48.828125 87.890625
48.828125 85.449219
46.386719 83.007813
43.945313 80.566406
43.945313 78.125
41.503906 75.683594
41.503906 73.242188
41.503906 70.800781
39.0625 68.359375
39.0625 65.917969
36.621094 63.476563
36.621094 61.035156
34.179688 58.59375
34.179688 56.152344
34.179688 53.710938
31.738281 51.269531
31.738281 48.828125
29.296875 46.386719
29.296875 43.945313
26.855469 41.503906
26.855469 39.0625
24.414063 36.621094
24.414063 34.179688
21.972656 31.738281
19.53125 29.296875
19.53125 26.855469
19.53125 24.414063
17.089844 21.972656
14.648438 19.53125
12.207031 17.089844
12.207031 14.648438
9.765625 12.207031
9.765625 9.765625
9.765625 7.324219
