78.125 12.207031
75.683594 12.207031
73.242188 12.207031
70.800781 12.207031
68.359375 12.207031
65.917969 12.207031
63.476563 12.207031
61.035156 12.207031
58.59375 14.648438
56.152344 14.648438
53.710938 14.648438
51.269531 14.648438
48.828125 14.648438
46.386719 14.648438
43.945313 14.648438
41.503906 14.648438
39.0625 14.648438
36.621094 14.648438
34.179688 12.207031
31.738281 12.207031
29.296875 12.207031
26.855469 12.207031
24.414063 12.207031
21.972656 12.207031
19.53125 12.207031
17.089844 12.207031
14.648438 14.648438
12.207031 14.648438
