4.882813 63.476563
4.882813 61.035156
7.324219 58.59375
9.765625 56.152344
12.207031 53.710938
14.648438 51.269531
14.648438 48.828125
17.089844 46.386719
19.53125 43.945313
21.972656 43.945313
24.414063 41.503906
26.855469 39.0625
29.296875 36.621094
31.738281 34.179688
34.179688 31.738281
36.621094 29.296875
36.621094 26.855469
39.0625 24.414063
41.503906 21.972656
43.945313 19.53125
46.386719 17.089844
48.828125 14.648438
51.269531 12.207031
53.710938 9.765625
56.152344 7.324219
58.59375 7.324219
61.035156 4.882813
