7.324219 29.296875
9.765625 26.855469
12.207031 24.414063
14.648438 24.414063
17.089844 24.414063
19.53125 21.972656
21.972656 21.972656
24.414063 19.53125
26.855469 19.53125
29.296875 17.089844
31.738281 17.089844
34.179688 17.089844
36.621094 14.648438
39.0625 14.648438
41.503906 14.648438
43.945313 12.207031
46.386719 12.207031
48.828125 9.765625
51.269531 9.765625
53.710938 9.765625
56.152344 9.765625
58.59375 9.765625
61.035156 9.765625
63.476563 7.324219
65.917969 7.324219
68.359375 7.324219
70.800781 7.324219
73.242188 7.324219
75.683594 7.324219
78.125 7.324219
