21.972656 75.683594
21.972656 73.242188
24.414063 70.800781
26.855469 68.359375
29.296875 68.359375
31.738281 65.917969
34.179688 63.476563
34.179688 61.035156
36.621094 58.59375
39.0625 56.152344
39.0625 53.710938
41.503906 51.269531
43.945313 48.828125
43.945313 46.386719
46.386719 43.945313
48.828125 41.503906
48.828125 39.0625
51.269531 36.621094
51.269531 34.179688
51.269531 31.738281
53.710938 29.296875
56.152344 26.855469
56.152344 24.414063
56.152344 21.972656
58.59375 19.53125
58.59375 17.089844
61.035156 14.648438
61.035156 12.207031
