12.207031 336.914063
12.207031 334.472656
12.207031 332.03125
14.648438 329.589844
14.648438 327.148438
17.089844 324.707031
17.089844 322.265625
17.089844 319.824219
17.089844 317.382813
19.53125 314.941406
19.53125 312.5
21.972656 310.058594
21.972656 307.617188
24.414063 305.175781
24.414063 302.734375
24.414063 300.292969
26.855469 297.851563
26.855469 295.410156
29.296875 292.96875
29.296875 290.527344
29.296875 288.085938
29.296875 285.644531
29.296875 283.203125
31.738281 280.761719
31.738281 278.320313
31.738281 275.878906
34.179688 273.4375
34.179688 270.996094
34.179688 268.554688
36.621094 266.113281
36.621094 263.671875
39.0625 261.230469
39.0625 258.789063
41.503906 256.347656
41.503906 253.90625
43.945313 251.464844
43.945313 249.023438
46.386719 246.582031
48.828125 244.140625
51.269531 241.699219
53.710938 239.257813
53.710938 236.816406
56.152344 234.375
56.152344 231.933594
58.59375 229.492188
61.035156 227.050781
63.476563 224.609375
65.917969 222.167969
68.359375 222.167969
70.800781 219.726563
73.242188 217.285156
75.683594 214.84375
78.125 212.402344
80.566406 209.960938
83.007813 209.960938
85.449219 207.519531
87.890625 207.519531
90.332031 205.078125
92.773438 202.636719
95.214844 200.195313
97.65625 197.753906
100.097656 195.3125
102.539063 192.871094
104.980469 190.429688
107.421875 187.988281
109.863281 185.546875
112.304688 183.105469
114.746094 180.664063
117.1875 178.222656
119.628906 175.78125
122.070313 173.339844
124.511719 170.898438
126.953125 168.457031
129.394531 168.457031
131.835938 166.015625
131.835938 163.574219
134.277344 161.132813
136.71875 158.691406
139.160156 156.25
141.601563 153.808594
144.042969 151.367188
146.484375 148.925781
146.484375 146.484375
148.925781 144.042969
151.367188 141.601563
153.808594 139.160156
156.25 136.71875
156.25 134.277344
158.691406 131.835938
158.691406 129.394531
161.132813 126.953125
161.132813 124.511719
163.574219 122.070313
163.574219 119.628906
166.015625 117.1875
168.457031 114.746094
168.457031 112.304688
170.898438 109.863281
173.339844 107.421875
173.339844 104.980469
175.78125 102.539063
175.78125 100.097656
178.222656 97.65625
178.222656 95.214844
180.664063 92.773438
180.664063 90.332031
183.105469 87.890625
185.546875 85.449219
187.988281 83.007813
190.429688 80.566406
192.871094 78.125
195.3125 75.683594
197.753906 73.242188
200.195313 70.800781
202.636719 68.359375
205.078125 65.917969
205.078125 63.476563
207.519531 61.035156
209.960938 58.59375
212.402344 56.152344
214.84375 53.710938
217.285156 51.269531
219.726563 48.828125
219.726563 46.386719
222.167969 43.945313
224.609375 41.503906
227.050781 39.0625
229.492188 36.621094
231.933594 34.179688
234.375 31.738281
234.375 29.296875
236.816406 26.855469
236.816406 24.414063
239.257813 21.972656
239.257813 19.53125
