95.214844 39.0625
92.773438 39.0625
90.332031 39.0625
87.890625 39.0625
85.449219 39.0625
83.007813 39.0625
80.566406 36.621094
78.125 36.621094
75.683594 36.621094
73.242188 36.621094
70.800781 36.621094
68.359375 34.179688
65.917969 34.179688
63.476563 34.179688
61.035156 34.179688
58.59375 31.738281
56.152344 29.296875
53.710938 29.296875
51.269531 26.855469
48.828125 26.855469
46.386719 26.855469
43.945313 24.414063
41.503906 24.414063
39.0625 24.414063
36.621094 24.414063
34.179688 21.972656
31.738281 21.972656
29.296875 19.53125
26.855469 19.53125
24.414063 19.53125
21.972656 19.53125
19.53125 17.089844
