102.539063 107.421875
100.097656 107.421875
97.65625 104.980469
95.214844 102.539063
92.773438 100.097656
90.332031 100.097656
87.890625 97.65625
85.449219 97.65625
83.007813 95.214844
80.566406 95.214844
78.125 92.773438
75.683594 90.332031
73.242188 87.890625
70.800781 85.449219
70.800781 83.007813
68.359375 80.566406
65.917969 78.125
63.476563 75.683594
61.035156 73.242188
58.59375 70.800781
56.152344 68.359375
56.152344 65.917969
53.710938 63.476563
51.269531 61.035156
48.828125 58.59375
46.386719 56.152344
43.945313 56.152344
41.503906 53.710938
39.0625 53.710938
36.621094 51.269531
36.621094 48.828125
34.179688 46.386719
34.179688 43.945313
31.738281 41.503906
31.738281 39.0625
29.296875 36.621094
29.296875 34.179688
29.296875 31.738281
26.855469 29.296875
26.855469 26.855469
24.414063 24.414063
21.972656 21.972656
21.972656 19.53125
19.53125 17.089844
17.089844 14.648438
14.648438 14.648438
