70.800781 83.007813
70.800781 80.566406
68.359375 78.125
68.359375 75.683594
65.917969 73.242188
65.917969 70.800781
65.917969 68.359375
63.476563 65.917969
63.476563 63.476563
61.035156 61.035156
58.59375 58.59375
56.152344 56.152344
56.152344 53.710938
53.710938 51.269531
51.269531 48.828125
48.828125 46.386719
46.386719 43.945313
43.945313 41.503906
41.503906 41.503906
39.0625 39.0625
36.621094 36.621094
34.179688 36.621094
31.738281 34.179688
29.296875 31.738281
26.855469 29.296875
26.855469 26.855469
24.414063 24.414063
21.972656 21.972656
21.972656 19.53125
