63.476563 100.097656
61.035156 97.65625
61.035156 95.214844
58.59375 92.773438
56.152344 90.332031
53.710938 87.890625
51.269531 85.449219
51.269531 83.007813
48.828125 80.566406
46.386719 78.125
43.945313 75.683594
43.945313 73.242188
41.503906 70.800781
41.503906 68.359375
39.0625 65.917969
36.621094 63.476563
36.621094 61.035156
34.179688 58.59375
31.738281 56.152344
31.738281 53.710938
31.738281 51.269531
29.296875 48.828125
29.296875 46.386719
26.855469 43.945313
26.855469 41.503906
26.855469 39.0625
24.414063 36.621094
24.414063 34.179688
24.414063 31.738281
24.414063 29.296875
21.972656 26.855469
21.972656 24.414063
21.972656 21.972656
21.972656 19.53125
21.972656 17.089844
19.53125 14.648438
17.089844 14.648438
14.648438 12.207031
12.207031 9.765625
9.765625 7.324219
7.324219 7.324219
