7.324219 31.738281
9.765625 29.296875
12.207031 31.738281
14.648438 29.296875
17.089844 29.296875
19.53125 29.296875
21.972656 29.296875
24.414063 29.296875
26.855469 29.296875
29.296875 29.296875
31.738281 26.855469
34.179688 26.855469
36.621094 26.855469
39.0625 24.414063
41.503906 24.414063
43.945313 21.972656
46.386719 21.972656
48.828125 21.972656
51.269531 19.53125
53.710938 19.53125
56.152344 19.53125
58.59375 17.089844
61.035156 17.089844
63.476563 14.648438
65.917969 14.648438
68.359375 14.648438
70.800781 12.207031
73.242188 12.207031
75.683594 12.207031
78.125 12.207031
80.566406 12.207031
83.007813 12.207031
85.449219 12.207031
87.890625 12.207031
90.332031 9.765625
92.773438 12.207031
