153.808594 163.574219
153.808594 161.132813
151.367188 158.691406
151.367188 156.25
151.367188 153.808594
148.925781 151.367188
148.925781 148.925781
148.925781 146.484375
146.484375 144.042969
146.484375 141.601563
144.042969 139.160156
141.601563 136.71875
139.160156 134.277344
136.71875 131.835938
134.277344 129.394531
134.277344 126.953125
131.835938 124.511719
129.394531 122.070313
129.394531 119.628906
126.953125 117.1875
124.511719 114.746094
122.070313 114.746094
119.628906 112.304688
117.1875 109.863281
114.746094 107.421875
112.304688 104.980469
109.863281 102.539063
107.421875 100.097656
104.980469 97.65625
102.539063 97.65625
100.097656 95.214844
97.65625 92.773438
95.214844 90.332031
92.773438 90.332031
90.332031 87.890625
87.890625 85.449219
85.449219 85.449219
83.007813 83.007813
80.566406 80.566406
78.125 78.125
75.683594 75.683594
73.242188 73.242188
70.800781 70.800781
68.359375 68.359375
65.917969 65.917969
63.476563 63.476563
63.476563 61.035156
61.035156 58.59375
58.59375 56.152344
56.152344 53.710938
53.710938 51.269531
51.269531 48.828125
48.828125 46.386719
46.386719 43.945313
43.945313 43.945313
41.503906 41.503906
39.0625 39.0625
36.621094 36.621094
34.179688 34.179688
31.738281 31.738281
29.296875 29.296875
26.855469 26.855469
24.414063 24.414063
21.972656 21.972656
19.53125 19.53125
17.089844 17.089844
14.648438 14.648438
12.207031 12.207031
12.207031 9.765625
