156.25 341.796875
156.25 339.355469
156.25 336.914063
156.25 334.472656
156.25 332.03125
153.808594 329.589844
153.808594 327.148438
153.808594 324.707031
153.808594 322.265625
153.808594 319.824219
151.367188 317.382813
151.367188 314.941406
151.367188 312.5
151.367188 310.058594
151.367188 307.617188
148.925781 305.175781
148.925781 302.734375
148.925781 300.292969
148.925781 297.851563
148.925781 295.410156
146.484375 292.96875
146.484375 290.527344
146.484375 288.085938
146.484375 285.644531
146.484375 283.203125
146.484375 280.761719
146.484375 278.320313
144.042969 275.878906
144.042969 273.4375
144.042969 270.996094
144.042969 268.554688
144.042969 266.113281
144.042969 263.671875
144.042969 261.230469
144.042969 258.789063
144.042969 256.347656
144.042969 253.90625
144.042969 251.464844
144.042969 249.023438
144.042969 246.582031
146.484375 244.140625
146.484375 241.699219
146.484375 239.257813
148.925781 236.816406
148.925781 234.375
148.925781 231.933594
148.925781 229.492188
148.925781 227.050781
151.367188 224.609375
151.367188 222.167969
151.367188 219.726563
148.925781 217.285156
148.925781 214.84375
148.925781 212.402344
146.484375 209.960938
144.042969 209.960938
141.601563 209.960938
139.160156 207.519531
136.71875 207.519531
134.277344 205.078125
131.835938 202.636719
129.394531 200.195313
126.953125 197.753906
124.511719 195.3125
122.070313 195.3125
119.628906 192.871094
117.1875 192.871094
114.746094 190.429688
114.746094 187.988281
112.304688 185.546875
109.863281 183.105469
107.421875 180.664063
104.980469 178.222656
102.539063 175.78125
100.097656 173.339844
97.65625 170.898438
95.214844 168.457031
95.214844 166.015625
92.773438 163.574219
90.332031 161.132813
87.890625 158.691406
87.890625 156.25
85.449219 153.808594
83.007813 151.367188
83.007813 148.925781
80.566406 146.484375
78.125 144.042969
75.683594 141.601563
73.242188 139.160156
73.242188 136.71875
70.800781 134.277344
68.359375 131.835938
65.917969 129.394531
63.476563 126.953125
61.035156 124.511719
58.59375 122.070313
56.152344 119.628906
53.710938 117.1875
53.710938 114.746094
51.269531 112.304688
48.828125 109.863281
46.386719 107.421875
46.386719 104.980469
43.945313 102.539063
43.945313 100.097656
41.503906 97.65625
41.503906 95.214844
39.0625 92.773438
39.0625 90.332031
36.621094 87.890625
36.621094 85.449219
34.179688 83.007813
34.179688 80.566406
31.738281 78.125
31.738281 75.683594
31.738281 73.242188
31.738281 70.800781
29.296875 68.359375
29.296875 65.917969
29.296875 63.476563
26.855469 61.035156
26.855469 58.59375
26.855469 56.152344
24.414063 53.710938
24.414063 51.269531
24.414063 48.828125
21.972656 46.386719
21.972656 43.945313
21.972656 41.503906
19.53125 39.0625
19.53125 36.621094
17.089844 34.179688
17.089844 31.738281
17.089844 29.296875
14.648438 26.855469
14.648438 24.414063
14.648438 21.972656
14.648438 19.53125
14.648438 17.089844
14.648438 14.648438
17.089844 12.207031
19.53125 9.765625
19.53125 7.324219
