12.207031 83.007813
12.207031 80.566406
12.207031 78.125
12.207031 75.683594
14.648438 73.242188
14.648438 70.800781
17.089844 68.359375
17.089844 65.917969
17.089844 63.476563
19.53125 61.035156
21.972656 58.59375
24.414063 56.152344
24.414063 53.710938
26.855469 51.269531
29.296875 48.828125
29.296875 46.386719
31.738281 43.945313
34.179688 41.503906
34.179688 39.0625
36.621094 36.621094
36.621094 34.179688
39.0625 31.738281
39.0625 29.296875
41.503906 26.855469
41.503906 24.414063
43.945313 21.972656
43.945313 19.53125
46.386719 17.089844
46.386719 14.648438
48.828125 12.207031
48.828125 9.765625
