136.71875 95.214844
134.277344 95.214844
131.835938 92.773438
129.394531 92.773438
126.953125 90.332031
124.511719 90.332031
122.070313 87.890625
119.628906 87.890625
117.1875 85.449219
114.746094 85.449219
112.304688 83.007813
109.863281 83.007813
107.421875 80.566406
104.980469 80.566406
102.539063 78.125
100.097656 75.683594
97.65625 75.683594
95.214844 73.242188
92.773438 70.800781
90.332031 70.800781
87.890625 68.359375
85.449219 65.917969
83.007813 65.917969
80.566406 63.476563
78.125 61.035156
75.683594 58.59375
73.242188 56.152344
70.800781 56.152344
68.359375 53.710938
65.917969 53.710938
63.476563 51.269531
61.035156 48.828125
58.59375 46.386719
56.152344 43.945313
53.710938 41.503906
51.269531 39.0625
48.828125 36.621094
46.386719 34.179688
43.945313 31.738281
41.503906 29.296875
39.0625 26.855469
36.621094 24.414063
34.179688 21.972656
31.738281 19.53125
29.296875 19.53125
26.855469 17.089844
24.414063 14.648438
21.972656 14.648438
19.53125 12.207031
17.089844 12.207031
14.648438 9.765625
12.207031 9.765625
9.765625 9.765625
