21.972656 61.035156
24.414063 58.59375
24.414063 56.152344
26.855469 53.710938
29.296875 51.269531
31.738281 51.269531
34.179688 48.828125
36.621094 46.386719
39.0625 43.945313
41.503906 43.945313
43.945313 41.503906
46.386719 41.503906
48.828125 39.0625
51.269531 36.621094
53.710938 34.179688
56.152344 31.738281
58.59375 29.296875
61.035156 26.855469
63.476563 26.855469
65.917969 24.414063
68.359375 21.972656
70.800781 21.972656
73.242188 21.972656
75.683594 21.972656
78.125 21.972656
80.566406 21.972656
83.007813 21.972656
85.449219 21.972656
87.890625 21.972656
