14.648438 183.105469
17.089844 180.664063
19.53125 180.664063
21.972656 178.222656
21.972656 175.78125
24.414063 173.339844
24.414063 170.898438
26.855469 168.457031
24.414063 166.015625
24.414063 163.574219
24.414063 161.132813
24.414063 158.691406
24.414063 156.25
24.414063 153.808594
24.414063 151.367188
24.414063 148.925781
24.414063 146.484375
24.414063 144.042969
24.414063 141.601563
24.414063 139.160156
26.855469 136.71875
26.855469 134.277344
29.296875 131.835938
29.296875 129.394531
29.296875 126.953125
29.296875 124.511719
31.738281 122.070313
31.738281 119.628906
31.738281 117.1875
34.179688 114.746094
34.179688 112.304688
34.179688 109.863281
36.621094 107.421875
39.0625 104.980469
41.503906 102.539063
41.503906 100.097656
43.945313 97.65625
43.945313 95.214844
46.386719 92.773438
48.828125 90.332031
48.828125 87.890625
48.828125 85.449219
51.269531 83.007813
51.269531 80.566406
53.710938 78.125
53.710938 75.683594
56.152344 73.242188
56.152344 70.800781
58.59375 68.359375
61.035156 65.917969
63.476563 63.476563
65.917969 61.035156
68.359375 58.59375
68.359375 56.152344
70.800781 53.710938
73.242188 51.269531
75.683594 48.828125
78.125 46.386719
80.566406 43.945313
80.566406 41.503906
83.007813 39.0625
85.449219 36.621094
87.890625 34.179688
90.332031 31.738281
90.332031 29.296875
92.773438 26.855469
92.773438 24.414063
95.214844 21.972656
95.214844 19.53125
95.214844 17.089844
97.65625 14.648438
97.65625 12.207031
