14.648438 80.566406
17.089844 80.566406
19.53125 78.125
21.972656 78.125
24.414063 75.683594
26.855469 75.683594
29.296875 73.242188
31.738281 70.800781
34.179688 70.800781
36.621094 68.359375
39.0625 65.917969
41.503906 63.476563
43.945313 61.035156
46.386719 58.59375
48.828125 56.152344
51.269531 53.710938
53.710938 51.269531
56.152344 51.269531
58.59375 48.828125
61.035156 46.386719
63.476563 46.386719
65.917969 43.945313
68.359375 41.503906
70.800781 39.0625
73.242188 36.621094
75.683594 34.179688
78.125 34.179688
80.566406 31.738281
83.007813 29.296875
85.449219 26.855469
85.449219 24.414063
87.890625 21.972656
90.332031 19.53125
92.773438 17.089844
95.214844 14.648438
