4.882813 34.179688
7.324219 34.179688
9.765625 36.621094
12.207031 36.621094
14.648438 36.621094
17.089844 39.0625
19.53125 39.0625
21.972656 39.0625
24.414063 39.0625
26.855469 39.0625
29.296875 39.0625
31.738281 41.503906
34.179688 41.503906
36.621094 41.503906
39.0625 41.503906
41.503906 43.945313
43.945313 41.503906
46.386719 43.945313
48.828125 43.945313
51.269531 43.945313
53.710938 43.945313
56.152344 43.945313
58.59375 43.945313
61.035156 46.386719
63.476563 46.386719
65.917969 43.945313
68.359375 43.945313
70.800781 46.386719
73.242188 46.386719
75.683594 43.945313
78.125 43.945313
80.566406 46.386719
83.007813 46.386719
85.449219 46.386719
87.890625 43.945313
90.332031 43.945313
92.773438 43.945313
95.214844 43.945313
97.65625 46.386719
100.097656 46.386719
102.539063 46.386719
104.980469 43.945313
107.421875 43.945313
109.863281 43.945313
112.304688 46.386719
114.746094 46.386719
117.1875 46.386719
119.628906 46.386719
122.070313 46.386719
124.511719 46.386719
126.953125 48.828125
129.394531 48.828125
131.835938 51.269531
134.277344 51.269531
136.71875 53.710938
139.160156 53.710938
141.601563 53.710938
144.042969 53.710938
146.484375 53.710938
148.925781 53.710938
151.367188 53.710938
153.808594 53.710938
156.25 53.710938
158.691406 53.710938
161.132813 53.710938
163.574219 53.710938
166.015625 51.269531
168.457031 51.269531
170.898438 51.269531
173.339844 51.269531
175.78125 51.269531
178.222656 51.269531
180.664063 51.269531
183.105469 51.269531
185.546875 51.269531
187.988281 51.269531
190.429688 51.269531
192.871094 51.269531
195.3125 51.269531
197.753906 51.269531
200.195313 51.269531
202.636719 51.269531
205.078125 51.269531
207.519531 51.269531
209.960938 48.828125
212.402344 48.828125
214.84375 48.828125
217.285156 46.386719
219.726563 46.386719
222.167969 46.386719
224.609375 46.386719
227.050781 46.386719
229.492188 46.386719
231.933594 46.386719
234.375 43.945313
236.816406 43.945313
239.257813 43.945313
241.699219 41.503906
244.140625 39.0625
246.582031 39.0625
249.023438 36.621094
251.464844 36.621094
253.90625 34.179688
256.347656 34.179688
258.789063 34.179688
261.230469 31.738281
263.671875 31.738281
266.113281 34.179688
268.554688 36.621094
270.996094 39.0625
273.4375 41.503906
275.878906 43.945313
278.320313 46.386719
280.761719 48.828125
280.761719 51.269531
280.761719 53.710938
280.761719 56.152344
280.761719 58.59375
280.761719 61.035156
280.761719 63.476563
283.203125 65.917969
283.203125 68.359375
283.203125 70.800781
283.203125 73.242188
283.203125 75.683594
283.203125 78.125
283.203125 80.566406
283.203125 83.007813
283.203125 85.449219
283.203125 87.890625
283.203125 90.332031
283.203125 92.773438
283.203125 95.214844
280.761719 97.65625
280.761719 100.097656
283.203125 102.539063
283.203125 104.980469
283.203125 107.421875
283.203125 109.863281
283.203125 112.304688
283.203125 114.746094
285.644531 117.1875
285.644531 119.628906
288.085938 122.070313
288.085938 124.511719
288.085938 126.953125
290.527344 129.394531
290.527344 131.835938
290.527344 134.277344
290.527344 136.71875
