41.503906 65.917969
41.503906 63.476563
39.0625 61.035156
39.0625 58.59375
39.0625 56.152344
39.0625 53.710938
36.621094 51.269531
36.621094 48.828125
34.179688 46.386719
34.179688 43.945313
34.179688 41.503906
34.179688 39.0625
31.738281 36.621094
29.296875 34.179688
29.296875 31.738281
26.855469 29.296875
26.855469 26.855469
26.855469 24.414063
24.414063 21.972656
21.972656 21.972656
19.53125 19.53125
17.089844 17.089844
14.648438 17.089844
12.207031 14.648438
9.765625 12.207031
7.324219 9.765625
7.324219 7.324219
4.882813 4.882813
4.882813 2.441406
