12.207031 95.214844
12.207031 92.773438
12.207031 90.332031
12.207031 87.890625
14.648438 85.449219
14.648438 83.007813
14.648438 80.566406
14.648438 78.125
14.648438 75.683594
17.089844 73.242188
17.089844 70.800781
17.089844 68.359375
17.089844 65.917969
19.53125 63.476563
19.53125 61.035156
19.53125 58.59375
19.53125 56.152344
21.972656 53.710938
21.972656 51.269531
21.972656 48.828125
21.972656 46.386719
24.414063 43.945313
24.414063 41.503906
24.414063 39.0625
24.414063 36.621094
26.855469 34.179688
26.855469 31.738281
26.855469 29.296875
26.855469 26.855469
26.855469 24.414063
26.855469 21.972656
26.855469 19.53125
29.296875 17.089844
29.296875 14.648438
29.296875 12.207031
29.296875 9.765625
