14.648438 144.042969
14.648438 141.601563
17.089844 139.160156
17.089844 136.71875
19.53125 134.277344
21.972656 131.835938
21.972656 129.394531
24.414063 126.953125
26.855469 124.511719
26.855469 122.070313
29.296875 119.628906
29.296875 117.1875
29.296875 114.746094
31.738281 112.304688
34.179688 109.863281
36.621094 107.421875
39.0625 104.980469
39.0625 102.539063
41.503906 100.097656
41.503906 97.65625
43.945313 95.214844
46.386719 92.773438
48.828125 90.332031
51.269531 87.890625
53.710938 85.449219
56.152344 83.007813
58.59375 80.566406
61.035156 78.125
63.476563 75.683594
65.917969 73.242188
68.359375 70.800781
70.800781 68.359375
73.242188 65.917969
75.683594 63.476563
78.125 61.035156
78.125 58.59375
80.566406 56.152344
83.007813 53.710938
85.449219 53.710938
87.890625 51.269531
90.332031 48.828125
92.773438 46.386719
95.214844 43.945313
97.65625 41.503906
100.097656 39.0625
102.539063 36.621094
104.980469 34.179688
107.421875 31.738281
109.863281 29.296875
112.304688 29.296875
114.746094 26.855469
117.1875 24.414063
119.628906 21.972656
122.070313 19.53125
124.511719 17.089844
126.953125 14.648438
129.394531 12.207031
129.394531 9.765625
131.835938 7.324219
