183.105469 290.527344
183.105469 288.085938
183.105469 285.644531
180.664063 283.203125
178.222656 280.761719
178.222656 278.320313
175.78125 275.878906
173.339844 273.4375
173.339844 270.996094
170.898438 268.554688
170.898438 266.113281
168.457031 263.671875
168.457031 261.230469
166.015625 258.789063
166.015625 256.347656
166.015625 253.90625
163.574219 251.464844
163.574219 249.023438
163.574219 246.582031
163.574219 244.140625
161.132813 241.699219
161.132813 239.257813
161.132813 236.816406
161.132813 234.375
161.132813 231.933594
161.132813 229.492188
161.132813 227.050781
158.691406 224.609375
158.691406 222.167969
158.691406 219.726563
158.691406 217.285156
156.25 214.84375
156.25 212.402344
153.808594 209.960938
153.808594 207.519531
153.808594 205.078125
153.808594 202.636719
153.808594 200.195313
151.367188 197.753906
151.367188 195.3125
151.367188 192.871094
148.925781 190.429688
148.925781 187.988281
146.484375 185.546875
144.042969 183.105469
141.601563 180.664063
141.601563 178.222656
139.160156 175.78125
139.160156 173.339844
136.71875 170.898438
136.71875 168.457031
136.71875 166.015625
134.277344 163.574219
131.835938 161.132813
131.835938 158.691406
129.394531 156.25
129.394531 153.808594
126.953125 151.367188
124.511719 148.925781
122.070313 146.484375
119.628906 144.042969
119.628906 141.601563
117.1875 139.160156
117.1875 136.71875
114.746094 134.277344
114.746094 131.835938
112.304688 129.394531
109.863281 126.953125
107.421875 124.511719
104.980469 122.070313
102.539063 119.628906
100.097656 117.1875
97.65625 114.746094
95.214844 112.304688
95.214844 109.863281
92.773438 107.421875
90.332031 104.980469
90.332031 102.539063
87.890625 100.097656
85.449219 97.65625
83.007813 95.214844
83.007813 92.773438
80.566406 90.332031
80.566406 87.890625
78.125 85.449219
75.683594 83.007813
75.683594 80.566406
73.242188 78.125
70.800781 75.683594
70.800781 73.242188
68.359375 70.800781
68.359375 68.359375
65.917969 65.917969
63.476563 63.476563
61.035156 61.035156
58.59375 58.59375
56.152344 56.152344
53.710938 53.710938
51.269531 51.269531
48.828125 48.828125
46.386719 46.386719
43.945313 43.945313
41.503906 41.503906
39.0625 39.0625
36.621094 39.0625
34.179688 36.621094
31.738281 34.179688
29.296875 31.738281
26.855469 29.296875
24.414063 26.855469
21.972656 24.414063
19.53125 21.972656
17.089844 19.53125
17.089844 17.089844
14.648438 14.648438
14.648438 12.207031
