43.945313 166.015625
43.945313 163.574219
43.945313 161.132813
43.945313 158.691406
43.945313 156.25
43.945313 153.808594
43.945313 151.367188
43.945313 148.925781
43.945313 146.484375
43.945313 144.042969
41.503906 141.601563
41.503906 139.160156
39.0625 136.71875
39.0625 134.277344
39.0625 131.835938
36.621094 129.394531
36.621094 126.953125
36.621094 124.511719
36.621094 122.070313
36.621094 119.628906
34.179688 117.1875
34.179688 114.746094
31.738281 112.304688
31.738281 109.863281
31.738281 107.421875
29.296875 104.980469
29.296875 102.539063
26.855469 100.097656
26.855469 97.65625
26.855469 95.214844
24.414063 92.773438
24.414063 90.332031
24.414063 87.890625
24.414063 85.449219
24.414063 83.007813
24.414063 80.566406
24.414063 78.125
21.972656 75.683594
21.972656 73.242188
21.972656 70.800781
19.53125 68.359375
19.53125 65.917969
19.53125 63.476563
17.089844 61.035156
17.089844 58.59375
17.089844 56.152344
14.648438 53.710938
14.648438 51.269531
14.648438 48.828125
14.648438 46.386719
14.648438 43.945313
14.648438 41.503906
14.648438 39.0625
14.648438 36.621094
14.648438 34.179688
14.648438 31.738281
14.648438 29.296875
14.648438 26.855469
14.648438 24.414063
14.648438 21.972656
14.648438 19.53125
14.648438 17.089844
14.648438 14.648438
14.648438 12.207031
12.207031 9.765625
12.207031 7.324219
