21.972656 183.105469
21.972656 180.664063
24.414063 178.222656
26.855469 175.78125
29.296875 173.339844
31.738281 170.898438
34.179688 168.457031
36.621094 166.015625
36.621094 163.574219
39.0625 161.132813
41.503906 158.691406
41.503906 156.25
43.945313 153.808594
46.386719 151.367188
46.386719 148.925781
48.828125 146.484375
48.828125 144.042969
51.269531 141.601563
53.710938 139.160156
53.710938 136.71875
56.152344 134.277344
58.59375 131.835938
61.035156 129.394531
61.035156 126.953125
63.476563 124.511719
63.476563 122.070313
65.917969 119.628906
65.917969 117.1875
68.359375 114.746094
68.359375 112.304688
68.359375 109.863281
68.359375 107.421875
68.359375 104.980469
68.359375 102.539063
68.359375 100.097656
68.359375 97.65625
68.359375 95.214844
68.359375 92.773438
68.359375 90.332031
68.359375 87.890625
68.359375 85.449219
65.917969 83.007813
65.917969 80.566406
65.917969 78.125
63.476563 75.683594
63.476563 73.242188
63.476563 70.800781
61.035156 68.359375
58.59375 65.917969
56.152344 63.476563
53.710938 63.476563
51.269531 61.035156
48.828125 58.59375
46.386719 56.152344
43.945313 53.710938
41.503906 51.269531
39.0625 48.828125
36.621094 46.386719
34.179688 43.945313
31.738281 41.503906
29.296875 39.0625
26.855469 36.621094
24.414063 34.179688
21.972656 31.738281
19.53125 29.296875
19.53125 26.855469
17.089844 24.414063
17.089844 21.972656
14.648438 19.53125
14.648438 17.089844
12.207031 14.648438
12.207031 12.207031
9.765625 9.765625
7.324219 7.324219
7.324219 4.882813
