24.414063 100.097656
24.414063 97.65625
26.855469 95.214844
29.296875 92.773438
29.296875 90.332031
31.738281 87.890625
31.738281 85.449219
34.179688 83.007813
36.621094 80.566406
39.0625 78.125
41.503906 75.683594
43.945313 73.242188
46.386719 70.800781
48.828125 68.359375
48.828125 65.917969
51.269531 63.476563
51.269531 61.035156
53.710938 58.59375
56.152344 56.152344
58.59375 53.710938
61.035156 51.269531
61.035156 48.828125
63.476563 46.386719
65.917969 43.945313
68.359375 41.503906
70.800781 39.0625
70.800781 36.621094
73.242188 34.179688
75.683594 31.738281
75.683594 29.296875
78.125 26.855469
80.566406 24.414063
80.566406 21.972656
83.007813 19.53125
83.007813 17.089844
85.449219 14.648438
85.449219 12.207031
