112.304688 12.207031
109.863281 12.207031
107.421875 12.207031
104.980469 9.765625
102.539063 9.765625
100.097656 9.765625
97.65625 9.765625
95.214844 9.765625
92.773438 9.765625
90.332031 9.765625
87.890625 9.765625
85.449219 9.765625
83.007813 9.765625
80.566406 9.765625
78.125 9.765625
75.683594 9.765625
73.242188 9.765625
70.800781 9.765625
68.359375 9.765625
65.917969 9.765625
63.476563 9.765625
61.035156 9.765625
58.59375 9.765625
56.152344 9.765625
53.710938 9.765625
51.269531 9.765625
48.828125 9.765625
46.386719 9.765625
43.945313 12.207031
41.503906 12.207031
39.0625 12.207031
36.621094 12.207031
34.179688 12.207031
31.738281 12.207031
29.296875 12.207031
26.855469 12.207031
24.414063 12.207031
21.972656 12.207031
19.53125 12.207031
17.089844 12.207031
14.648438 12.207031
12.207031 12.207031
9.765625 12.207031
