390.625 29.296875
388.183594 29.296875
385.742188 29.296875
383.300781 29.296875
380.859375 29.296875
378.417969 29.296875
375.976563 29.296875
373.535156 31.738281
371.09375 31.738281
368.652344 31.738281
366.210938 31.738281
363.769531 31.738281
361.328125 34.179688
358.886719 34.179688
356.445313 34.179688
354.003906 36.621094
351.5625 36.621094
349.121094 39.0625
346.679688 39.0625
344.238281 39.0625
341.796875 39.0625
339.355469 39.0625
336.914063 39.0625
334.472656 39.0625
332.03125 39.0625
329.589844 39.0625
327.148438 39.0625
324.707031 39.0625
322.265625 39.0625
319.824219 36.621094
317.382813 36.621094
314.941406 36.621094
312.5 36.621094
310.058594 36.621094
307.617188 39.0625
305.175781 39.0625
302.734375 36.621094
300.292969 36.621094
297.851563 39.0625
295.410156 39.0625
292.96875 41.503906
290.527344 41.503906
288.085938 41.503906
285.644531 41.503906
283.203125 41.503906
280.761719 41.503906
278.320313 41.503906
275.878906 41.503906
273.4375 41.503906
270.996094 41.503906
268.554688 41.503906
266.113281 41.503906
263.671875 41.503906
261.230469 39.0625
258.789063 39.0625
256.347656 39.0625
253.90625 39.0625
251.464844 39.0625
249.023438 39.0625
246.582031 39.0625
244.140625 39.0625
241.699219 39.0625
239.257813 39.0625
236.816406 39.0625
234.375 36.621094
231.933594 36.621094
229.492188 36.621094
227.050781 36.621094
224.609375 36.621094
222.167969 39.0625
219.726563 39.0625
217.285156 39.0625
214.84375 39.0625
212.402344 39.0625
209.960938 39.0625
207.519531 39.0625
205.078125 39.0625
202.636719 39.0625
200.195313 39.0625
197.753906 39.0625
195.3125 39.0625
192.871094 36.621094
190.429688 36.621094
187.988281 36.621094
185.546875 34.179688
183.105469 34.179688
180.664063 34.179688
178.222656 31.738281
175.78125 31.738281
173.339844 29.296875
170.898438 29.296875
168.457031 26.855469
166.015625 26.855469
163.574219 26.855469
161.132813 24.414063
158.691406 24.414063
156.25 24.414063
153.808594 24.414063
151.367188 21.972656
148.925781 21.972656
146.484375 21.972656
144.042969 21.972656
141.601563 19.53125
139.160156 19.53125
136.71875 19.53125
134.277344 17.089844
131.835938 17.089844
129.394531 17.089844
126.953125 14.648438
124.511719 14.648438
122.070313 12.207031
119.628906 12.207031
117.1875 12.207031
114.746094 12.207031
112.304688 14.648438
109.863281 14.648438
107.421875 14.648438
104.980469 14.648438
102.539063 14.648438
100.097656 14.648438
97.65625 14.648438
95.214844 17.089844
92.773438 17.089844
90.332031 17.089844
87.890625 17.089844
85.449219 17.089844
83.007813 17.089844
80.566406 17.089844
78.125 19.53125
75.683594 19.53125
73.242188 21.972656
70.800781 21.972656
68.359375 24.414063
65.917969 24.414063
63.476563 26.855469
61.035156 26.855469
58.59375 26.855469
56.152344 29.296875
53.710938 29.296875
51.269531 29.296875
48.828125 31.738281
46.386719 31.738281
43.945313 34.179688
41.503906 34.179688
39.0625 34.179688
36.621094 36.621094
34.179688 36.621094
31.738281 39.0625
29.296875 39.0625
26.855469 41.503906
24.414063 41.503906
21.972656 43.945313
19.53125 46.386719
17.089844 48.828125
14.648438 51.269531
12.207031 51.269531
9.765625 53.710938
9.765625 56.152344
7.324219 58.59375
4.882813 61.035156
4.882813 63.476563
