19.53125 122.070313
19.53125 119.628906
19.53125 117.1875
19.53125 114.746094
19.53125 112.304688
19.53125 109.863281
19.53125 107.421875
19.53125 104.980469
19.53125 102.539063
19.53125 100.097656
19.53125 97.65625
19.53125 95.214844
21.972656 92.773438
21.972656 90.332031
21.972656 87.890625
21.972656 85.449219
21.972656 83.007813
24.414063 80.566406
24.414063 78.125
24.414063 75.683594
26.855469 73.242188
26.855469 70.800781
26.855469 68.359375
29.296875 65.917969
29.296875 63.476563
29.296875 61.035156
31.738281 58.59375
31.738281 56.152344
34.179688 53.710938
34.179688 51.269531
36.621094 48.828125
36.621094 46.386719
36.621094 43.945313
36.621094 41.503906
36.621094 39.0625
36.621094 36.621094
36.621094 34.179688
36.621094 31.738281
36.621094 29.296875
36.621094 26.855469
34.179688 24.414063
34.179688 21.972656
31.738281 19.53125
31.738281 17.089844
31.738281 14.648438
