14.648438 36.621094
17.089844 36.621094
19.53125 36.621094
21.972656 34.179688
24.414063 34.179688
26.855469 31.738281
29.296875 31.738281
31.738281 31.738281
34.179688 31.738281
36.621094 31.738281
39.0625 29.296875
41.503906 29.296875
43.945313 29.296875
46.386719 26.855469
48.828125 26.855469
51.269531 26.855469
53.710938 24.414063
56.152344 24.414063
58.59375 21.972656
61.035156 21.972656
63.476563 21.972656
65.917969 19.53125
68.359375 19.53125
70.800781 19.53125
73.242188 19.53125
75.683594 17.089844
78.125 17.089844
80.566406 19.53125
83.007813 17.089844
85.449219 17.089844
87.890625 17.089844
90.332031 17.089844
92.773438 17.089844
95.214844 17.089844
97.65625 17.089844
100.097656 14.648438
102.539063 14.648438
104.980469 17.089844
107.421875 17.089844
109.863281 17.089844
112.304688 17.089844
114.746094 19.53125
117.1875 19.53125
