4.882813 29.296875
7.324219 31.738281
7.324219 34.179688
7.324219 36.621094
7.324219 39.0625
7.324219 41.503906
9.765625 43.945313
9.765625 46.386719
12.207031 48.828125
12.207031 51.269531
12.207031 53.710938
14.648438 56.152344
14.648438 58.59375
17.089844 61.035156
19.53125 63.476563
21.972656 65.917969
24.414063 68.359375
24.414063 70.800781
26.855469 73.242188
29.296875 75.683594
29.296875 78.125
31.738281 80.566406
34.179688 83.007813
36.621094 85.449219
39.0625 87.890625
41.503906 90.332031
43.945313 90.332031
46.386719 90.332031
48.828125 90.332031
51.269531 92.773438
53.710938 92.773438
56.152344 92.773438
58.59375 92.773438
61.035156 92.773438
63.476563 92.773438
65.917969 92.773438
68.359375 92.773438
70.800781 92.773438
73.242188 90.332031
75.683594 90.332031
78.125 90.332031
80.566406 90.332031
83.007813 87.890625
85.449219 87.890625
87.890625 85.449219
90.332031 85.449219
92.773438 83.007813
95.214844 83.007813
97.65625 80.566406
100.097656 80.566406
102.539063 78.125
104.980469 75.683594
107.421875 75.683594
109.863281 73.242188
112.304688 73.242188
114.746094 70.800781
117.1875 70.800781
119.628906 68.359375
122.070313 65.917969
124.511719 65.917969
126.953125 63.476563
129.394531 63.476563
131.835938 61.035156
134.277344 58.59375
136.71875 56.152344
139.160156 56.152344
141.601563 53.710938
144.042969 51.269531
146.484375 51.269531
148.925781 48.828125
151.367188 46.386719
153.808594 46.386719
156.25 43.945313
158.691406 41.503906
161.132813 41.503906
163.574219 39.0625
166.015625 36.621094
168.457031 34.179688
170.898438 34.179688
173.339844 31.738281
175.78125 29.296875
178.222656 26.855469
180.664063 24.414063
183.105469 21.972656
185.546875 19.53125
187.988281 17.089844
190.429688 14.648438
192.871094 14.648438
195.3125 12.207031
197.753906 9.765625
200.195313 9.765625
202.636719 7.324219
205.078125 4.882813
