9.765625 75.683594
9.765625 73.242188
12.207031 70.800781
14.648438 68.359375
17.089844 65.917969
19.53125 63.476563
19.53125 61.035156
19.53125 58.59375
21.972656 56.152344
21.972656 53.710938
21.972656 51.269531
21.972656 48.828125
21.972656 46.386719
21.972656 43.945313
21.972656 41.503906
21.972656 39.0625
21.972656 36.621094
21.972656 34.179688
21.972656 31.738281
24.414063 29.296875
24.414063 26.855469
26.855469 24.414063
29.296875 21.972656
31.738281 21.972656
34.179688 19.53125
36.621094 19.53125
39.0625 17.089844
