12.207031 371.09375
14.648438 368.652344
17.089844 366.210938
19.53125 363.769531
19.53125 361.328125
21.972656 358.886719
21.972656 356.445313
21.972656 354.003906
24.414063 351.5625
24.414063 349.121094
26.855469 346.679688
26.855469 344.238281
26.855469 341.796875
26.855469 339.355469
29.296875 336.914063
29.296875 334.472656
29.296875 332.03125
29.296875 329.589844
31.738281 327.148438
31.738281 324.707031
31.738281 322.265625
31.738281 319.824219
34.179688 317.382813
34.179688 314.941406
34.179688 312.5
36.621094 310.058594
36.621094 307.617188
39.0625 305.175781
39.0625 302.734375
39.0625 300.292969
41.503906 297.851563
41.503906 295.410156
43.945313 292.96875
46.386719 290.527344
48.828125 288.085938
48.828125 285.644531
51.269531 283.203125
53.710938 280.761719
53.710938 278.320313
53.710938 275.878906
56.152344 273.4375
56.152344 270.996094
56.152344 268.554688
58.59375 266.113281
58.59375 263.671875
58.59375 261.230469
58.59375 258.789063
58.59375 256.347656
61.035156 253.90625
61.035156 251.464844
63.476563 249.023438
63.476563 246.582031
65.917969 244.140625
65.917969 241.699219
65.917969 239.257813
68.359375 236.816406
68.359375 234.375
70.800781 231.933594
70.800781 229.492188
73.242188 227.050781
75.683594 224.609375
75.683594 222.167969
78.125 219.726563
78.125 217.285156
80.566406 214.84375
83.007813 212.402344
85.449219 209.960938
85.449219 207.519531
87.890625 205.078125
90.332031 202.636719
90.332031 200.195313
92.773438 197.753906
95.214844 195.3125
97.65625 192.871094
97.65625 190.429688
100.097656 187.988281
102.539063 185.546875
104.980469 183.105469
107.421875 180.664063
109.863281 178.222656
109.863281 175.78125
112.304688 173.339844
114.746094 170.898438
117.1875 168.457031
119.628906 166.015625
122.070313 163.574219
124.511719 161.132813
126.953125 158.691406
129.394531 156.25
131.835938 153.808594
134.277344 151.367188
136.71875 151.367188
139.160156 148.925781
141.601563 146.484375
144.042969 146.484375
146.484375 144.042969
148.925781 141.601563
151.367188 139.160156
151.367188 136.71875
153.808594 134.277344
156.25 131.835938
158.691406 129.394531
161.132813 126.953125
163.574219 124.511719
166.015625 122.070313
168.457031 119.628906
168.457031 117.1875
170.898438 114.746094
173.339844 112.304688
175.78125 109.863281
178.222656 107.421875
178.222656 104.980469
180.664063 102.539063
180.664063 100.097656
183.105469 97.65625
183.105469 95.214844
185.546875 92.773438
185.546875 90.332031
187.988281 87.890625
190.429688 85.449219
190.429688 83.007813
192.871094 80.566406
195.3125 78.125
197.753906 75.683594
197.753906 73.242188
200.195313 70.800781
202.636719 68.359375
202.636719 65.917969
205.078125 63.476563
205.078125 61.035156
207.519531 58.59375
207.519531 56.152344
209.960938 53.710938
212.402344 51.269531
212.402344 48.828125
214.84375 46.386719
214.84375 43.945313
217.285156 41.503906
219.726563 39.0625
219.726563 36.621094
222.167969 34.179688
224.609375 31.738281
224.609375 29.296875
227.050781 26.855469
229.492188 24.414063
231.933594 21.972656
231.933594 19.53125
234.375 17.089844
236.816406 14.648438
239.257813 12.207031
239.257813 9.765625
239.257813 7.324219
