12.207031 83.007813
12.207031 80.566406
14.648438 78.125
14.648438 75.683594
14.648438 73.242188
17.089844 70.800781
17.089844 68.359375
17.089844 65.917969
19.53125 63.476563
19.53125 61.035156
21.972656 58.59375
21.972656 56.152344
24.414063 53.710938
24.414063 51.269531
26.855469 48.828125
26.855469 46.386719
29.296875 43.945313
29.296875 41.503906
31.738281 39.0625
31.738281 36.621094
34.179688 34.179688
34.179688 31.738281
34.179688 29.296875
36.621094 26.855469
36.621094 24.414063
36.621094 21.972656
36.621094 19.53125
