117.1875 95.214844
114.746094 95.214844
112.304688 92.773438
109.863281 90.332031
107.421875 87.890625
104.980469 87.890625
102.539063 85.449219
100.097656 83.007813
97.65625 80.566406
95.214844 78.125
95.214844 75.683594
92.773438 73.242188
90.332031 70.800781
87.890625 68.359375
85.449219 68.359375
83.007813 65.917969
80.566406 63.476563
78.125 61.035156
75.683594 58.59375
73.242188 56.152344
70.800781 53.710938
68.359375 51.269531
65.917969 48.828125
63.476563 46.386719
61.035156 43.945313
58.59375 43.945313
56.152344 41.503906
53.710938 39.0625
51.269531 36.621094
48.828125 34.179688
46.386719 31.738281
43.945313 31.738281
41.503906 29.296875
39.0625 29.296875
36.621094 26.855469
34.179688 24.414063
31.738281 24.414063
29.296875 21.972656
26.855469 21.972656
24.414063 19.53125
21.972656 19.53125
19.53125 17.089844
17.089844 14.648438
14.648438 12.207031
12.207031 9.765625
9.765625 9.765625
