136.71875 51.269531
134.277344 51.269531
131.835938 51.269531
129.394531 48.828125
126.953125 48.828125
124.511719 46.386719
122.070313 46.386719
119.628906 43.945313
117.1875 43.945313
114.746094 43.945313
112.304688 43.945313
109.863281 41.503906
107.421875 39.0625
104.980469 39.0625
102.539063 36.621094
100.097656 36.621094
97.65625 36.621094
95.214844 36.621094
92.773438 34.179688
90.332031 34.179688
87.890625 31.738281
85.449219 31.738281
83.007813 29.296875
80.566406 29.296875
78.125 29.296875
75.683594 29.296875
73.242188 26.855469
70.800781 26.855469
68.359375 26.855469
65.917969 26.855469
63.476563 26.855469
61.035156 26.855469
58.59375 26.855469
56.152344 26.855469
53.710938 24.414063
51.269531 24.414063
48.828125 24.414063
46.386719 24.414063
43.945313 24.414063
41.503906 24.414063
39.0625 21.972656
36.621094 21.972656
34.179688 21.972656
31.738281 19.53125
29.296875 19.53125
26.855469 19.53125
24.414063 17.089844
21.972656 17.089844
19.53125 17.089844
17.089844 14.648438
14.648438 12.207031
