7.324219 26.855469
9.765625 26.855469
12.207031 24.414063
14.648438 24.414063
17.089844 24.414063
19.53125 24.414063
21.972656 24.414063
24.414063 24.414063
26.855469 21.972656
29.296875 21.972656
31.738281 21.972656
34.179688 21.972656
36.621094 21.972656
39.0625 21.972656
41.503906 21.972656
43.945313 21.972656
46.386719 21.972656
48.828125 21.972656
51.269531 24.414063
53.710938 24.414063
56.152344 24.414063
58.59375 24.414063
61.035156 24.414063
63.476563 24.414063
65.917969 24.414063
68.359375 21.972656
70.800781 21.972656
73.242188 21.972656
75.683594 21.972656
78.125 21.972656
80.566406 19.53125
83.007813 19.53125
85.449219 21.972656
87.890625 19.53125
90.332031 19.53125
92.773438 19.53125
95.214844 19.53125
97.65625 19.53125
100.097656 19.53125
102.539063 19.53125
104.980469 19.53125
107.421875 19.53125
109.863281 17.089844
112.304688 14.648438
112.304688 12.207031
