75.683594 87.890625
75.683594 85.449219
73.242188 83.007813
70.800781 80.566406
68.359375 78.125
65.917969 75.683594
63.476563 73.242188
61.035156 70.800781
58.59375 68.359375
56.152344 65.917969
53.710938 63.476563
51.269531 61.035156
48.828125 58.59375
48.828125 56.152344
46.386719 53.710938
43.945313 51.269531
41.503906 48.828125
39.0625 46.386719
39.0625 43.945313
36.621094 41.503906
34.179688 39.0625
31.738281 36.621094
29.296875 34.179688
26.855469 31.738281
26.855469 29.296875
24.414063 26.855469
21.972656 24.414063
19.53125 21.972656
19.53125 19.53125
17.089844 17.089844
14.648438 14.648438
14.648438 12.207031
