205.078125 148.925781
205.078125 146.484375
202.636719 144.042969
200.195313 144.042969
197.753906 141.601563
195.3125 139.160156
192.871094 136.71875
190.429688 136.71875
187.988281 136.71875
185.546875 134.277344
183.105469 134.277344
180.664063 134.277344
178.222656 131.835938
175.78125 131.835938
173.339844 131.835938
170.898438 129.394531
168.457031 129.394531
166.015625 126.953125
163.574219 126.953125
161.132813 124.511719
158.691406 124.511719
156.25 122.070313
153.808594 122.070313
151.367188 119.628906
148.925781 117.1875
146.484375 114.746094
144.042969 112.304688
141.601563 109.863281
139.160156 107.421875
136.71875 107.421875
134.277344 104.980469
131.835938 102.539063
129.394531 102.539063
126.953125 100.097656
124.511719 97.65625
122.070313 97.65625
119.628906 95.214844
117.1875 95.214844
114.746094 92.773438
112.304688 92.773438
109.863281 92.773438
107.421875 92.773438
104.980469 90.332031
102.539063 87.890625
100.097656 87.890625
97.65625 85.449219
95.214844 85.449219
92.773438 85.449219
90.332031 83.007813
87.890625 80.566406
85.449219 78.125
83.007813 75.683594
80.566406 73.242188
78.125 73.242188
75.683594 70.800781
73.242188 68.359375
70.800781 68.359375
68.359375 65.917969
65.917969 63.476563
63.476563 61.035156
61.035156 58.59375
58.59375 56.152344
56.152344 53.710938
53.710938 51.269531
51.269531 48.828125
48.828125 48.828125
46.386719 46.386719
43.945313 43.945313
41.503906 41.503906
39.0625 39.0625
36.621094 36.621094
34.179688 34.179688
31.738281 34.179688
29.296875 31.738281
26.855469 29.296875
24.414063 26.855469
24.414063 24.414063
21.972656 21.972656
19.53125 19.53125
19.53125 17.089844
19.53125 14.648438
