9.765625 227.050781
12.207031 224.609375
14.648438 224.609375
17.089844 222.167969
19.53125 222.167969
21.972656 219.726563
21.972656 217.285156
24.414063 214.84375
26.855469 212.402344
29.296875 209.960938
29.296875 207.519531
31.738281 205.078125
34.179688 202.636719
36.621094 200.195313
39.0625 197.753906
39.0625 195.3125
39.0625 192.871094
41.503906 190.429688
41.503906 187.988281
43.945313 185.546875
43.945313 183.105469
46.386719 180.664063
46.386719 178.222656
46.386719 175.78125
48.828125 173.339844
48.828125 170.898438
48.828125 168.457031
51.269531 166.015625
51.269531 163.574219
51.269531 161.132813
51.269531 158.691406
53.710938 156.25
53.710938 153.808594
56.152344 151.367188
58.59375 148.925781
58.59375 146.484375
61.035156 144.042969
63.476563 141.601563
63.476563 139.160156
65.917969 136.71875
68.359375 134.277344
70.800781 131.835938
73.242188 129.394531
75.683594 126.953125
75.683594 124.511719
78.125 122.070313
80.566406 119.628906
83.007813 117.1875
85.449219 114.746094
87.890625 112.304688
90.332031 109.863281
90.332031 107.421875
92.773438 104.980469
95.214844 102.539063
97.65625 100.097656
100.097656 97.65625
100.097656 95.214844
102.539063 92.773438
104.980469 90.332031
107.421875 87.890625
109.863281 85.449219
112.304688 85.449219
114.746094 83.007813
117.1875 80.566406
119.628906 78.125
122.070313 75.683594
124.511719 73.242188
126.953125 70.800781
129.394531 68.359375
131.835938 65.917969
134.277344 65.917969
136.71875 63.476563
139.160156 61.035156
141.601563 61.035156
144.042969 58.59375
146.484375 58.59375
148.925781 56.152344
151.367188 56.152344
153.808594 53.710938
156.25 51.269531
158.691406 48.828125
161.132813 48.828125
163.574219 46.386719
166.015625 46.386719
168.457031 43.945313
170.898438 41.503906
173.339844 41.503906
175.78125 39.0625
178.222656 39.0625
180.664063 36.621094
183.105469 36.621094
185.546875 34.179688
187.988281 34.179688
190.429688 31.738281
192.871094 31.738281
195.3125 29.296875
197.753906 26.855469
200.195313 24.414063
202.636719 21.972656
205.078125 21.972656
207.519531 19.53125
209.960938 17.089844
212.402344 14.648438
214.84375 12.207031
217.285156 9.765625
219.726563 9.765625
222.167969 7.324219
