36.621094 112.304688
36.621094 109.863281
36.621094 107.421875
34.179688 104.980469
34.179688 102.539063
34.179688 100.097656
34.179688 97.65625
34.179688 95.214844
34.179688 92.773438
34.179688 90.332031
34.179688 87.890625
34.179688 85.449219
34.179688 83.007813
34.179688 80.566406
34.179688 78.125
34.179688 75.683594
34.179688 73.242188
31.738281 70.800781
29.296875 68.359375
29.296875 65.917969
29.296875 63.476563
26.855469 61.035156
26.855469 58.59375
26.855469 56.152344
26.855469 53.710938
24.414063 51.269531
24.414063 48.828125
24.414063 46.386719
24.414063 43.945313
24.414063 41.503906
21.972656 39.0625
21.972656 36.621094
21.972656 34.179688
21.972656 31.738281
19.53125 29.296875
19.53125 26.855469
17.089844 24.414063
17.089844 21.972656
14.648438 19.53125
14.648438 17.089844
12.207031 14.648438
12.207031 12.207031
12.207031 9.765625
