183.105469 7.324219
180.664063 9.765625
178.222656 9.765625
175.78125 12.207031
173.339844 14.648438
170.898438 17.089844
170.898438 19.53125
168.457031 21.972656
166.015625 21.972656
163.574219 21.972656
161.132813 24.414063
158.691406 24.414063
156.25 24.414063
153.808594 26.855469
151.367188 26.855469
148.925781 26.855469
146.484375 26.855469
144.042969 26.855469
141.601563 26.855469
139.160156 29.296875
136.71875 29.296875
134.277344 29.296875
131.835938 29.296875
129.394531 29.296875
126.953125 29.296875
124.511719 29.296875
122.070313 29.296875
119.628906 29.296875
117.1875 29.296875
114.746094 29.296875
112.304688 31.738281
109.863281 31.738281
107.421875 31.738281
104.980469 31.738281
102.539063 31.738281
100.097656 31.738281
97.65625 31.738281
95.214844 31.738281
92.773438 34.179688
90.332031 34.179688
87.890625 34.179688
85.449219 34.179688
83.007813 34.179688
80.566406 34.179688
78.125 36.621094
75.683594 36.621094
73.242188 36.621094
70.800781 36.621094
68.359375 36.621094
65.917969 36.621094
63.476563 36.621094
61.035156 36.621094
58.59375 36.621094
56.152344 36.621094
53.710938 36.621094
51.269531 36.621094
48.828125 36.621094
46.386719 36.621094
43.945313 34.179688
41.503906 34.179688
39.0625 34.179688
36.621094 34.179688
34.179688 31.738281
31.738281 31.738281
29.296875 31.738281
26.855469 29.296875
24.414063 29.296875
21.972656 26.855469
19.53125 26.855469
17.089844 26.855469
14.648438 24.414063
12.207031 24.414063
9.765625 21.972656
9.765625 19.53125
7.324219 17.089844
7.324219 14.648438
4.882813 12.207031
4.882813 9.765625
4.882813 7.324219
4.882813 4.882813
