190.429688 197.753906
187.988281 197.753906
185.546875 200.195313
183.105469 200.195313
180.664063 200.195313
178.222656 200.195313
175.78125 200.195313
173.339844 200.195313
170.898438 200.195313
168.457031 200.195313
166.015625 200.195313
163.574219 200.195313
161.132813 200.195313
158.691406 200.195313
156.25 200.195313
153.808594 197.753906
151.367188 200.195313
148.925781 200.195313
146.484375 200.195313
144.042969 200.195313
141.601563 200.195313
139.160156 200.195313
136.71875 200.195313
134.277344 200.195313
131.835938 200.195313
129.394531 202.636719
126.953125 202.636719
124.511719 202.636719
122.070313 202.636719
119.628906 202.636719
117.1875 205.078125
114.746094 205.078125
112.304688 205.078125
109.863281 205.078125
107.421875 205.078125
104.980469 205.078125
102.539063 205.078125
100.097656 205.078125
97.65625 205.078125
95.214844 205.078125
92.773438 202.636719
90.332031 202.636719
87.890625 202.636719
85.449219 205.078125
83.007813 205.078125
80.566406 205.078125
78.125 202.636719
75.683594 202.636719
73.242188 200.195313
70.800781 197.753906
70.800781 195.3125
70.800781 192.871094
70.800781 190.429688
70.800781 187.988281
70.800781 185.546875
70.800781 183.105469
70.800781 180.664063
70.800781 178.222656
68.359375 175.78125
68.359375 173.339844
68.359375 170.898438
68.359375 168.457031
65.917969 166.015625
65.917969 163.574219
65.917969 161.132813
63.476563 158.691406
63.476563 156.25
61.035156 153.808594
61.035156 151.367188
58.59375 148.925781
58.59375 146.484375
58.59375 144.042969
58.59375 141.601563
58.59375 139.160156
56.152344 136.71875
56.152344 134.277344
56.152344 131.835938
56.152344 129.394531
56.152344 126.953125
56.152344 124.511719
53.710938 122.070313
53.710938 119.628906
53.710938 117.1875
51.269531 114.746094
51.269531 112.304688
51.269531 109.863281
51.269531 107.421875
48.828125 104.980469
48.828125 102.539063
46.386719 100.097656
46.386719 97.65625
46.386719 95.214844
46.386719 92.773438
46.386719 90.332031
46.386719 87.890625
46.386719 85.449219
43.945313 83.007813
43.945313 80.566406
41.503906 78.125
39.0625 75.683594
39.0625 73.242188
36.621094 70.800781
36.621094 68.359375
36.621094 65.917969
36.621094 63.476563
34.179688 61.035156
34.179688 58.59375
34.179688 56.152344
31.738281 53.710938
31.738281 51.269531
31.738281 48.828125
29.296875 46.386719
29.296875 43.945313
26.855469 41.503906
26.855469 39.0625
24.414063 36.621094
21.972656 34.179688
21.972656 31.738281
19.53125 29.296875
19.53125 26.855469
19.53125 24.414063
19.53125 21.972656
17.089844 19.53125
17.089844 17.089844
17.089844 14.648438
