48.828125 78.125
48.828125 75.683594
48.828125 73.242188
48.828125 70.800781
46.386719 68.359375
43.945313 65.917969
41.503906 63.476563
39.0625 61.035156
36.621094 58.59375
34.179688 56.152344
34.179688 53.710938
31.738281 51.269531
29.296875 48.828125
26.855469 46.386719
26.855469 43.945313
24.414063 41.503906
24.414063 39.0625
21.972656 36.621094
21.972656 34.179688
19.53125 31.738281
19.53125 29.296875
19.53125 26.855469
19.53125 24.414063
19.53125 21.972656
17.089844 19.53125
17.089844 17.089844
