90.332031 56.152344
87.890625 56.152344
85.449219 53.710938
83.007813 53.710938
80.566406 53.710938
78.125 53.710938
75.683594 53.710938
73.242188 51.269531
70.800781 51.269531
68.359375 48.828125
65.917969 46.386719
63.476563 46.386719
61.035156 43.945313
58.59375 41.503906
56.152344 41.503906
53.710938 41.503906
51.269531 39.0625
48.828125 36.621094
46.386719 36.621094
43.945313 34.179688
41.503906 34.179688
39.0625 31.738281
36.621094 31.738281
34.179688 29.296875
31.738281 29.296875
29.296875 26.855469
26.855469 26.855469
24.414063 24.414063
24.414063 21.972656
