29.296875 68.359375
29.296875 65.917969
26.855469 63.476563
26.855469 61.035156
26.855469 58.59375
24.414063 56.152344
24.414063 53.710938
21.972656 51.269531
21.972656 48.828125
21.972656 46.386719
19.53125 43.945313
19.53125 41.503906
17.089844 39.0625
17.089844 36.621094
14.648438 34.179688
14.648438 31.738281
14.648438 29.296875
12.207031 26.855469
12.207031 24.414063
9.765625 21.972656
9.765625 19.53125
9.765625 17.089844
7.324219 14.648438
7.324219 12.207031
7.324219 9.765625
7.324219 7.324219
7.324219 4.882813
