12.207031 70.800781
14.648438 68.359375
17.089844 65.917969
19.53125 65.917969
21.972656 65.917969
24.414063 65.917969
26.855469 65.917969
29.296875 65.917969
31.738281 65.917969
34.179688 65.917969
36.621094 63.476563
39.0625 65.917969
41.503906 65.917969
43.945313 65.917969
46.386719 65.917969
48.828125 63.476563
51.269531 63.476563
53.710938 63.476563
56.152344 61.035156
58.59375 61.035156
61.035156 58.59375
63.476563 58.59375
65.917969 58.59375
68.359375 56.152344
70.800781 56.152344
73.242188 56.152344
75.683594 53.710938
78.125 53.710938
80.566406 53.710938
83.007813 53.710938
85.449219 53.710938
87.890625 51.269531
90.332031 51.269531
92.773438 48.828125
95.214844 46.386719
97.65625 43.945313
100.097656 43.945313
102.539063 41.503906
104.980469 39.0625
107.421875 39.0625
109.863281 36.621094
112.304688 34.179688
114.746094 34.179688
117.1875 31.738281
119.628906 29.296875
122.070313 29.296875
124.511719 26.855469
126.953125 26.855469
129.394531 24.414063
131.835938 21.972656
134.277344 21.972656
136.71875 19.53125
139.160156 19.53125
141.601563 17.089844
144.042969 14.648438
146.484375 14.648438
148.925781 14.648438
151.367188 12.207031
153.808594 12.207031
156.25 12.207031
158.691406 9.765625
161.132813 9.765625
163.574219 9.765625
166.015625 9.765625
168.457031 9.765625
170.898438 9.765625
