17.089844 41.503906
19.53125 39.0625
21.972656 39.0625
24.414063 36.621094
26.855469 36.621094
29.296875 34.179688
31.738281 34.179688
34.179688 31.738281
36.621094 29.296875
39.0625 29.296875
41.503906 29.296875
43.945313 26.855469
46.386719 26.855469
48.828125 24.414063
51.269531 24.414063
53.710938 24.414063
56.152344 24.414063
58.59375 21.972656
61.035156 21.972656
63.476563 21.972656
65.917969 21.972656
68.359375 19.53125
70.800781 19.53125
73.242188 19.53125
75.683594 19.53125
78.125 19.53125
80.566406 19.53125
83.007813 17.089844
85.449219 17.089844
87.890625 17.089844
