21.972656 117.1875
21.972656 114.746094
21.972656 112.304688
21.972656 109.863281
21.972656 107.421875
21.972656 104.980469
21.972656 102.539063
19.53125 100.097656
17.089844 97.65625
17.089844 95.214844
14.648438 92.773438
14.648438 90.332031
14.648438 87.890625
14.648438 85.449219
14.648438 83.007813
14.648438 80.566406
14.648438 78.125
14.648438 75.683594
12.207031 73.242188
12.207031 70.800781
12.207031 68.359375
12.207031 65.917969
12.207031 63.476563
12.207031 61.035156
12.207031 58.59375
12.207031 56.152344
12.207031 53.710938
12.207031 51.269531
12.207031 48.828125
12.207031 46.386719
12.207031 43.945313
12.207031 41.503906
12.207031 39.0625
12.207031 36.621094
12.207031 34.179688
12.207031 31.738281
12.207031 29.296875
12.207031 26.855469
12.207031 24.414063
12.207031 21.972656
12.207031 19.53125
12.207031 17.089844
12.207031 14.648438
12.207031 12.207031
12.207031 9.765625
12.207031 7.324219
