14.648438 95.214844
14.648438 92.773438
17.089844 90.332031
17.089844 87.890625
19.53125 85.449219
19.53125 83.007813
21.972656 80.566406
21.972656 78.125
21.972656 75.683594
24.414063 73.242188
24.414063 70.800781
24.414063 68.359375
26.855469 65.917969
26.855469 63.476563
26.855469 61.035156
29.296875 58.59375
29.296875 56.152344
31.738281 53.710938
31.738281 51.269531
31.738281 48.828125
34.179688 46.386719
34.179688 43.945313
36.621094 41.503906
36.621094 39.0625
39.0625 36.621094
41.503906 34.179688
41.503906 31.738281
43.945313 29.296875
46.386719 26.855469
46.386719 24.414063
48.828125 21.972656
48.828125 19.53125
