78.125 146.484375
78.125 144.042969
75.683594 141.601563
75.683594 139.160156
75.683594 136.71875
75.683594 134.277344
73.242188 131.835938
73.242188 129.394531
73.242188 126.953125
70.800781 124.511719
70.800781 122.070313
68.359375 119.628906
65.917969 117.1875
65.917969 114.746094
63.476563 112.304688
63.476563 109.863281
61.035156 107.421875
58.59375 104.980469
58.59375 102.539063
56.152344 100.097656
56.152344 97.65625
53.710938 95.214844
53.710938 92.773438
51.269531 90.332031
51.269531 87.890625
48.828125 85.449219
48.828125 83.007813
46.386719 80.566406
46.386719 78.125
43.945313 75.683594
41.503906 73.242188
41.503906 70.800781
39.0625 68.359375
39.0625 65.917969
36.621094 63.476563
36.621094 61.035156
34.179688 58.59375
31.738281 56.152344
31.738281 53.710938
29.296875 51.269531
26.855469 48.828125
26.855469 46.386719
26.855469 43.945313
24.414063 41.503906
24.414063 39.0625
24.414063 36.621094
21.972656 34.179688
21.972656 31.738281
19.53125 29.296875
17.089844 26.855469
17.089844 24.414063
17.089844 21.972656
17.089844 19.53125
17.089844 17.089844
17.089844 14.648438
