17.089844 136.71875
19.53125 136.71875
21.972656 136.71875
24.414063 136.71875
26.855469 136.71875
29.296875 136.71875
31.738281 134.277344
34.179688 134.277344
36.621094 134.277344
39.0625 134.277344
41.503906 131.835938
43.945313 131.835938
46.386719 131.835938
48.828125 131.835938
51.269531 129.394531
53.710938 129.394531
56.152344 129.394531
58.59375 129.394531
61.035156 129.394531
63.476563 129.394531
65.917969 129.394531
68.359375 126.953125
70.800781 126.953125
73.242188 126.953125
75.683594 124.511719
78.125 124.511719
80.566406 124.511719
83.007813 124.511719
85.449219 122.070313
87.890625 122.070313
90.332031 122.070313
92.773438 119.628906
95.214844 119.628906
97.65625 117.1875
100.097656 117.1875
102.539063 117.1875
104.980469 117.1875
107.421875 114.746094
109.863281 114.746094
112.304688 112.304688
114.746094 109.863281
117.1875 109.863281
119.628906 107.421875
122.070313 107.421875
124.511719 104.980469
126.953125 104.980469
129.394531 104.980469
131.835938 102.539063
134.277344 102.539063
136.71875 100.097656
139.160156 97.65625
141.601563 97.65625
144.042969 95.214844
146.484375 95.214844
148.925781 92.773438
151.367188 92.773438
153.808594 90.332031
156.25 90.332031
158.691406 87.890625
161.132813 87.890625
163.574219 85.449219
166.015625 85.449219
168.457031 85.449219
170.898438 85.449219
173.339844 83.007813
175.78125 80.566406
178.222656 80.566406
180.664063 80.566406
183.105469 78.125
185.546875 75.683594
187.988281 75.683594
190.429688 73.242188
192.871094 73.242188
195.3125 70.800781
197.753906 70.800781
200.195313 68.359375
202.636719 68.359375
205.078125 65.917969
207.519531 65.917969
209.960938 63.476563
212.402344 63.476563
214.84375 61.035156
217.285156 61.035156
219.726563 58.59375
222.167969 58.59375
224.609375 58.59375
227.050781 56.152344
229.492188 56.152344
231.933594 53.710938
234.375 53.710938
236.816406 51.269531
239.257813 48.828125
241.699219 46.386719
244.140625 43.945313
246.582031 41.503906
249.023438 39.0625
251.464844 36.621094
253.90625 36.621094
256.347656 34.179688
258.789063 31.738281
261.230469 29.296875
261.230469 26.855469
263.671875 24.414063
