12.207031 58.59375
14.648438 56.152344
17.089844 56.152344
19.53125 56.152344
21.972656 53.710938
24.414063 53.710938
26.855469 53.710938
29.296875 53.710938
31.738281 51.269531
34.179688 51.269531
36.621094 51.269531
39.0625 48.828125
41.503906 48.828125
43.945313 46.386719
46.386719 46.386719
48.828125 43.945313
51.269531 43.945313
53.710938 41.503906
56.152344 41.503906
58.59375 39.0625
61.035156 39.0625
63.476563 39.0625
65.917969 36.621094
68.359375 36.621094
70.800781 36.621094
73.242188 36.621094
75.683594 34.179688
78.125 34.179688
80.566406 34.179688
83.007813 34.179688
85.449219 31.738281
87.890625 31.738281
90.332031 31.738281
92.773438 29.296875
95.214844 29.296875
97.65625 29.296875
100.097656 29.296875
102.539063 26.855469
104.980469 26.855469
107.421875 26.855469
109.863281 26.855469
112.304688 26.855469
114.746094 26.855469
117.1875 24.414063
119.628906 24.414063
122.070313 24.414063
124.511719 24.414063
126.953125 24.414063
129.394531 24.414063
131.835938 21.972656
134.277344 21.972656
136.71875 21.972656
139.160156 21.972656
141.601563 21.972656
144.042969 19.53125
146.484375 19.53125
148.925781 19.53125
151.367188 19.53125
153.808594 19.53125
156.25 17.089844
