19.53125 109.863281
19.53125 107.421875
19.53125 104.980469
19.53125 102.539063
19.53125 100.097656
19.53125 97.65625
19.53125 95.214844
19.53125 92.773438
19.53125 90.332031
19.53125 87.890625
19.53125 85.449219
19.53125 83.007813
19.53125 80.566406
19.53125 78.125
19.53125 75.683594
19.53125 73.242188
19.53125 70.800781
19.53125 68.359375
21.972656 65.917969
21.972656 63.476563
21.972656 61.035156
21.972656 58.59375
24.414063 56.152344
24.414063 53.710938
24.414063 51.269531
24.414063 48.828125
24.414063 46.386719
24.414063 43.945313
26.855469 41.503906
26.855469 39.0625
29.296875 36.621094
29.296875 34.179688
31.738281 31.738281
31.738281 29.296875
31.738281 26.855469
34.179688 24.414063
34.179688 21.972656
36.621094 19.53125
36.621094 17.089844
39.0625 14.648438
39.0625 12.207031
39.0625 9.765625
