14.648438 68.359375
17.089844 68.359375
19.53125 68.359375
21.972656 68.359375
24.414063 68.359375
26.855469 68.359375
29.296875 68.359375
31.738281 68.359375
34.179688 68.359375
36.621094 68.359375
39.0625 68.359375
41.503906 68.359375
43.945313 68.359375
46.386719 68.359375
48.828125 68.359375
51.269531 68.359375
53.710938 68.359375
56.152344 65.917969
58.59375 65.917969
61.035156 65.917969
63.476563 65.917969
65.917969 65.917969
68.359375 65.917969
70.800781 65.917969
73.242188 65.917969
75.683594 63.476563
78.125 63.476563
80.566406 63.476563
83.007813 61.035156
85.449219 61.035156
87.890625 61.035156
90.332031 61.035156
92.773438 58.59375
95.214844 58.59375
97.65625 58.59375
100.097656 58.59375
102.539063 56.152344
104.980469 56.152344
107.421875 56.152344
109.863281 56.152344
112.304688 56.152344
114.746094 56.152344
117.1875 56.152344
119.628906 53.710938
122.070313 53.710938
124.511719 53.710938
126.953125 53.710938
129.394531 53.710938
131.835938 53.710938
134.277344 53.710938
136.71875 53.710938
139.160156 53.710938
141.601563 51.269531
144.042969 51.269531
146.484375 51.269531
148.925781 51.269531
151.367188 51.269531
153.808594 51.269531
156.25 48.828125
158.691406 48.828125
161.132813 48.828125
163.574219 48.828125
166.015625 46.386719
168.457031 46.386719
170.898438 46.386719
173.339844 43.945313
175.78125 43.945313
178.222656 41.503906
180.664063 41.503906
183.105469 39.0625
185.546875 39.0625
187.988281 36.621094
190.429688 36.621094
192.871094 34.179688
195.3125 31.738281
197.753906 31.738281
200.195313 29.296875
202.636719 26.855469
205.078125 26.855469
207.519531 24.414063
209.960938 24.414063
212.402344 21.972656
214.84375 21.972656
217.285156 21.972656
219.726563 21.972656
222.167969 21.972656
224.609375 19.53125
227.050781 19.53125
