17.089844 58.59375
19.53125 56.152344
21.972656 56.152344
24.414063 56.152344
26.855469 56.152344
29.296875 56.152344
31.738281 53.710938
34.179688 53.710938
36.621094 51.269531
39.0625 51.269531
41.503906 51.269531
43.945313 48.828125
46.386719 46.386719
48.828125 46.386719
51.269531 43.945313
53.710938 43.945313
56.152344 41.503906
58.59375 39.0625
61.035156 39.0625
63.476563 36.621094
65.917969 36.621094
68.359375 34.179688
70.800781 34.179688
73.242188 34.179688
75.683594 31.738281
78.125 31.738281
80.566406 31.738281
83.007813 29.296875
85.449219 29.296875
87.890625 26.855469
90.332031 26.855469
92.773438 24.414063
95.214844 24.414063
97.65625 24.414063
100.097656 24.414063
102.539063 24.414063
104.980469 24.414063
107.421875 24.414063
109.863281 26.855469
112.304688 29.296875
114.746094 29.296875
