17.089844 78.125
17.089844 75.683594
19.53125 73.242188
19.53125 70.800781
19.53125 68.359375
19.53125 65.917969
21.972656 63.476563
21.972656 61.035156
21.972656 58.59375
24.414063 56.152344
24.414063 53.710938
24.414063 51.269531
26.855469 48.828125
26.855469 46.386719
26.855469 43.945313
26.855469 41.503906
26.855469 39.0625
29.296875 36.621094
29.296875 34.179688
31.738281 31.738281
31.738281 29.296875
31.738281 26.855469
34.179688 24.414063
36.621094 24.414063
39.0625 21.972656
41.503906 19.53125
