83.007813 53.710938
80.566406 51.269531
78.125 51.269531
75.683594 51.269531
73.242188 51.269531
70.800781 51.269531
68.359375 48.828125
65.917969 48.828125
63.476563 46.386719
61.035156 46.386719
58.59375 43.945313
56.152344 43.945313
53.710938 43.945313
51.269531 41.503906
48.828125 39.0625
46.386719 39.0625
43.945313 36.621094
41.503906 34.179688
39.0625 31.738281
36.621094 29.296875
34.179688 29.296875
31.738281 26.855469
29.296875 24.414063
26.855469 24.414063
24.414063 21.972656
21.972656 19.53125
