87.890625 212.402344
87.890625 209.960938
85.449219 207.519531
83.007813 205.078125
80.566406 202.636719
78.125 200.195313
78.125 197.753906
75.683594 195.3125
75.683594 192.871094
73.242188 190.429688
70.800781 187.988281
70.800781 185.546875
68.359375 183.105469
65.917969 180.664063
65.917969 178.222656
65.917969 175.78125
63.476563 173.339844
63.476563 170.898438
63.476563 168.457031
61.035156 166.015625
61.035156 163.574219
58.59375 161.132813
58.59375 158.691406
56.152344 156.25
56.152344 153.808594
56.152344 151.367188
53.710938 148.925781
53.710938 146.484375
51.269531 144.042969
48.828125 141.601563
48.828125 139.160156
48.828125 136.71875
46.386719 134.277344
46.386719 131.835938
43.945313 129.394531
43.945313 126.953125
41.503906 124.511719
41.503906 122.070313
41.503906 119.628906
39.0625 117.1875
39.0625 114.746094
36.621094 112.304688
36.621094 109.863281
34.179688 107.421875
34.179688 104.980469
31.738281 102.539063
31.738281 100.097656
31.738281 97.65625
31.738281 95.214844
34.179688 92.773438
34.179688 90.332031
34.179688 87.890625
36.621094 85.449219
36.621094 83.007813
34.179688 80.566406
31.738281 78.125
29.296875 75.683594
29.296875 73.242188
26.855469 70.800781
26.855469 68.359375
24.414063 65.917969
24.414063 63.476563
24.414063 61.035156
24.414063 58.59375
21.972656 56.152344
21.972656 53.710938
21.972656 51.269531
19.53125 48.828125
19.53125 46.386719
19.53125 43.945313
21.972656 41.503906
21.972656 39.0625
21.972656 36.621094
21.972656 34.179688
21.972656 31.738281
21.972656 29.296875
21.972656 26.855469
24.414063 24.414063
24.414063 21.972656
24.414063 19.53125
24.414063 17.089844
24.414063 14.648438
