17.089844 136.71875
17.089844 134.277344
17.089844 131.835938
17.089844 129.394531
17.089844 126.953125
19.53125 124.511719
19.53125 122.070313
21.972656 119.628906
21.972656 117.1875
21.972656 114.746094
21.972656 112.304688
24.414063 109.863281
24.414063 107.421875
24.414063 104.980469
24.414063 102.539063
26.855469 100.097656
26.855469 97.65625
26.855469 95.214844
29.296875 92.773438
29.296875 90.332031
31.738281 87.890625
31.738281 85.449219
34.179688 83.007813
34.179688 80.566406
36.621094 78.125
36.621094 75.683594
39.0625 73.242188
39.0625 70.800781
41.503906 68.359375
41.503906 65.917969
41.503906 63.476563
43.945313 61.035156
43.945313 58.59375
43.945313 56.152344
43.945313 53.710938
43.945313 51.269531
43.945313 48.828125
46.386719 46.386719
46.386719 43.945313
46.386719 41.503906
46.386719 39.0625
48.828125 36.621094
48.828125 34.179688
48.828125 31.738281
48.828125 29.296875
51.269531 26.855469
51.269531 24.414063
51.269531 21.972656
51.269531 19.53125
51.269531 17.089844
