24.414063 102.539063
24.414063 100.097656
21.972656 97.65625
19.53125 95.214844
19.53125 92.773438
21.972656 90.332031
21.972656 87.890625
21.972656 85.449219
21.972656 83.007813
21.972656 80.566406
21.972656 78.125
21.972656 75.683594
21.972656 73.242188
21.972656 70.800781
24.414063 68.359375
24.414063 65.917969
24.414063 63.476563
24.414063 61.035156
26.855469 58.59375
26.855469 56.152344
29.296875 53.710938
29.296875 51.269531
29.296875 48.828125
29.296875 46.386719
31.738281 43.945313
31.738281 41.503906
34.179688 39.0625
34.179688 36.621094
36.621094 34.179688
36.621094 31.738281
39.0625 29.296875
39.0625 26.855469
39.0625 24.414063
39.0625 21.972656
41.503906 19.53125
41.503906 17.089844
