97.65625 537.109375
97.65625 534.667969
97.65625 532.226563
97.65625 529.785156
97.65625 527.34375
97.65625 524.902344
97.65625 522.460938
97.65625 520.019531
97.65625 517.578125
97.65625 515.136719
97.65625 512.695313
100.097656 510.253906
100.097656 507.8125
102.539063 505.371094
102.539063 502.929688
102.539063 500.488281
102.539063 498.046875
102.539063 495.605469
100.097656 493.164063
100.097656 490.722656
100.097656 488.28125
100.097656 485.839844
100.097656 483.398438
100.097656 480.957031
100.097656 478.515625
100.097656 476.074219
100.097656 473.632813
100.097656 471.191406
100.097656 468.75
100.097656 466.308594
100.097656 463.867188
100.097656 461.425781
100.097656 458.984375
100.097656 456.542969
100.097656 454.101563
100.097656 451.660156
100.097656 449.21875
100.097656 446.777344
102.539063 444.335938
102.539063 441.894531
102.539063 439.453125
102.539063 437.011719
102.539063 434.570313
102.539063 432.128906
102.539063 429.6875
102.539063 427.246094
102.539063 424.804688
102.539063 422.363281
102.539063 419.921875
102.539063 417.480469
102.539063 415.039063
102.539063 412.597656
102.539063 410.15625
102.539063 407.714844
102.539063 405.273438
102.539063 402.832031
102.539063 400.390625
102.539063 397.949219
102.539063 395.507813
102.539063 393.066406
102.539063 390.625
104.980469 388.183594
104.980469 385.742188
104.980469 383.300781
104.980469 380.859375
104.980469 378.417969
102.539063 375.976563
102.539063 373.535156
102.539063 371.09375
102.539063 368.652344
102.539063 366.210938
102.539063 363.769531
102.539063 361.328125
102.539063 358.886719
100.097656 356.445313
100.097656 354.003906
100.097656 351.5625
100.097656 349.121094
100.097656 346.679688
100.097656 344.238281
102.539063 341.796875
102.539063 339.355469
102.539063 336.914063
102.539063 334.472656
102.539063 332.03125
102.539063 329.589844
104.980469 327.148438
104.980469 324.707031
104.980469 322.265625
104.980469 319.824219
104.980469 317.382813
104.980469 314.941406
104.980469 312.5
104.980469 310.058594
104.980469 307.617188
102.539063 305.175781
102.539063 302.734375
102.539063 300.292969
102.539063 297.851563
102.539063 295.410156
102.539063 292.96875
102.539063 290.527344
102.539063 288.085938
102.539063 285.644531
102.539063 283.203125
100.097656 280.761719
100.097656 278.320313
100.097656 275.878906
100.097656 273.4375
97.65625 270.996094
97.65625 268.554688
97.65625 266.113281
97.65625 263.671875
97.65625 261.230469
97.65625 258.789063
97.65625 256.347656
97.65625 253.90625
97.65625 251.464844
95.214844 249.023438
95.214844 246.582031
95.214844 244.140625
92.773438 241.699219
92.773438 239.257813
90.332031 236.816406
90.332031 234.375
87.890625 231.933594
87.890625 229.492188
87.890625 227.050781
87.890625 224.609375
87.890625 222.167969
87.890625 219.726563
85.449219 217.285156
85.449219 214.84375
85.449219 212.402344
85.449219 209.960938
83.007813 207.519531
83.007813 205.078125
83.007813 202.636719
83.007813 200.195313
83.007813 197.753906
80.566406 195.3125
80.566406 192.871094
80.566406 190.429688
80.566406 187.988281
78.125 185.546875
78.125 183.105469
75.683594 180.664063
75.683594 178.222656
75.683594 175.78125
73.242188 173.339844
73.242188 170.898438
70.800781 168.457031
70.800781 166.015625
68.359375 163.574219
68.359375 161.132813
68.359375 158.691406
68.359375 156.25
65.917969 153.808594
65.917969 151.367188
65.917969 148.925781
65.917969 146.484375
65.917969 144.042969
65.917969 141.601563
63.476563 139.160156
63.476563 136.71875
63.476563 134.277344
61.035156 131.835938
61.035156 129.394531
58.59375 126.953125
58.59375 124.511719
56.152344 122.070313
56.152344 119.628906
53.710938 117.1875
53.710938 114.746094
51.269531 112.304688
51.269531 109.863281
48.828125 107.421875
48.828125 104.980469
46.386719 102.539063
46.386719 100.097656
46.386719 97.65625
43.945313 95.214844
41.503906 92.773438
41.503906 90.332031
39.0625 87.890625
39.0625 85.449219
36.621094 83.007813
36.621094 80.566406
36.621094 78.125
34.179688 75.683594
34.179688 73.242188
34.179688 70.800781
31.738281 68.359375
31.738281 65.917969
31.738281 63.476563
29.296875 61.035156
29.296875 58.59375
26.855469 56.152344
26.855469 53.710938
26.855469 51.269531
24.414063 48.828125
24.414063 46.386719
24.414063 43.945313
21.972656 41.503906
21.972656 39.0625
21.972656 36.621094
21.972656 34.179688
21.972656 31.738281
19.53125 29.296875
19.53125 26.855469
19.53125 24.414063
17.089844 21.972656
17.089844 19.53125
17.089844 17.089844
17.089844 14.648438
