21.972656 117.1875
24.414063 114.746094
24.414063 112.304688
24.414063 109.863281
26.855469 107.421875
26.855469 104.980469
29.296875 102.539063
29.296875 100.097656
31.738281 97.65625
31.738281 95.214844
34.179688 92.773438
36.621094 90.332031
39.0625 87.890625
41.503906 85.449219
41.503906 83.007813
41.503906 80.566406
43.945313 78.125
43.945313 75.683594
43.945313 73.242188
43.945313 70.800781
43.945313 68.359375
43.945313 65.917969
46.386719 63.476563
46.386719 61.035156
48.828125 58.59375
48.828125 56.152344
48.828125 53.710938
48.828125 51.269531
51.269531 48.828125
51.269531 46.386719
51.269531 43.945313
53.710938 41.503906
53.710938 39.0625
56.152344 36.621094
56.152344 34.179688
58.59375 31.738281
58.59375 29.296875
58.59375 26.855469
58.59375 24.414063
58.59375 21.972656
56.152344 19.53125
