12.207031 100.097656
14.648438 100.097656
17.089844 100.097656
19.53125 97.65625
21.972656 97.65625
24.414063 97.65625
26.855469 95.214844
29.296875 95.214844
31.738281 95.214844
34.179688 92.773438
36.621094 92.773438
39.0625 90.332031
41.503906 87.890625
43.945313 87.890625
46.386719 85.449219
48.828125 83.007813
51.269531 80.566406
53.710938 78.125
56.152344 75.683594
58.59375 75.683594
61.035156 73.242188
63.476563 73.242188
65.917969 70.800781
68.359375 70.800781
70.800781 70.800781
73.242188 68.359375
75.683594 68.359375
78.125 68.359375
80.566406 68.359375
83.007813 68.359375
85.449219 65.917969
87.890625 65.917969
90.332031 63.476563
92.773438 63.476563
95.214844 63.476563
97.65625 61.035156
100.097656 58.59375
102.539063 58.59375
104.980469 56.152344
107.421875 56.152344
109.863281 53.710938
112.304688 53.710938
114.746094 51.269531
117.1875 51.269531
119.628906 51.269531
122.070313 48.828125
124.511719 48.828125
126.953125 48.828125
129.394531 46.386719
131.835938 46.386719
134.277344 46.386719
136.71875 43.945313
139.160156 43.945313
141.601563 41.503906
144.042969 41.503906
146.484375 41.503906
148.925781 41.503906
151.367188 39.0625
153.808594 39.0625
156.25 36.621094
158.691406 36.621094
161.132813 36.621094
163.574219 36.621094
166.015625 36.621094
168.457031 36.621094
170.898438 36.621094
173.339844 36.621094
175.78125 36.621094
178.222656 36.621094
180.664063 36.621094
183.105469 36.621094
185.546875 36.621094
187.988281 34.179688
190.429688 34.179688
192.871094 31.738281
195.3125 31.738281
197.753906 31.738281
200.195313 31.738281
202.636719 29.296875
205.078125 29.296875
207.519531 29.296875
209.960938 29.296875
212.402344 29.296875
214.84375 26.855469
217.285156 26.855469
219.726563 26.855469
222.167969 24.414063
224.609375 24.414063
227.050781 21.972656
229.492188 21.972656
231.933594 19.53125
234.375 19.53125
236.816406 17.089844
239.257813 17.089844
241.699219 14.648438
244.140625 14.648438
246.582031 14.648438
249.023438 14.648438
251.464844 14.648438
253.90625 14.648438
256.347656 14.648438
258.789063 14.648438
261.230469 14.648438
263.671875 17.089844
266.113281 17.089844
268.554688 17.089844
270.996094 17.089844
273.4375 17.089844
275.878906 17.089844
