12.207031 197.753906
12.207031 195.3125
12.207031 192.871094
14.648438 190.429688
14.648438 187.988281
14.648438 185.546875
14.648438 183.105469
17.089844 180.664063
17.089844 178.222656
17.089844 175.78125
19.53125 173.339844
19.53125 170.898438
19.53125 168.457031
19.53125 166.015625
19.53125 163.574219
19.53125 161.132813
19.53125 158.691406
19.53125 156.25
19.53125 153.808594
19.53125 151.367188
19.53125 148.925781
21.972656 146.484375
21.972656 144.042969
21.972656 141.601563
24.414063 139.160156
24.414063 136.71875
26.855469 134.277344
26.855469 131.835938
29.296875 129.394531
29.296875 126.953125
29.296875 124.511719
31.738281 122.070313
31.738281 119.628906
31.738281 117.1875
34.179688 114.746094
34.179688 112.304688
36.621094 109.863281
36.621094 107.421875
39.0625 104.980469
39.0625 102.539063
41.503906 100.097656
41.503906 97.65625
43.945313 95.214844
43.945313 92.773438
46.386719 90.332031
46.386719 87.890625
48.828125 85.449219
51.269531 83.007813
51.269531 80.566406
53.710938 78.125
56.152344 75.683594
58.59375 73.242188
58.59375 70.800781
61.035156 68.359375
63.476563 65.917969
63.476563 63.476563
65.917969 61.035156
68.359375 58.59375
70.800781 56.152344
70.800781 53.710938
73.242188 51.269531
75.683594 48.828125
75.683594 46.386719
78.125 43.945313
80.566406 41.503906
80.566406 39.0625
83.007813 36.621094
83.007813 34.179688
85.449219 31.738281
87.890625 29.296875
87.890625 26.855469
90.332031 24.414063
90.332031 21.972656
92.773438 19.53125
92.773438 17.089844
95.214844 14.648438
95.214844 12.207031
