19.53125 92.773438
19.53125 90.332031
19.53125 87.890625
19.53125 85.449219
21.972656 83.007813
21.972656 80.566406
21.972656 78.125
21.972656 75.683594
24.414063 73.242188
24.414063 70.800781
24.414063 68.359375
26.855469 65.917969
26.855469 63.476563
26.855469 61.035156
29.296875 58.59375
29.296875 56.152344
29.296875 53.710938
29.296875 51.269531
31.738281 48.828125
31.738281 46.386719
34.179688 43.945313
34.179688 41.503906
36.621094 39.0625
36.621094 36.621094
36.621094 34.179688
39.0625 31.738281
39.0625 29.296875
41.503906 26.855469
41.503906 24.414063
43.945313 21.972656
43.945313 19.53125
46.386719 17.089844
46.386719 14.648438
