4.882813 170.898438
4.882813 168.457031
7.324219 166.015625
9.765625 163.574219
12.207031 161.132813
12.207031 158.691406
14.648438 156.25
17.089844 153.808594
19.53125 151.367188
19.53125 148.925781
21.972656 146.484375
24.414063 144.042969
26.855469 141.601563
29.296875 139.160156
31.738281 139.160156
34.179688 136.71875
36.621094 136.71875
39.0625 136.71875
41.503906 134.277344
43.945313 134.277344
46.386719 131.835938
48.828125 129.394531
51.269531 129.394531
53.710938 126.953125
56.152344 126.953125
58.59375 124.511719
61.035156 124.511719
63.476563 124.511719
65.917969 122.070313
68.359375 122.070313
70.800781 119.628906
73.242188 117.1875
75.683594 114.746094
78.125 114.746094
80.566406 112.304688
83.007813 109.863281
85.449219 109.863281
87.890625 107.421875
90.332031 104.980469
92.773438 102.539063
95.214844 102.539063
97.65625 100.097656
100.097656 97.65625
102.539063 97.65625
104.980469 95.214844
107.421875 92.773438
109.863281 90.332031
112.304688 90.332031
114.746094 87.890625
117.1875 85.449219
119.628906 85.449219
122.070313 83.007813
124.511719 80.566406
126.953125 78.125
129.394531 78.125
131.835938 75.683594
134.277344 73.242188
136.71875 70.800781
139.160156 70.800781
141.601563 68.359375
144.042969 65.917969
146.484375 65.917969
148.925781 63.476563
151.367188 61.035156
153.808594 61.035156
156.25 58.59375
158.691406 58.59375
161.132813 58.59375
163.574219 56.152344
166.015625 56.152344
168.457031 53.710938
170.898438 53.710938
173.339844 51.269531
175.78125 51.269531
178.222656 48.828125
180.664063 46.386719
183.105469 46.386719
185.546875 43.945313
187.988281 41.503906
190.429688 39.0625
192.871094 39.0625
195.3125 36.621094
197.753906 34.179688
200.195313 34.179688
202.636719 31.738281
205.078125 29.296875
207.519531 29.296875
209.960938 26.855469
212.402344 26.855469
214.84375 24.414063
217.285156 24.414063
219.726563 24.414063
222.167969 21.972656
224.609375 21.972656
227.050781 21.972656
229.492188 21.972656
231.933594 19.53125
234.375 19.53125
236.816406 19.53125
239.257813 17.089844
