48.828125 75.683594
48.828125 73.242188
48.828125 70.800781
46.386719 68.359375
46.386719 65.917969
46.386719 63.476563
43.945313 61.035156
43.945313 58.59375
43.945313 56.152344
41.503906 53.710938
39.0625 51.269531
36.621094 48.828125
34.179688 46.386719
34.179688 43.945313
31.738281 41.503906
31.738281 39.0625
29.296875 36.621094
29.296875 34.179688
26.855469 31.738281
24.414063 29.296875
24.414063 26.855469
21.972656 24.414063
21.972656 21.972656
19.53125 19.53125
17.089844 17.089844
17.089844 14.648438
