12.207031 53.710938
12.207031 51.269531
14.648438 48.828125
17.089844 46.386719
19.53125 43.945313
21.972656 43.945313
24.414063 41.503906
26.855469 39.0625
29.296875 39.0625
31.738281 36.621094
34.179688 36.621094
36.621094 34.179688
39.0625 34.179688
41.503906 31.738281
43.945313 31.738281
46.386719 31.738281
48.828125 29.296875
51.269531 29.296875
53.710938 29.296875
56.152344 26.855469
58.59375 26.855469
61.035156 26.855469
63.476563 24.414063
65.917969 24.414063
68.359375 21.972656
70.800781 21.972656
73.242188 19.53125
75.683594 17.089844
