205.078125 239.257813
202.636719 239.257813
200.195313 239.257813
197.753906 236.816406
195.3125 236.816406
192.871094 234.375
190.429688 234.375
187.988281 231.933594
185.546875 231.933594
183.105469 231.933594
180.664063 229.492188
178.222656 229.492188
175.78125 227.050781
173.339844 227.050781
170.898438 227.050781
168.457031 224.609375
166.015625 224.609375
163.574219 222.167969
161.132813 222.167969
158.691406 219.726563
156.25 219.726563
153.808594 217.285156
151.367188 217.285156
148.925781 214.84375
146.484375 212.402344
144.042969 212.402344
141.601563 209.960938
139.160156 207.519531
136.71875 207.519531
134.277344 207.519531
131.835938 205.078125
129.394531 205.078125
126.953125 202.636719
124.511719 202.636719
122.070313 200.195313
119.628906 197.753906
117.1875 197.753906
114.746094 195.3125
112.304688 195.3125
109.863281 192.871094
107.421875 192.871094
104.980469 190.429688
102.539063 187.988281
100.097656 185.546875
97.65625 183.105469
95.214844 180.664063
92.773438 178.222656
90.332031 175.78125
87.890625 173.339844
87.890625 170.898438
85.449219 168.457031
83.007813 166.015625
80.566406 163.574219
78.125 161.132813
75.683594 158.691406
73.242188 156.25
70.800781 153.808594
68.359375 151.367188
65.917969 148.925781
65.917969 146.484375
63.476563 144.042969
63.476563 141.601563
61.035156 139.160156
61.035156 136.71875
58.59375 134.277344
56.152344 131.835938
56.152344 129.394531
53.710938 126.953125
53.710938 124.511719
53.710938 122.070313
51.269531 119.628906
51.269531 117.1875
51.269531 114.746094
48.828125 112.304688
46.386719 109.863281
46.386719 107.421875
46.386719 104.980469
43.945313 102.539063
43.945313 100.097656
41.503906 97.65625
41.503906 95.214844
39.0625 92.773438
39.0625 90.332031
39.0625 87.890625
36.621094 85.449219
36.621094 83.007813
36.621094 80.566406
34.179688 78.125
34.179688 75.683594
31.738281 73.242188
31.738281 70.800781
31.738281 68.359375
29.296875 65.917969
26.855469 63.476563
26.855469 61.035156
26.855469 58.59375
24.414063 56.152344
24.414063 53.710938
24.414063 51.269531
24.414063 48.828125
21.972656 46.386719
21.972656 43.945313
21.972656 41.503906
21.972656 39.0625
21.972656 36.621094
19.53125 34.179688
19.53125 31.738281
19.53125 29.296875
19.53125 26.855469
17.089844 24.414063
17.089844 21.972656
17.089844 19.53125
17.089844 17.089844
14.648438 14.648438
14.648438 12.207031
