12.207031 65.917969
14.648438 63.476563
17.089844 61.035156
19.53125 58.59375
21.972656 58.59375
24.414063 56.152344
26.855469 56.152344
29.296875 53.710938
31.738281 51.269531
34.179688 48.828125
36.621094 48.828125
39.0625 46.386719
41.503906 43.945313
43.945313 41.503906
46.386719 39.0625
48.828125 39.0625
51.269531 36.621094
53.710938 34.179688
56.152344 31.738281
58.59375 29.296875
61.035156 26.855469
63.476563 24.414063
65.917969 24.414063
68.359375 21.972656
68.359375 19.53125
70.800781 17.089844
73.242188 17.089844
75.683594 14.648438
78.125 12.207031
80.566406 9.765625
83.007813 7.324219
