97.65625 21.972656
95.214844 21.972656
92.773438 21.972656
90.332031 21.972656
87.890625 19.53125
85.449219 19.53125
83.007813 19.53125
80.566406 17.089844
78.125 17.089844
75.683594 17.089844
73.242188 17.089844
70.800781 17.089844
68.359375 17.089844
65.917969 17.089844
63.476563 17.089844
61.035156 17.089844
58.59375 17.089844
56.152344 17.089844
53.710938 14.648438
51.269531 14.648438
48.828125 14.648438
46.386719 14.648438
43.945313 14.648438
41.503906 14.648438
39.0625 17.089844
36.621094 17.089844
34.179688 17.089844
31.738281 17.089844
29.296875 17.089844
26.855469 17.089844
24.414063 17.089844
21.972656 19.53125
19.53125 19.53125
17.089844 21.972656
14.648438 21.972656
12.207031 21.972656
9.765625 24.414063
