12.207031 70.800781
14.648438 68.359375
17.089844 65.917969
19.53125 63.476563
21.972656 63.476563
24.414063 61.035156
26.855469 61.035156
29.296875 58.59375
31.738281 58.59375
34.179688 56.152344
36.621094 56.152344
39.0625 56.152344
41.503906 53.710938
43.945313 53.710938
46.386719 51.269531
48.828125 51.269531
51.269531 48.828125
53.710938 48.828125
56.152344 46.386719
58.59375 43.945313
61.035156 43.945313
63.476563 41.503906
65.917969 39.0625
68.359375 39.0625
70.800781 36.621094
73.242188 34.179688
75.683594 31.738281
78.125 31.738281
80.566406 29.296875
83.007813 26.855469
85.449219 24.414063
85.449219 21.972656
87.890625 19.53125
90.332031 17.089844
92.773438 14.648438
