19.53125 249.023438
21.972656 246.582031
24.414063 246.582031
26.855469 244.140625
29.296875 244.140625
31.738281 241.699219
34.179688 239.257813
36.621094 236.816406
39.0625 234.375
41.503906 231.933594
43.945313 229.492188
46.386719 227.050781
48.828125 224.609375
51.269531 222.167969
53.710938 219.726563
53.710938 217.285156
56.152344 214.84375
58.59375 212.402344
61.035156 209.960938
61.035156 207.519531
63.476563 205.078125
65.917969 202.636719
65.917969 200.195313
65.917969 197.753906
68.359375 195.3125
68.359375 192.871094
70.800781 190.429688
70.800781 187.988281
73.242188 185.546875
73.242188 183.105469
75.683594 180.664063
75.683594 178.222656
78.125 175.78125
80.566406 173.339844
83.007813 170.898438
83.007813 168.457031
85.449219 166.015625
87.890625 163.574219
90.332031 161.132813
92.773438 158.691406
95.214844 156.25
95.214844 153.808594
97.65625 151.367188
100.097656 148.925781
102.539063 146.484375
104.980469 144.042969
107.421875 141.601563
109.863281 139.160156
109.863281 136.71875
112.304688 134.277344
114.746094 131.835938
114.746094 129.394531
117.1875 126.953125
119.628906 124.511719
119.628906 122.070313
122.070313 119.628906
124.511719 117.1875
126.953125 114.746094
126.953125 112.304688
129.394531 109.863281
129.394531 107.421875
131.835938 104.980469
134.277344 102.539063
134.277344 100.097656
136.71875 97.65625
139.160156 95.214844
139.160156 92.773438
141.601563 90.332031
144.042969 87.890625
146.484375 85.449219
146.484375 83.007813
148.925781 80.566406
151.367188 78.125
151.367188 75.683594
153.808594 73.242188
156.25 70.800781
156.25 68.359375
158.691406 65.917969
161.132813 63.476563
163.574219 61.035156
163.574219 58.59375
166.015625 56.152344
168.457031 53.710938
170.898438 51.269531
173.339844 48.828125
175.78125 46.386719
178.222656 46.386719
180.664063 43.945313
183.105469 41.503906
185.546875 39.0625
187.988281 36.621094
190.429688 34.179688
192.871094 34.179688
195.3125 31.738281
197.753906 29.296875
200.195313 26.855469
202.636719 24.414063
205.078125 24.414063
207.519531 24.414063
209.960938 24.414063
212.402344 21.972656
214.84375 21.972656
217.285156 19.53125
219.726563 19.53125
222.167969 19.53125
224.609375 19.53125
227.050781 17.089844
229.492188 17.089844
231.933594 17.089844
234.375 17.089844
236.816406 14.648438
236.816406 12.207031
