19.53125 119.628906
19.53125 117.1875
19.53125 114.746094
19.53125 112.304688
19.53125 109.863281
19.53125 107.421875
19.53125 104.980469
19.53125 102.539063
19.53125 100.097656
19.53125 97.65625
19.53125 95.214844
19.53125 92.773438
19.53125 90.332031
19.53125 87.890625
21.972656 85.449219
21.972656 83.007813
21.972656 80.566406
21.972656 78.125
21.972656 75.683594
24.414063 73.242188
24.414063 70.800781
24.414063 68.359375
26.855469 65.917969
26.855469 63.476563
26.855469 61.035156
29.296875 58.59375
29.296875 56.152344
31.738281 53.710938
31.738281 51.269531
34.179688 48.828125
34.179688 46.386719
34.179688 43.945313
34.179688 41.503906
34.179688 39.0625
34.179688 36.621094
36.621094 34.179688
36.621094 31.738281
36.621094 29.296875
36.621094 26.855469
36.621094 24.414063
36.621094 21.972656
36.621094 19.53125
36.621094 17.089844
36.621094 14.648438
