75.683594 36.621094
73.242188 34.179688
70.800781 34.179688
68.359375 31.738281
65.917969 29.296875
63.476563 29.296875
61.035156 29.296875
58.59375 26.855469
56.152344 24.414063
53.710938 24.414063
51.269531 21.972656
48.828125 21.972656
46.386719 21.972656
43.945313 19.53125
41.503906 19.53125
39.0625 19.53125
36.621094 19.53125
34.179688 19.53125
31.738281 19.53125
29.296875 17.089844
26.855469 19.53125
24.414063 19.53125
21.972656 17.089844
19.53125 17.089844
17.089844 17.089844
14.648438 19.53125
