166.015625 63.476563
163.574219 63.476563
161.132813 65.917969
158.691406 65.917969
156.25 65.917969
153.808594 65.917969
151.367188 65.917969
148.925781 65.917969
146.484375 65.917969
144.042969 63.476563
141.601563 63.476563
139.160156 63.476563
136.71875 63.476563
134.277344 63.476563
131.835938 63.476563
129.394531 61.035156
126.953125 61.035156
124.511719 61.035156
122.070313 61.035156
119.628906 61.035156
117.1875 58.59375
114.746094 58.59375
112.304688 58.59375
109.863281 58.59375
107.421875 56.152344
104.980469 56.152344
102.539063 56.152344
100.097656 53.710938
97.65625 53.710938
95.214844 51.269531
92.773438 51.269531
90.332031 51.269531
87.890625 51.269531
85.449219 48.828125
83.007813 48.828125
80.566406 48.828125
78.125 48.828125
75.683594 48.828125
73.242188 46.386719
70.800781 46.386719
68.359375 46.386719
65.917969 46.386719
63.476563 43.945313
61.035156 43.945313
58.59375 43.945313
56.152344 41.503906
53.710938 41.503906
51.269531 41.503906
48.828125 41.503906
46.386719 39.0625
43.945313 39.0625
41.503906 36.621094
39.0625 36.621094
36.621094 34.179688
34.179688 31.738281
31.738281 31.738281
29.296875 29.296875
26.855469 29.296875
24.414063 26.855469
21.972656 24.414063
21.972656 21.972656
19.53125 19.53125
17.089844 17.089844
17.089844 14.648438
