170.898438 19.53125
168.457031 19.53125
166.015625 19.53125
163.574219 19.53125
161.132813 19.53125
158.691406 19.53125
156.25 19.53125
153.808594 19.53125
151.367188 19.53125
148.925781 19.53125
146.484375 19.53125
144.042969 17.089844
141.601563 17.089844
139.160156 17.089844
136.71875 17.089844
134.277344 17.089844
131.835938 17.089844
129.394531 17.089844
126.953125 17.089844
124.511719 17.089844
122.070313 17.089844
119.628906 17.089844
117.1875 17.089844
114.746094 17.089844
112.304688 17.089844
109.863281 17.089844
107.421875 17.089844
104.980469 17.089844
102.539063 17.089844
100.097656 17.089844
97.65625 17.089844
95.214844 17.089844
92.773438 17.089844
90.332031 17.089844
87.890625 17.089844
85.449219 17.089844
83.007813 17.089844
80.566406 17.089844
78.125 17.089844
75.683594 17.089844
73.242188 19.53125
70.800781 19.53125
68.359375 19.53125
65.917969 19.53125
63.476563 19.53125
61.035156 21.972656
58.59375 21.972656
56.152344 21.972656
53.710938 21.972656
51.269531 24.414063
48.828125 24.414063
46.386719 24.414063
43.945313 26.855469
41.503906 26.855469
39.0625 26.855469
36.621094 26.855469
34.179688 29.296875
31.738281 29.296875
29.296875 29.296875
26.855469 29.296875
24.414063 29.296875
21.972656 29.296875
19.53125 29.296875
17.089844 29.296875
