17.089844 273.4375
17.089844 270.996094
19.53125 268.554688
21.972656 266.113281
21.972656 263.671875
24.414063 261.230469
26.855469 258.789063
29.296875 256.347656
29.296875 253.90625
31.738281 251.464844
34.179688 249.023438
36.621094 246.582031
39.0625 246.582031
41.503906 244.140625
43.945313 241.699219
46.386719 241.699219
48.828125 241.699219
51.269531 239.257813
53.710938 236.816406
56.152344 234.375
58.59375 231.933594
61.035156 229.492188
63.476563 227.050781
65.917969 224.609375
68.359375 222.167969
70.800781 219.726563
73.242188 217.285156
75.683594 214.84375
78.125 214.84375
80.566406 212.402344
83.007813 212.402344
85.449219 209.960938
87.890625 207.519531
90.332031 205.078125
92.773438 205.078125
95.214844 205.078125
97.65625 202.636719
100.097656 200.195313
102.539063 197.753906
104.980469 195.3125
107.421875 192.871094
107.421875 190.429688
109.863281 187.988281
112.304688 185.546875
114.746094 183.105469
117.1875 180.664063
119.628906 178.222656
122.070313 175.78125
124.511719 173.339844
126.953125 170.898438
129.394531 168.457031
131.835938 168.457031
134.277344 166.015625
134.277344 163.574219
136.71875 161.132813
139.160156 158.691406
139.160156 156.25
139.160156 153.808594
139.160156 151.367188
141.601563 148.925781
141.601563 146.484375
141.601563 144.042969
144.042969 141.601563
144.042969 139.160156
144.042969 136.71875
146.484375 134.277344
146.484375 131.835938
146.484375 129.394531
148.925781 126.953125
148.925781 124.511719
151.367188 122.070313
151.367188 119.628906
151.367188 117.1875
153.808594 114.746094
153.808594 112.304688
153.808594 109.863281
153.808594 107.421875
153.808594 104.980469
156.25 102.539063
156.25 100.097656
156.25 97.65625
156.25 95.214844
158.691406 92.773438
158.691406 90.332031
158.691406 87.890625
158.691406 85.449219
161.132813 83.007813
161.132813 80.566406
161.132813 78.125
163.574219 75.683594
163.574219 73.242188
166.015625 70.800781
166.015625 68.359375
166.015625 65.917969
168.457031 63.476563
168.457031 61.035156
168.457031 58.59375
170.898438 56.152344
170.898438 53.710938
170.898438 51.269531
173.339844 48.828125
173.339844 46.386719
173.339844 43.945313
175.78125 41.503906
175.78125 39.0625
175.78125 36.621094
175.78125 34.179688
178.222656 31.738281
178.222656 29.296875
180.664063 26.855469
180.664063 24.414063
183.105469 21.972656
183.105469 19.53125
183.105469 17.089844
