124.511719 24.414063
122.070313 24.414063
119.628906 24.414063
117.1875 21.972656
114.746094 21.972656
112.304688 21.972656
109.863281 21.972656
107.421875 19.53125
104.980469 19.53125
102.539063 19.53125
100.097656 19.53125
97.65625 19.53125
95.214844 19.53125
92.773438 19.53125
90.332031 19.53125
87.890625 19.53125
85.449219 19.53125
83.007813 19.53125
80.566406 19.53125
78.125 19.53125
75.683594 19.53125
73.242188 19.53125
70.800781 19.53125
68.359375 19.53125
65.917969 19.53125
63.476563 19.53125
61.035156 19.53125
58.59375 17.089844
56.152344 17.089844
53.710938 17.089844
51.269531 17.089844
48.828125 17.089844
46.386719 17.089844
43.945313 14.648438
41.503906 14.648438
39.0625 14.648438
36.621094 14.648438
34.179688 14.648438
31.738281 14.648438
29.296875 14.648438
26.855469 14.648438
24.414063 14.648438
21.972656 14.648438
19.53125 14.648438
17.089844 14.648438
14.648438 14.648438
12.207031 14.648438
