41.503906 134.277344
41.503906 131.835938
41.503906 129.394531
41.503906 126.953125
41.503906 124.511719
41.503906 122.070313
41.503906 119.628906
39.0625 117.1875
39.0625 114.746094
39.0625 112.304688
39.0625 109.863281
39.0625 107.421875
36.621094 104.980469
36.621094 102.539063
36.621094 100.097656
34.179688 97.65625
34.179688 95.214844
34.179688 92.773438
31.738281 90.332031
31.738281 87.890625
29.296875 85.449219
29.296875 83.007813
29.296875 80.566406
29.296875 78.125
26.855469 75.683594
26.855469 73.242188
26.855469 70.800781
26.855469 68.359375
24.414063 65.917969
24.414063 63.476563
24.414063 61.035156
21.972656 58.59375
21.972656 56.152344
21.972656 53.710938
21.972656 51.269531
19.53125 48.828125
19.53125 46.386719
19.53125 43.945313
19.53125 41.503906
17.089844 39.0625
17.089844 36.621094
17.089844 34.179688
17.089844 31.738281
17.089844 29.296875
17.089844 26.855469
17.089844 24.414063
17.089844 21.972656
14.648438 19.53125
14.648438 17.089844
14.648438 14.648438
14.648438 12.207031
