234.375 68.359375
231.933594 68.359375
229.492188 68.359375
227.050781 68.359375
224.609375 68.359375
222.167969 68.359375
219.726563 68.359375
217.285156 68.359375
214.84375 68.359375
212.402344 68.359375
209.960938 65.917969
207.519531 65.917969
205.078125 65.917969
202.636719 65.917969
200.195313 63.476563
197.753906 63.476563
195.3125 63.476563
192.871094 61.035156
190.429688 61.035156
187.988281 58.59375
185.546875 58.59375
183.105469 56.152344
180.664063 56.152344
178.222656 53.710938
175.78125 53.710938
173.339844 51.269531
170.898438 48.828125
168.457031 46.386719
166.015625 43.945313
163.574219 41.503906
161.132813 41.503906
158.691406 39.0625
156.25 36.621094
153.808594 34.179688
151.367188 34.179688
148.925781 31.738281
146.484375 31.738281
144.042969 31.738281
141.601563 31.738281
139.160156 31.738281
136.71875 31.738281
134.277344 31.738281
131.835938 29.296875
129.394531 29.296875
126.953125 29.296875
124.511719 29.296875
122.070313 26.855469
119.628906 26.855469
117.1875 26.855469
114.746094 24.414063
112.304688 24.414063
109.863281 24.414063
107.421875 24.414063
104.980469 21.972656
102.539063 21.972656
100.097656 21.972656
97.65625 19.53125
95.214844 19.53125
92.773438 19.53125
90.332031 19.53125
87.890625 19.53125
85.449219 19.53125
83.007813 19.53125
80.566406 19.53125
78.125 17.089844
75.683594 17.089844
73.242188 17.089844
70.800781 17.089844
68.359375 17.089844
65.917969 17.089844
63.476563 17.089844
61.035156 17.089844
58.59375 17.089844
56.152344 17.089844
53.710938 17.089844
51.269531 17.089844
48.828125 17.089844
46.386719 17.089844
43.945313 17.089844
41.503906 17.089844
39.0625 17.089844
36.621094 17.089844
34.179688 17.089844
31.738281 17.089844
29.296875 17.089844
26.855469 17.089844
24.414063 17.089844
21.972656 17.089844
19.53125 17.089844
17.089844 19.53125
14.648438 17.089844
12.207031 17.089844
9.765625 17.089844
7.324219 19.53125
