104.980469 107.421875
104.980469 104.980469
102.539063 102.539063
100.097656 100.097656
97.65625 97.65625
95.214844 97.65625
92.773438 95.214844
90.332031 92.773438
87.890625 90.332031
85.449219 90.332031
83.007813 87.890625
80.566406 85.449219
78.125 83.007813
75.683594 83.007813
73.242188 80.566406
70.800781 78.125
68.359375 78.125
65.917969 75.683594
63.476563 73.242188
61.035156 70.800781
58.59375 68.359375
56.152344 65.917969
53.710938 63.476563
51.269531 63.476563
48.828125 61.035156
46.386719 58.59375
43.945313 56.152344
41.503906 53.710938
39.0625 51.269531
36.621094 48.828125
36.621094 46.386719
34.179688 43.945313
34.179688 41.503906
34.179688 39.0625
34.179688 36.621094
36.621094 34.179688
36.621094 31.738281
36.621094 29.296875
36.621094 26.855469
36.621094 24.414063
36.621094 21.972656
