136.71875 114.746094
136.71875 112.304688
136.71875 109.863281
134.277344 107.421875
134.277344 104.980469
131.835938 102.539063
129.394531 100.097656
126.953125 97.65625
124.511719 95.214844
122.070313 92.773438
119.628906 90.332031
119.628906 87.890625
117.1875 85.449219
114.746094 83.007813
112.304688 83.007813
109.863281 80.566406
107.421875 78.125
104.980469 78.125
102.539063 75.683594
100.097656 75.683594
97.65625 73.242188
95.214844 73.242188
92.773438 70.800781
90.332031 68.359375
87.890625 68.359375
85.449219 65.917969
83.007813 65.917969
80.566406 63.476563
78.125 63.476563
75.683594 61.035156
73.242188 61.035156
70.800781 58.59375
68.359375 58.59375
65.917969 56.152344
63.476563 56.152344
61.035156 53.710938
58.59375 51.269531
56.152344 51.269531
53.710938 48.828125
51.269531 46.386719
48.828125 46.386719
46.386719 43.945313
43.945313 41.503906
41.503906 39.0625
39.0625 39.0625
36.621094 36.621094
34.179688 34.179688
31.738281 31.738281
29.296875 29.296875
26.855469 26.855469
24.414063 24.414063
24.414063 21.972656
21.972656 19.53125
19.53125 19.53125
