14.648438 151.367188
14.648438 148.925781
17.089844 146.484375
17.089844 144.042969
17.089844 141.601563
19.53125 139.160156
19.53125 136.71875
19.53125 134.277344
19.53125 131.835938
21.972656 129.394531
21.972656 126.953125
21.972656 124.511719
24.414063 122.070313
24.414063 119.628906
24.414063 117.1875
26.855469 114.746094
26.855469 112.304688
29.296875 109.863281
29.296875 107.421875
31.738281 104.980469
31.738281 102.539063
34.179688 100.097656
36.621094 97.65625
36.621094 95.214844
39.0625 92.773438
39.0625 90.332031
41.503906 87.890625
41.503906 85.449219
43.945313 83.007813
43.945313 80.566406
46.386719 78.125
46.386719 75.683594
48.828125 73.242188
48.828125 70.800781
51.269531 68.359375
51.269531 65.917969
51.269531 63.476563
53.710938 61.035156
53.710938 58.59375
53.710938 56.152344
56.152344 53.710938
56.152344 51.269531
58.59375 48.828125
58.59375 46.386719
58.59375 43.945313
61.035156 41.503906
61.035156 39.0625
61.035156 36.621094
61.035156 34.179688
63.476563 31.738281
63.476563 29.296875
63.476563 26.855469
63.476563 24.414063
63.476563 21.972656
63.476563 19.53125
63.476563 17.089844
63.476563 14.648438
