9.765625 109.863281
9.765625 107.421875
12.207031 104.980469
12.207031 102.539063
14.648438 100.097656
14.648438 97.65625
17.089844 95.214844
19.53125 92.773438
19.53125 90.332031
21.972656 87.890625
24.414063 85.449219
24.414063 83.007813
26.855469 80.566406
29.296875 78.125
29.296875 75.683594
31.738281 73.242188
34.179688 70.800781
34.179688 68.359375
36.621094 65.917969
39.0625 63.476563
39.0625 61.035156
41.503906 58.59375
43.945313 56.152344
46.386719 53.710938
46.386719 51.269531
48.828125 48.828125
51.269531 46.386719
53.710938 43.945313
56.152344 41.503906
56.152344 39.0625
58.59375 36.621094
61.035156 34.179688
63.476563 31.738281
65.917969 29.296875
65.917969 26.855469
68.359375 24.414063
70.800781 21.972656
70.800781 19.53125
73.242188 17.089844
75.683594 17.089844
78.125 14.648438
80.566406 12.207031
