161.132813 144.042969
161.132813 141.601563
158.691406 139.160156
156.25 136.71875
153.808594 136.71875
151.367188 134.277344
148.925781 134.277344
146.484375 131.835938
144.042969 129.394531
141.601563 129.394531
139.160156 126.953125
136.71875 126.953125
134.277344 124.511719
131.835938 122.070313
129.394531 119.628906
126.953125 117.1875
124.511719 114.746094
122.070313 112.304688
119.628906 109.863281
117.1875 107.421875
114.746094 104.980469
112.304688 104.980469
109.863281 102.539063
107.421875 100.097656
104.980469 97.65625
102.539063 95.214844
100.097656 92.773438
97.65625 92.773438
95.214844 90.332031
95.214844 87.890625
92.773438 85.449219
92.773438 83.007813
90.332031 80.566406
90.332031 78.125
90.332031 75.683594
90.332031 73.242188
87.890625 70.800781
85.449219 68.359375
85.449219 65.917969
85.449219 63.476563
85.449219 61.035156
85.449219 58.59375
85.449219 56.152344
85.449219 53.710938
85.449219 51.269531
87.890625 48.828125
90.332031 46.386719
92.773438 46.386719
95.214844 43.945313
97.65625 43.945313
100.097656 41.503906
102.539063 41.503906
104.980469 39.0625
107.421875 39.0625
109.863281 36.621094
112.304688 36.621094
114.746094 34.179688
117.1875 34.179688
119.628906 34.179688
122.070313 34.179688
124.511719 31.738281
126.953125 31.738281
129.394531 31.738281
131.835938 31.738281
134.277344 29.296875
136.71875 29.296875
139.160156 29.296875
141.601563 29.296875
144.042969 29.296875
146.484375 29.296875
148.925781 29.296875
151.367188 29.296875
153.808594 29.296875
156.25 29.296875
158.691406 29.296875
161.132813 29.296875
163.574219 26.855469
166.015625 26.855469
168.457031 26.855469
170.898438 26.855469
173.339844 26.855469
175.78125 24.414063
178.222656 24.414063
180.664063 24.414063
183.105469 24.414063
185.546875 21.972656
187.988281 21.972656
190.429688 19.53125
192.871094 19.53125
195.3125 17.089844
195.3125 14.648438
