148.925781 63.476563
146.484375 63.476563
144.042969 63.476563
141.601563 63.476563
139.160156 63.476563
136.71875 63.476563
134.277344 63.476563
131.835938 63.476563
129.394531 63.476563
126.953125 63.476563
124.511719 61.035156
122.070313 61.035156
119.628906 61.035156
117.1875 61.035156
114.746094 58.59375
112.304688 58.59375
109.863281 58.59375
107.421875 58.59375
104.980469 56.152344
102.539063 56.152344
100.097656 56.152344
97.65625 53.710938
95.214844 53.710938
92.773438 53.710938
90.332031 51.269531
87.890625 51.269531
85.449219 51.269531
83.007813 51.269531
80.566406 48.828125
78.125 48.828125
75.683594 48.828125
73.242188 46.386719
70.800781 46.386719
68.359375 46.386719
65.917969 43.945313
63.476563 43.945313
61.035156 43.945313
58.59375 41.503906
56.152344 41.503906
53.710938 39.0625
51.269531 39.0625
48.828125 39.0625
46.386719 36.621094
43.945313 36.621094
41.503906 34.179688
39.0625 31.738281
36.621094 31.738281
34.179688 31.738281
31.738281 29.296875
29.296875 26.855469
26.855469 24.414063
24.414063 21.972656
21.972656 19.53125
19.53125 17.089844
17.089844 17.089844
