134.277344 36.621094
131.835938 36.621094
129.394531 34.179688
126.953125 34.179688
124.511719 34.179688
122.070313 31.738281
119.628906 31.738281
117.1875 29.296875
114.746094 29.296875
112.304688 26.855469
109.863281 26.855469
107.421875 26.855469
104.980469 26.855469
102.539063 26.855469
100.097656 26.855469
97.65625 26.855469
95.214844 26.855469
92.773438 26.855469
90.332031 26.855469
87.890625 26.855469
85.449219 26.855469
83.007813 24.414063
80.566406 24.414063
78.125 24.414063
75.683594 24.414063
73.242188 24.414063
70.800781 24.414063
68.359375 24.414063
65.917969 24.414063
63.476563 24.414063
61.035156 24.414063
58.59375 24.414063
56.152344 24.414063
53.710938 24.414063
51.269531 24.414063
48.828125 24.414063
46.386719 21.972656
43.945313 21.972656
41.503906 21.972656
39.0625 21.972656
36.621094 21.972656
34.179688 19.53125
31.738281 19.53125
29.296875 19.53125
26.855469 19.53125
24.414063 17.089844
21.972656 17.089844
19.53125 19.53125
17.089844 19.53125
14.648438 19.53125
12.207031 21.972656
9.765625 24.414063
