39.0625 92.773438
39.0625 90.332031
39.0625 87.890625
36.621094 85.449219
36.621094 83.007813
36.621094 80.566406
36.621094 78.125
34.179688 75.683594
34.179688 73.242188
34.179688 70.800781
31.738281 68.359375
31.738281 65.917969
31.738281 63.476563
29.296875 61.035156
29.296875 58.59375
29.296875 56.152344
26.855469 53.710938
24.414063 51.269531
24.414063 48.828125
24.414063 46.386719
24.414063 43.945313
24.414063 41.503906
21.972656 39.0625
21.972656 36.621094
21.972656 34.179688
19.53125 31.738281
19.53125 29.296875
19.53125 26.855469
19.53125 24.414063
19.53125 21.972656
19.53125 19.53125
17.089844 17.089844
17.089844 14.648438
