185.546875 58.59375
183.105469 61.035156
180.664063 61.035156
178.222656 63.476563
175.78125 63.476563
173.339844 65.917969
170.898438 68.359375
168.457031 68.359375
166.015625 70.800781
163.574219 73.242188
161.132813 73.242188
158.691406 73.242188
156.25 75.683594
153.808594 75.683594
151.367188 75.683594
148.925781 78.125
146.484375 78.125
144.042969 78.125
141.601563 78.125
139.160156 78.125
136.71875 78.125
134.277344 78.125
131.835938 80.566406
129.394531 80.566406
126.953125 80.566406
124.511719 80.566406
122.070313 80.566406
119.628906 83.007813
117.1875 83.007813
114.746094 83.007813
112.304688 80.566406
109.863281 78.125
107.421875 78.125
104.980469 75.683594
102.539063 73.242188
100.097656 73.242188
97.65625 73.242188
95.214844 70.800781
92.773438 70.800781
90.332031 68.359375
87.890625 68.359375
85.449219 65.917969
83.007813 63.476563
80.566406 63.476563
78.125 61.035156
75.683594 61.035156
73.242188 58.59375
70.800781 58.59375
68.359375 56.152344
65.917969 53.710938
63.476563 51.269531
61.035156 48.828125
58.59375 46.386719
56.152344 43.945313
53.710938 41.503906
51.269531 41.503906
48.828125 39.0625
46.386719 39.0625
43.945313 36.621094
41.503906 34.179688
39.0625 31.738281
36.621094 31.738281
34.179688 31.738281
31.738281 29.296875
29.296875 26.855469
26.855469 26.855469
24.414063 24.414063
21.972656 21.972656
21.972656 19.53125
