80.566406 117.1875
80.566406 114.746094
83.007813 112.304688
83.007813 109.863281
85.449219 107.421875
85.449219 104.980469
85.449219 102.539063
85.449219 100.097656
83.007813 97.65625
83.007813 95.214844
80.566406 92.773438
80.566406 90.332031
80.566406 87.890625
78.125 85.449219
75.683594 83.007813
75.683594 80.566406
73.242188 78.125
73.242188 75.683594
70.800781 73.242188
68.359375 70.800781
65.917969 68.359375
65.917969 65.917969
63.476563 63.476563
61.035156 61.035156
61.035156 58.59375
58.59375 56.152344
58.59375 53.710938
56.152344 51.269531
53.710938 48.828125
51.269531 46.386719
48.828125 43.945313
46.386719 41.503906
43.945313 41.503906
41.503906 39.0625
39.0625 36.621094
36.621094 34.179688
34.179688 31.738281
31.738281 29.296875
29.296875 26.855469
26.855469 24.414063
26.855469 21.972656
24.414063 19.53125
21.972656 19.53125
19.53125 17.089844
17.089844 17.089844
