36.621094 114.746094
39.0625 112.304688
41.503906 109.863281
43.945313 107.421875
43.945313 104.980469
46.386719 102.539063
48.828125 100.097656
51.269531 97.65625
53.710938 95.214844
56.152344 92.773438
58.59375 90.332031
61.035156 87.890625
63.476563 87.890625
65.917969 85.449219
68.359375 83.007813
70.800781 80.566406
73.242188 78.125
75.683594 75.683594
75.683594 73.242188
75.683594 70.800781
75.683594 68.359375
73.242188 65.917969
70.800781 63.476563
68.359375 61.035156
65.917969 61.035156
63.476563 61.035156
61.035156 61.035156
58.59375 61.035156
56.152344 61.035156
53.710938 58.59375
51.269531 58.59375
48.828125 58.59375
46.386719 58.59375
43.945313 58.59375
41.503906 56.152344
39.0625 56.152344
36.621094 56.152344
34.179688 53.710938
31.738281 53.710938
29.296875 53.710938
26.855469 53.710938
24.414063 53.710938
21.972656 51.269531
19.53125 51.269531
