122.070313 21.972656
119.628906 21.972656
117.1875 21.972656
114.746094 24.414063
112.304688 24.414063
109.863281 24.414063
107.421875 21.972656
104.980469 21.972656
102.539063 21.972656
100.097656 21.972656
97.65625 21.972656
95.214844 21.972656
92.773438 21.972656
90.332031 21.972656
87.890625 21.972656
85.449219 21.972656
83.007813 21.972656
80.566406 21.972656
78.125 21.972656
75.683594 21.972656
73.242188 21.972656
70.800781 21.972656
68.359375 21.972656
65.917969 21.972656
63.476563 19.53125
61.035156 19.53125
58.59375 19.53125
56.152344 19.53125
53.710938 19.53125
51.269531 19.53125
48.828125 19.53125
46.386719 19.53125
43.945313 19.53125
41.503906 19.53125
39.0625 21.972656
36.621094 21.972656
34.179688 21.972656
31.738281 21.972656
29.296875 21.972656
26.855469 21.972656
24.414063 24.414063
21.972656 24.414063
19.53125 26.855469
17.089844 26.855469
