78.125 214.84375
75.683594 214.84375
73.242188 212.402344
70.800781 209.960938
70.800781 207.519531
68.359375 205.078125
65.917969 202.636719
63.476563 200.195313
63.476563 197.753906
61.035156 195.3125
58.59375 192.871094
58.59375 190.429688
56.152344 187.988281
56.152344 185.546875
53.710938 183.105469
51.269531 180.664063
51.269531 178.222656
48.828125 175.78125
48.828125 173.339844
46.386719 170.898438
46.386719 168.457031
43.945313 166.015625
43.945313 163.574219
41.503906 161.132813
41.503906 158.691406
39.0625 156.25
39.0625 153.808594
36.621094 151.367188
36.621094 148.925781
34.179688 146.484375
34.179688 144.042969
31.738281 141.601563
31.738281 139.160156
29.296875 136.71875
29.296875 134.277344
26.855469 131.835938
26.855469 129.394531
26.855469 126.953125
24.414063 124.511719
24.414063 122.070313
24.414063 119.628906
24.414063 117.1875
21.972656 114.746094
21.972656 112.304688
21.972656 109.863281
21.972656 107.421875
21.972656 104.980469
21.972656 102.539063
21.972656 100.097656
21.972656 97.65625
21.972656 95.214844
21.972656 92.773438
19.53125 90.332031
19.53125 87.890625
19.53125 85.449219
19.53125 83.007813
19.53125 80.566406
19.53125 78.125
19.53125 75.683594
19.53125 73.242188
19.53125 70.800781
19.53125 68.359375
19.53125 65.917969
19.53125 63.476563
19.53125 61.035156
19.53125 58.59375
19.53125 56.152344
19.53125 53.710938
19.53125 51.269531
19.53125 48.828125
19.53125 46.386719
19.53125 43.945313
19.53125 41.503906
19.53125 39.0625
19.53125 36.621094
19.53125 34.179688
17.089844 31.738281
17.089844 29.296875
17.089844 26.855469
17.089844 24.414063
17.089844 21.972656
17.089844 19.53125
17.089844 17.089844
17.089844 14.648438
