12.207031 65.917969
14.648438 65.917969
17.089844 65.917969
19.53125 65.917969
21.972656 65.917969
24.414063 63.476563
26.855469 63.476563
29.296875 63.476563
31.738281 63.476563
34.179688 61.035156
36.621094 61.035156
39.0625 61.035156
41.503906 61.035156
43.945313 58.59375
46.386719 58.59375
48.828125 56.152344
51.269531 56.152344
53.710938 56.152344
56.152344 56.152344
58.59375 53.710938
61.035156 53.710938
63.476563 51.269531
65.917969 51.269531
68.359375 48.828125
70.800781 48.828125
73.242188 46.386719
75.683594 46.386719
78.125 46.386719
80.566406 43.945313
83.007813 43.945313
85.449219 43.945313
87.890625 43.945313
90.332031 43.945313
92.773438 41.503906
95.214844 41.503906
97.65625 39.0625
100.097656 39.0625
102.539063 36.621094
104.980469 34.179688
107.421875 34.179688
109.863281 34.179688
112.304688 31.738281
114.746094 31.738281
117.1875 29.296875
119.628906 26.855469
122.070313 24.414063
124.511719 21.972656
126.953125 19.53125
129.394531 17.089844
131.835938 14.648438
134.277344 12.207031
136.71875 9.765625
