131.835938 288.085938
129.394531 288.085938
126.953125 285.644531
124.511719 283.203125
122.070313 280.761719
119.628906 280.761719
117.1875 278.320313
117.1875 275.878906
114.746094 273.4375
112.304688 273.4375
109.863281 270.996094
107.421875 268.554688
104.980469 266.113281
102.539063 263.671875
100.097656 261.230469
97.65625 258.789063
95.214844 256.347656
92.773438 253.90625
90.332031 253.90625
87.890625 251.464844
85.449219 249.023438
83.007813 246.582031
80.566406 244.140625
78.125 244.140625
75.683594 241.699219
73.242188 239.257813
70.800781 239.257813
68.359375 236.816406
65.917969 234.375
63.476563 234.375
61.035156 231.933594
58.59375 229.492188
56.152344 227.050781
53.710938 227.050781
51.269531 224.609375
48.828125 224.609375
46.386719 224.609375
43.945313 222.167969
41.503906 222.167969
39.0625 219.726563
36.621094 219.726563
34.179688 217.285156
31.738281 214.84375
29.296875 212.402344
29.296875 209.960938
29.296875 207.519531
29.296875 205.078125
31.738281 202.636719
31.738281 200.195313
31.738281 197.753906
31.738281 195.3125
31.738281 192.871094
34.179688 190.429688
34.179688 187.988281
36.621094 185.546875
39.0625 183.105469
39.0625 180.664063
39.0625 178.222656
39.0625 175.78125
39.0625 173.339844
39.0625 170.898438
39.0625 168.457031
39.0625 166.015625
39.0625 163.574219
39.0625 161.132813
36.621094 158.691406
36.621094 156.25
36.621094 153.808594
36.621094 151.367188
36.621094 148.925781
36.621094 146.484375
36.621094 144.042969
36.621094 141.601563
36.621094 139.160156
36.621094 136.71875
36.621094 134.277344
36.621094 131.835938
36.621094 129.394531
36.621094 126.953125
36.621094 124.511719
36.621094 122.070313
34.179688 119.628906
34.179688 117.1875
34.179688 114.746094
34.179688 112.304688
34.179688 109.863281
34.179688 107.421875
34.179688 104.980469
34.179688 102.539063
34.179688 100.097656
31.738281 97.65625
31.738281 95.214844
31.738281 92.773438
31.738281 90.332031
31.738281 87.890625
31.738281 85.449219
29.296875 83.007813
29.296875 80.566406
29.296875 78.125
29.296875 75.683594
29.296875 73.242188
29.296875 70.800781
29.296875 68.359375
29.296875 65.917969
29.296875 63.476563
29.296875 61.035156
29.296875 58.59375
31.738281 56.152344
31.738281 53.710938
34.179688 51.269531
34.179688 48.828125
36.621094 46.386719
36.621094 43.945313
39.0625 41.503906
41.503906 39.0625
43.945313 36.621094
46.386719 36.621094
48.828125 39.0625
51.269531 39.0625
53.710938 41.503906
56.152344 43.945313
58.59375 46.386719
61.035156 48.828125
63.476563 51.269531
65.917969 53.710938
68.359375 56.152344
70.800781 58.59375
73.242188 61.035156
75.683594 63.476563
75.683594 65.917969
78.125 68.359375
80.566406 70.800781
80.566406 73.242188
83.007813 75.683594
85.449219 78.125
87.890625 80.566406
87.890625 83.007813
90.332031 85.449219
92.773438 87.890625
95.214844 90.332031
95.214844 92.773438
97.65625 95.214844
100.097656 97.65625
100.097656 100.097656
102.539063 102.539063
104.980469 104.980469
104.980469 107.421875
107.421875 109.863281
109.863281 112.304688
109.863281 114.746094
112.304688 117.1875
112.304688 119.628906
114.746094 122.070313
117.1875 124.511719
117.1875 126.953125
119.628906 129.394531
119.628906 131.835938
122.070313 134.277344
122.070313 136.71875
124.511719 139.160156
124.511719 141.601563
126.953125 144.042969
129.394531 146.484375
131.835938 148.925781
134.277344 151.367188
134.277344 153.808594
136.71875 156.25
139.160156 158.691406
141.601563 161.132813
144.042969 163.574219
146.484375 163.574219
