17.089844 134.277344
17.089844 131.835938
19.53125 129.394531
21.972656 126.953125
24.414063 124.511719
26.855469 122.070313
29.296875 119.628906
31.738281 117.1875
34.179688 114.746094
36.621094 112.304688
36.621094 109.863281
39.0625 107.421875
41.503906 104.980469
43.945313 102.539063
46.386719 100.097656
48.828125 97.65625
51.269531 95.214844
53.710938 92.773438
56.152344 90.332031
58.59375 87.890625
58.59375 85.449219
61.035156 83.007813
63.476563 80.566406
65.917969 78.125
68.359375 75.683594
70.800781 73.242188
70.800781 70.800781
73.242188 68.359375
75.683594 65.917969
78.125 63.476563
80.566406 61.035156
83.007813 58.59375
85.449219 56.152344
87.890625 53.710938
90.332031 51.269531
90.332031 48.828125
92.773438 46.386719
95.214844 43.945313
97.65625 41.503906
100.097656 39.0625
102.539063 36.621094
104.980469 34.179688
107.421875 31.738281
107.421875 29.296875
109.863281 26.855469
112.304688 24.414063
112.304688 21.972656
112.304688 19.53125
