12.207031 119.628906
12.207031 117.1875
14.648438 114.746094
14.648438 112.304688
14.648438 109.863281
17.089844 107.421875
17.089844 104.980469
19.53125 102.539063
19.53125 100.097656
19.53125 97.65625
21.972656 95.214844
24.414063 92.773438
24.414063 90.332031
26.855469 87.890625
26.855469 85.449219
26.855469 83.007813
29.296875 80.566406
29.296875 78.125
31.738281 75.683594
34.179688 73.242188
34.179688 70.800781
36.621094 68.359375
36.621094 65.917969
36.621094 63.476563
39.0625 61.035156
39.0625 58.59375
41.503906 56.152344
41.503906 53.710938
43.945313 51.269531
43.945313 48.828125
43.945313 46.386719
43.945313 43.945313
46.386719 41.503906
46.386719 39.0625
46.386719 36.621094
46.386719 34.179688
46.386719 31.738281
46.386719 29.296875
46.386719 26.855469
46.386719 24.414063
46.386719 21.972656
46.386719 19.53125
46.386719 17.089844
46.386719 14.648438
