19.53125 107.421875
21.972656 104.980469
21.972656 102.539063
21.972656 100.097656
24.414063 97.65625
24.414063 95.214844
24.414063 92.773438
24.414063 90.332031
26.855469 87.890625
26.855469 85.449219
26.855469 83.007813
26.855469 80.566406
29.296875 78.125
29.296875 75.683594
29.296875 73.242188
31.738281 70.800781
31.738281 68.359375
34.179688 65.917969
34.179688 63.476563
34.179688 61.035156
36.621094 58.59375
36.621094 56.152344
36.621094 53.710938
36.621094 51.269531
39.0625 48.828125
39.0625 46.386719
39.0625 43.945313
39.0625 41.503906
39.0625 39.0625
39.0625 36.621094
39.0625 34.179688
41.503906 31.738281
43.945313 29.296875
43.945313 26.855469
43.945313 24.414063
46.386719 21.972656
46.386719 19.53125
46.386719 17.089844
