68.359375 166.015625
68.359375 163.574219
68.359375 161.132813
68.359375 158.691406
68.359375 156.25
68.359375 153.808594
68.359375 151.367188
68.359375 148.925781
68.359375 146.484375
68.359375 144.042969
68.359375 141.601563
68.359375 139.160156
68.359375 136.71875
68.359375 134.277344
68.359375 131.835938
68.359375 129.394531
68.359375 126.953125
68.359375 124.511719
68.359375 122.070313
68.359375 119.628906
65.917969 117.1875
65.917969 114.746094
65.917969 112.304688
63.476563 109.863281
63.476563 107.421875
61.035156 104.980469
61.035156 102.539063
58.59375 100.097656
58.59375 97.65625
58.59375 95.214844
56.152344 92.773438
56.152344 90.332031
56.152344 87.890625
56.152344 85.449219
56.152344 83.007813
53.710938 80.566406
53.710938 78.125
53.710938 75.683594
53.710938 73.242188
53.710938 70.800781
51.269531 68.359375
51.269531 65.917969
48.828125 63.476563
48.828125 61.035156
46.386719 58.59375
43.945313 56.152344
43.945313 53.710938
41.503906 51.269531
39.0625 48.828125
39.0625 46.386719
36.621094 43.945313
36.621094 41.503906
34.179688 39.0625
34.179688 36.621094
31.738281 34.179688
31.738281 31.738281
29.296875 29.296875
26.855469 26.855469
24.414063 24.414063
21.972656 21.972656
19.53125 19.53125
19.53125 17.089844
