17.089844 102.539063
17.089844 100.097656
19.53125 97.65625
19.53125 95.214844
21.972656 92.773438
21.972656 90.332031
24.414063 87.890625
26.855469 85.449219
29.296875 83.007813
29.296875 80.566406
31.738281 78.125
34.179688 75.683594
36.621094 73.242188
39.0625 70.800781
39.0625 68.359375
41.503906 65.917969
43.945313 63.476563
46.386719 61.035156
46.386719 58.59375
48.828125 56.152344
48.828125 53.710938
51.269531 51.269531
51.269531 48.828125
53.710938 46.386719
53.710938 43.945313
56.152344 41.503906
58.59375 39.0625
58.59375 36.621094
61.035156 34.179688
61.035156 31.738281
63.476563 29.296875
63.476563 26.855469
65.917969 24.414063
65.917969 21.972656
65.917969 19.53125
68.359375 17.089844
