21.972656 139.160156
24.414063 136.71875
26.855469 134.277344
29.296875 134.277344
31.738281 131.835938
34.179688 129.394531
36.621094 126.953125
39.0625 124.511719
41.503906 124.511719
43.945313 122.070313
46.386719 119.628906
48.828125 117.1875
51.269531 117.1875
53.710938 117.1875
56.152344 114.746094
58.59375 112.304688
61.035156 109.863281
63.476563 107.421875
65.917969 107.421875
68.359375 104.980469
70.800781 102.539063
73.242188 100.097656
75.683594 97.65625
78.125 97.65625
80.566406 95.214844
83.007813 92.773438
85.449219 92.773438
87.890625 90.332031
90.332031 90.332031
92.773438 87.890625
95.214844 87.890625
97.65625 85.449219
100.097656 85.449219
102.539063 83.007813
104.980469 83.007813
107.421875 80.566406
109.863281 78.125
112.304688 78.125
114.746094 75.683594
117.1875 75.683594
119.628906 73.242188
122.070313 70.800781
124.511719 68.359375
126.953125 68.359375
129.394531 65.917969
131.835938 63.476563
134.277344 61.035156
136.71875 61.035156
139.160156 58.59375
141.601563 56.152344
144.042969 53.710938
146.484375 51.269531
148.925781 48.828125
151.367188 48.828125
153.808594 46.386719
156.25 43.945313
158.691406 43.945313
161.132813 41.503906
163.574219 41.503906
166.015625 39.0625
168.457031 36.621094
170.898438 34.179688
173.339844 34.179688
175.78125 31.738281
178.222656 29.296875
180.664063 29.296875
183.105469 29.296875
185.546875 26.855469
187.988281 26.855469
190.429688 24.414063
192.871094 24.414063
195.3125 21.972656
197.753906 21.972656
200.195313 21.972656
202.636719 19.53125
205.078125 19.53125
207.519531 19.53125
209.960938 19.53125
212.402344 19.53125
214.84375 19.53125
217.285156 17.089844
219.726563 17.089844
222.167969 17.089844
224.609375 17.089844
227.050781 17.089844
229.492188 17.089844
231.933594 17.089844
234.375 17.089844
236.816406 17.089844
239.257813 17.089844
241.699219 19.53125
244.140625 19.53125
246.582031 19.53125
249.023438 17.089844
251.464844 17.089844
253.90625 17.089844
256.347656 17.089844
258.789063 17.089844
261.230469 17.089844
263.671875 14.648438
266.113281 14.648438
268.554688 14.648438
270.996094 14.648438
273.4375 14.648438
275.878906 14.648438
278.320313 14.648438
280.761719 12.207031
283.203125 12.207031
285.644531 12.207031
288.085938 12.207031
290.527344 12.207031
292.96875 12.207031
295.410156 12.207031
297.851563 14.648438
300.292969 14.648438
302.734375 12.207031
