19.53125 90.332031
21.972656 90.332031
24.414063 90.332031
26.855469 90.332031
29.296875 90.332031
31.738281 87.890625
34.179688 87.890625
36.621094 85.449219
39.0625 83.007813
41.503906 83.007813
43.945313 80.566406
46.386719 80.566406
48.828125 78.125
51.269531 75.683594
53.710938 75.683594
56.152344 73.242188
58.59375 73.242188
61.035156 70.800781
63.476563 68.359375
65.917969 68.359375
68.359375 65.917969
70.800781 65.917969
73.242188 63.476563
75.683594 61.035156
78.125 61.035156
80.566406 58.59375
83.007813 56.152344
85.449219 56.152344
87.890625 53.710938
90.332031 51.269531
92.773438 51.269531
95.214844 48.828125
97.65625 46.386719
100.097656 43.945313
102.539063 43.945313
104.980469 41.503906
107.421875 39.0625
109.863281 36.621094
112.304688 36.621094
114.746094 34.179688
117.1875 31.738281
119.628906 31.738281
122.070313 29.296875
124.511719 29.296875
126.953125 26.855469
129.394531 26.855469
131.835938 24.414063
134.277344 21.972656
136.71875 21.972656
139.160156 19.53125
141.601563 19.53125
144.042969 19.53125
146.484375 17.089844
148.925781 17.089844
