17.089844 109.863281
19.53125 109.863281
21.972656 107.421875
24.414063 107.421875
26.855469 104.980469
29.296875 104.980469
31.738281 102.539063
34.179688 100.097656
36.621094 97.65625
39.0625 95.214844
41.503906 92.773438
43.945313 90.332031
46.386719 90.332031
48.828125 87.890625
51.269531 85.449219
53.710938 85.449219
56.152344 83.007813
58.59375 80.566406
61.035156 80.566406
63.476563 78.125
65.917969 75.683594
68.359375 73.242188
70.800781 70.800781
73.242188 70.800781
75.683594 68.359375
78.125 65.917969
80.566406 65.917969
83.007813 63.476563
85.449219 61.035156
87.890625 61.035156
90.332031 58.59375
92.773438 58.59375
95.214844 58.59375
97.65625 56.152344
100.097656 53.710938
102.539063 53.710938
104.980469 53.710938
107.421875 51.269531
109.863281 51.269531
112.304688 48.828125
114.746094 48.828125
117.1875 48.828125
119.628906 48.828125
122.070313 46.386719
124.511719 46.386719
126.953125 43.945313
129.394531 41.503906
131.835938 41.503906
134.277344 39.0625
136.71875 39.0625
139.160156 39.0625
141.601563 36.621094
144.042969 36.621094
146.484375 34.179688
148.925781 34.179688
151.367188 31.738281
153.808594 31.738281
156.25 29.296875
158.691406 29.296875
161.132813 26.855469
163.574219 26.855469
166.015625 24.414063
168.457031 24.414063
170.898438 21.972656
173.339844 19.53125
175.78125 19.53125
178.222656 19.53125
180.664063 19.53125
183.105469 17.089844
183.105469 14.648438
