178.222656 85.449219
175.78125 87.890625
173.339844 90.332031
170.898438 92.773438
170.898438 95.214844
168.457031 97.65625
168.457031 100.097656
168.457031 102.539063
166.015625 104.980469
163.574219 107.421875
163.574219 109.863281
161.132813 112.304688
158.691406 112.304688
156.25 114.746094
153.808594 117.1875
151.367188 119.628906
148.925781 119.628906
146.484375 122.070313
144.042969 124.511719
141.601563 126.953125
139.160156 129.394531
136.71875 131.835938
134.277344 134.277344
131.835938 136.71875
131.835938 139.160156
129.394531 141.601563
126.953125 144.042969
124.511719 146.484375
124.511719 148.925781
122.070313 151.367188
119.628906 153.808594
117.1875 156.25
114.746094 158.691406
112.304688 158.691406
109.863281 161.132813
107.421875 163.574219
104.980469 163.574219
102.539063 163.574219
100.097656 166.015625
97.65625 166.015625
95.214844 166.015625
92.773438 166.015625
90.332031 166.015625
87.890625 166.015625
85.449219 166.015625
83.007813 166.015625
80.566406 163.574219
80.566406 161.132813
78.125 158.691406
75.683594 156.25
75.683594 153.808594
78.125 151.367188
78.125 148.925781
78.125 146.484375
78.125 144.042969
78.125 141.601563
78.125 139.160156
78.125 136.71875
75.683594 134.277344
75.683594 131.835938
75.683594 129.394531
75.683594 126.953125
75.683594 124.511719
75.683594 122.070313
73.242188 119.628906
73.242188 117.1875
70.800781 114.746094
70.800781 112.304688
70.800781 109.863281
70.800781 107.421875
68.359375 104.980469
68.359375 102.539063
68.359375 100.097656
68.359375 97.65625
68.359375 95.214844
68.359375 92.773438
68.359375 90.332031
68.359375 87.890625
65.917969 85.449219
65.917969 83.007813
65.917969 80.566406
65.917969 78.125
65.917969 75.683594
63.476563 73.242188
61.035156 70.800781
61.035156 68.359375
58.59375 65.917969
56.152344 63.476563
53.710938 61.035156
56.152344 58.59375
56.152344 56.152344
58.59375 53.710938
58.59375 51.269531
58.59375 48.828125
58.59375 46.386719
56.152344 43.945313
56.152344 41.503906
56.152344 39.0625
56.152344 36.621094
56.152344 34.179688
56.152344 31.738281
56.152344 29.296875
53.710938 26.855469
51.269531 24.414063
48.828125 21.972656
48.828125 19.53125
46.386719 17.089844
43.945313 17.089844
41.503906 14.648438
39.0625 17.089844
36.621094 17.089844
34.179688 19.53125
31.738281 21.972656
29.296875 24.414063
26.855469 26.855469
