151.367188 43.945313
148.925781 43.945313
146.484375 41.503906
144.042969 41.503906
141.601563 41.503906
139.160156 41.503906
136.71875 41.503906
134.277344 41.503906
131.835938 39.0625
129.394531 39.0625
126.953125 39.0625
124.511719 36.621094
122.070313 36.621094
119.628906 36.621094
117.1875 36.621094
114.746094 34.179688
112.304688 34.179688
109.863281 34.179688
107.421875 31.738281
104.980469 31.738281
102.539063 31.738281
100.097656 29.296875
97.65625 29.296875
95.214844 29.296875
92.773438 26.855469
90.332031 26.855469
87.890625 26.855469
85.449219 24.414063
83.007813 24.414063
80.566406 24.414063
78.125 24.414063
75.683594 21.972656
73.242188 21.972656
70.800781 21.972656
68.359375 21.972656
65.917969 21.972656
63.476563 19.53125
61.035156 19.53125
58.59375 19.53125
56.152344 19.53125
53.710938 17.089844
51.269531 17.089844
48.828125 17.089844
46.386719 17.089844
43.945313 17.089844
41.503906 17.089844
39.0625 14.648438
36.621094 14.648438
34.179688 14.648438
31.738281 14.648438
29.296875 14.648438
26.855469 14.648438
24.414063 14.648438
21.972656 14.648438
19.53125 14.648438
17.089844 17.089844
