19.53125 90.332031
19.53125 87.890625
19.53125 85.449219
19.53125 83.007813
19.53125 80.566406
19.53125 78.125
19.53125 75.683594
19.53125 73.242188
19.53125 70.800781
19.53125 68.359375
19.53125 65.917969
19.53125 63.476563
17.089844 61.035156
17.089844 58.59375
17.089844 56.152344
17.089844 53.710938
17.089844 51.269531
17.089844 48.828125
14.648438 46.386719
14.648438 43.945313
14.648438 41.503906
14.648438 39.0625
14.648438 36.621094
14.648438 34.179688
14.648438 31.738281
14.648438 29.296875
14.648438 26.855469
14.648438 24.414063
14.648438 21.972656
14.648438 19.53125
14.648438 17.089844
14.648438 14.648438
14.648438 12.207031
