17.089844 102.539063
19.53125 100.097656
21.972656 97.65625
24.414063 95.214844
26.855469 92.773438
29.296875 90.332031
31.738281 90.332031
34.179688 87.890625
36.621094 87.890625
39.0625 85.449219
41.503906 83.007813
43.945313 83.007813
46.386719 80.566406
48.828125 78.125
51.269531 75.683594
53.710938 75.683594
56.152344 73.242188
58.59375 70.800781
61.035156 70.800781
63.476563 68.359375
65.917969 65.917969
68.359375 63.476563
70.800781 61.035156
73.242188 61.035156
75.683594 58.59375
78.125 56.152344
80.566406 53.710938
83.007813 51.269531
85.449219 48.828125
87.890625 48.828125
90.332031 46.386719
92.773438 46.386719
95.214844 43.945313
97.65625 43.945313
100.097656 43.945313
102.539063 43.945313
104.980469 43.945313
107.421875 43.945313
109.863281 41.503906
112.304688 41.503906
114.746094 39.0625
117.1875 36.621094
119.628906 36.621094
122.070313 36.621094
124.511719 34.179688
126.953125 34.179688
129.394531 31.738281
131.835938 29.296875
134.277344 29.296875
136.71875 26.855469
139.160156 26.855469
141.601563 26.855469
144.042969 24.414063
146.484375 24.414063
148.925781 24.414063
151.367188 21.972656
153.808594 21.972656
156.25 21.972656
158.691406 19.53125
161.132813 19.53125
163.574219 17.089844
166.015625 14.648438
168.457031 12.207031
170.898438 9.765625
