19.53125 61.035156
21.972656 58.59375
24.414063 58.59375
26.855469 58.59375
29.296875 58.59375
31.738281 58.59375
34.179688 56.152344
36.621094 56.152344
39.0625 56.152344
41.503906 56.152344
43.945313 56.152344
46.386719 56.152344
48.828125 53.710938
51.269531 53.710938
53.710938 53.710938
56.152344 53.710938
58.59375 53.710938
61.035156 51.269531
63.476563 51.269531
65.917969 51.269531
68.359375 51.269531
70.800781 51.269531
73.242188 48.828125
75.683594 48.828125
78.125 48.828125
80.566406 48.828125
83.007813 48.828125
85.449219 48.828125
87.890625 48.828125
90.332031 48.828125
92.773438 46.386719
95.214844 46.386719
97.65625 46.386719
100.097656 46.386719
102.539063 46.386719
104.980469 48.828125
107.421875 48.828125
109.863281 48.828125
112.304688 48.828125
114.746094 48.828125
117.1875 48.828125
119.628906 48.828125
122.070313 48.828125
124.511719 48.828125
126.953125 48.828125
129.394531 48.828125
131.835938 48.828125
134.277344 48.828125
136.71875 48.828125
139.160156 48.828125
141.601563 48.828125
144.042969 48.828125
146.484375 48.828125
148.925781 48.828125
151.367188 48.828125
153.808594 46.386719
156.25 46.386719
158.691406 46.386719
161.132813 46.386719
163.574219 46.386719
166.015625 46.386719
168.457031 46.386719
170.898438 46.386719
173.339844 46.386719
175.78125 46.386719
178.222656 46.386719
180.664063 46.386719
183.105469 46.386719
185.546875 46.386719
187.988281 46.386719
190.429688 46.386719
192.871094 43.945313
195.3125 41.503906
197.753906 41.503906
200.195313 41.503906
202.636719 39.0625
205.078125 39.0625
207.519531 36.621094
209.960938 36.621094
212.402344 36.621094
214.84375 36.621094
217.285156 36.621094
219.726563 36.621094
222.167969 36.621094
224.609375 36.621094
227.050781 34.179688
229.492188 34.179688
231.933594 34.179688
234.375 34.179688
236.816406 34.179688
239.257813 31.738281
241.699219 31.738281
244.140625 31.738281
246.582031 31.738281
249.023438 31.738281
251.464844 29.296875
253.90625 29.296875
256.347656 29.296875
258.789063 26.855469
261.230469 26.855469
263.671875 24.414063
266.113281 21.972656
268.554688 21.972656
270.996094 19.53125
273.4375 19.53125
275.878906 19.53125
278.320313 17.089844
280.761719 17.089844
283.203125 17.089844
285.644531 17.089844
