19.53125 249.023438
19.53125 246.582031
21.972656 244.140625
21.972656 241.699219
21.972656 239.257813
21.972656 236.816406
24.414063 234.375
24.414063 231.933594
26.855469 229.492188
26.855469 227.050781
26.855469 224.609375
29.296875 222.167969
29.296875 219.726563
31.738281 217.285156
34.179688 214.84375
34.179688 212.402344
36.621094 209.960938
36.621094 207.519531
39.0625 205.078125
39.0625 202.636719
41.503906 200.195313
41.503906 197.753906
43.945313 195.3125
46.386719 192.871094
46.386719 190.429688
48.828125 187.988281
48.828125 185.546875
51.269531 183.105469
51.269531 180.664063
53.710938 178.222656
56.152344 175.78125
56.152344 173.339844
58.59375 170.898438
58.59375 168.457031
61.035156 166.015625
61.035156 163.574219
61.035156 161.132813
61.035156 158.691406
61.035156 156.25
61.035156 153.808594
61.035156 151.367188
58.59375 148.925781
58.59375 146.484375
56.152344 144.042969
56.152344 141.601563
56.152344 139.160156
53.710938 136.71875
51.269531 134.277344
48.828125 131.835938
51.269531 129.394531
51.269531 126.953125
53.710938 124.511719
53.710938 122.070313
53.710938 119.628906
53.710938 117.1875
53.710938 114.746094
53.710938 112.304688
53.710938 109.863281
53.710938 107.421875
53.710938 104.980469
53.710938 102.539063
53.710938 100.097656
56.152344 97.65625
58.59375 95.214844
58.59375 92.773438
61.035156 90.332031
61.035156 87.890625
63.476563 85.449219
63.476563 83.007813
65.917969 80.566406
68.359375 78.125
70.800781 75.683594
73.242188 73.242188
75.683594 70.800781
78.125 68.359375
78.125 65.917969
80.566406 63.476563
83.007813 61.035156
85.449219 58.59375
87.890625 56.152344
90.332031 53.710938
92.773438 51.269531
95.214844 48.828125
97.65625 46.386719
100.097656 43.945313
102.539063 41.503906
104.980469 39.0625
107.421875 36.621094
109.863281 34.179688
112.304688 31.738281
114.746094 29.296875
117.1875 26.855469
119.628906 26.855469
122.070313 24.414063
124.511719 21.972656
126.953125 21.972656
129.394531 19.53125
