7.324219 87.890625
9.765625 87.890625
12.207031 87.890625
14.648438 85.449219
17.089844 83.007813
19.53125 83.007813
21.972656 80.566406
24.414063 78.125
26.855469 75.683594
29.296875 73.242188
31.738281 70.800781
31.738281 68.359375
34.179688 65.917969
34.179688 63.476563
34.179688 61.035156
34.179688 58.59375
34.179688 56.152344
34.179688 53.710938
36.621094 51.269531
36.621094 48.828125
36.621094 46.386719
39.0625 43.945313
39.0625 41.503906
41.503906 39.0625
41.503906 36.621094
43.945313 34.179688
46.386719 31.738281
46.386719 29.296875
48.828125 26.855469
48.828125 24.414063
51.269531 21.972656
53.710938 19.53125
56.152344 17.089844
58.59375 14.648438
61.035156 12.207031
