48.828125 87.890625
46.386719 85.449219
46.386719 83.007813
46.386719 80.566406
43.945313 78.125
43.945313 75.683594
41.503906 73.242188
41.503906 70.800781
39.0625 68.359375
39.0625 65.917969
39.0625 63.476563
36.621094 61.035156
34.179688 58.59375
34.179688 56.152344
31.738281 53.710938
31.738281 51.269531
31.738281 48.828125
31.738281 46.386719
31.738281 43.945313
29.296875 41.503906
29.296875 39.0625
29.296875 36.621094
29.296875 34.179688
26.855469 31.738281
26.855469 29.296875
24.414063 26.855469
21.972656 24.414063
19.53125 21.972656
19.53125 19.53125
17.089844 17.089844
14.648438 14.648438
12.207031 12.207031
9.765625 9.765625
9.765625 7.324219
