7.324219 51.269531
9.765625 48.828125
12.207031 46.386719
14.648438 46.386719
17.089844 43.945313
19.53125 43.945313
21.972656 43.945313
24.414063 43.945313
26.855469 41.503906
29.296875 41.503906
31.738281 41.503906
34.179688 41.503906
36.621094 41.503906
39.0625 41.503906
41.503906 39.0625
43.945313 39.0625
46.386719 39.0625
48.828125 39.0625
51.269531 39.0625
53.710938 36.621094
56.152344 36.621094
58.59375 36.621094
61.035156 34.179688
63.476563 34.179688
65.917969 34.179688
68.359375 31.738281
70.800781 31.738281
73.242188 31.738281
75.683594 29.296875
78.125 29.296875
80.566406 29.296875
83.007813 26.855469
85.449219 26.855469
87.890625 24.414063
90.332031 24.414063
92.773438 21.972656
95.214844 21.972656
97.65625 19.53125
100.097656 19.53125
102.539063 17.089844
