17.089844 97.65625
17.089844 95.214844
19.53125 92.773438
19.53125 90.332031
19.53125 87.890625
21.972656 85.449219
21.972656 83.007813
21.972656 80.566406
21.972656 78.125
21.972656 75.683594
21.972656 73.242188
21.972656 70.800781
24.414063 68.359375
24.414063 65.917969
24.414063 63.476563
24.414063 61.035156
24.414063 58.59375
26.855469 56.152344
26.855469 53.710938
26.855469 51.269531
26.855469 48.828125
26.855469 46.386719
29.296875 43.945313
29.296875 41.503906
29.296875 39.0625
31.738281 36.621094
31.738281 34.179688
31.738281 31.738281
34.179688 29.296875
34.179688 26.855469
34.179688 24.414063
36.621094 21.972656
36.621094 19.53125
36.621094 17.089844
36.621094 14.648438
36.621094 12.207031
