75.683594 78.125
75.683594 75.683594
73.242188 73.242188
73.242188 70.800781
70.800781 68.359375
70.800781 65.917969
68.359375 63.476563
68.359375 61.035156
65.917969 58.59375
65.917969 56.152344
63.476563 53.710938
61.035156 51.269531
61.035156 48.828125
58.59375 46.386719
56.152344 43.945313
53.710938 41.503906
51.269531 39.0625
48.828125 36.621094
46.386719 34.179688
43.945313 34.179688
41.503906 31.738281
39.0625 29.296875
36.621094 29.296875
34.179688 26.855469
31.738281 24.414063
29.296875 21.972656
26.855469 21.972656
24.414063 21.972656
21.972656 19.53125
19.53125 19.53125
