14.648438 107.421875
17.089844 104.980469
19.53125 102.539063
21.972656 102.539063
24.414063 100.097656
26.855469 97.65625
29.296875 95.214844
31.738281 92.773438
34.179688 90.332031
36.621094 87.890625
39.0625 85.449219
41.503906 83.007813
43.945313 80.566406
46.386719 78.125
48.828125 75.683594
51.269531 73.242188
53.710938 70.800781
56.152344 68.359375
58.59375 65.917969
61.035156 63.476563
63.476563 61.035156
65.917969 58.59375
68.359375 56.152344
70.800781 53.710938
73.242188 51.269531
75.683594 48.828125
78.125 46.386719
80.566406 46.386719
83.007813 43.945313
85.449219 41.503906
87.890625 39.0625
90.332031 36.621094
90.332031 34.179688
92.773438 31.738281
95.214844 29.296875
97.65625 26.855469
100.097656 24.414063
100.097656 21.972656
102.539063 19.53125
104.980469 17.089844
