17.089844 107.421875
17.089844 104.980469
17.089844 102.539063
17.089844 100.097656
17.089844 97.65625
17.089844 95.214844
19.53125 92.773438
19.53125 90.332031
19.53125 87.890625
19.53125 85.449219
21.972656 83.007813
21.972656 80.566406
21.972656 78.125
21.972656 75.683594
21.972656 73.242188
24.414063 70.800781
24.414063 68.359375
24.414063 65.917969
24.414063 63.476563
26.855469 61.035156
26.855469 58.59375
26.855469 56.152344
29.296875 53.710938
29.296875 51.269531
29.296875 48.828125
29.296875 46.386719
31.738281 43.945313
31.738281 41.503906
31.738281 39.0625
34.179688 36.621094
34.179688 34.179688
34.179688 31.738281
34.179688 29.296875
34.179688 26.855469
36.621094 24.414063
36.621094 21.972656
36.621094 19.53125
36.621094 17.089844
