19.53125 104.980469
21.972656 102.539063
24.414063 102.539063
26.855469 102.539063
29.296875 100.097656
31.738281 100.097656
34.179688 97.65625
36.621094 95.214844
39.0625 92.773438
41.503906 90.332031
43.945313 87.890625
46.386719 85.449219
48.828125 83.007813
51.269531 80.566406
53.710938 78.125
56.152344 75.683594
58.59375 73.242188
61.035156 70.800781
63.476563 70.800781
65.917969 68.359375
68.359375 68.359375
70.800781 65.917969
73.242188 63.476563
75.683594 63.476563
78.125 61.035156
80.566406 61.035156
83.007813 58.59375
85.449219 58.59375
87.890625 56.152344
90.332031 56.152344
92.773438 53.710938
95.214844 53.710938
97.65625 51.269531
100.097656 48.828125
102.539063 48.828125
104.980469 46.386719
107.421875 46.386719
109.863281 46.386719
112.304688 43.945313
114.746094 43.945313
117.1875 43.945313
119.628906 41.503906
122.070313 41.503906
124.511719 41.503906
126.953125 39.0625
129.394531 39.0625
131.835938 39.0625
134.277344 36.621094
136.71875 34.179688
139.160156 31.738281
141.601563 31.738281
144.042969 29.296875
146.484375 29.296875
148.925781 26.855469
151.367188 26.855469
153.808594 24.414063
156.25 24.414063
158.691406 24.414063
161.132813 21.972656
163.574219 19.53125
166.015625 19.53125
168.457031 19.53125
170.898438 19.53125
173.339844 17.089844
175.78125 14.648438
178.222656 14.648438
180.664063 14.648438
183.105469 14.648438
185.546875 14.648438
187.988281 14.648438
