12.207031 100.097656
14.648438 97.65625
17.089844 95.214844
19.53125 95.214844
21.972656 92.773438
24.414063 90.332031
26.855469 87.890625
29.296875 85.449219
31.738281 85.449219
34.179688 83.007813
36.621094 83.007813
39.0625 80.566406
41.503906 80.566406
43.945313 78.125
46.386719 78.125
48.828125 78.125
51.269531 75.683594
53.710938 75.683594
56.152344 73.242188
58.59375 73.242188
61.035156 70.800781
63.476563 70.800781
65.917969 68.359375
68.359375 68.359375
70.800781 68.359375
73.242188 68.359375
75.683594 68.359375
78.125 65.917969
80.566406 65.917969
83.007813 63.476563
85.449219 63.476563
87.890625 63.476563
90.332031 61.035156
92.773438 63.476563
95.214844 63.476563
97.65625 63.476563
100.097656 65.917969
102.539063 65.917969
104.980469 68.359375
107.421875 70.800781
109.863281 73.242188
112.304688 75.683594
114.746094 78.125
114.746094 80.566406
114.746094 83.007813
114.746094 85.449219
112.304688 87.890625
109.863281 90.332031
107.421875 92.773438
107.421875 95.214844
104.980469 97.65625
102.539063 100.097656
100.097656 102.539063
100.097656 104.980469
97.65625 107.421875
95.214844 109.863281
95.214844 112.304688
92.773438 114.746094
90.332031 117.1875
87.890625 119.628906
85.449219 122.070313
83.007813 124.511719
80.566406 126.953125
78.125 129.394531
75.683594 131.835938
73.242188 134.277344
70.800781 136.71875
68.359375 139.160156
65.917969 141.601563
63.476563 144.042969
61.035156 146.484375
58.59375 146.484375
56.152344 148.925781
56.152344 151.367188
