46.386719 290.527344
46.386719 288.085938
46.386719 285.644531
46.386719 283.203125
46.386719 280.761719
46.386719 278.320313
46.386719 275.878906
48.828125 273.4375
48.828125 270.996094
48.828125 268.554688
48.828125 266.113281
48.828125 263.671875
48.828125 261.230469
48.828125 258.789063
48.828125 256.347656
48.828125 253.90625
48.828125 251.464844
46.386719 249.023438
46.386719 246.582031
46.386719 244.140625
46.386719 241.699219
46.386719 239.257813
46.386719 236.816406
46.386719 234.375
46.386719 231.933594
43.945313 229.492188
43.945313 227.050781
43.945313 224.609375
43.945313 222.167969
41.503906 219.726563
41.503906 217.285156
41.503906 214.84375
41.503906 212.402344
41.503906 209.960938
41.503906 207.519531
41.503906 205.078125
41.503906 202.636719
41.503906 200.195313
41.503906 197.753906
41.503906 195.3125
41.503906 192.871094
43.945313 190.429688
43.945313 187.988281
43.945313 185.546875
43.945313 183.105469
43.945313 180.664063
43.945313 178.222656
41.503906 175.78125
41.503906 173.339844
41.503906 170.898438
41.503906 168.457031
41.503906 166.015625
41.503906 163.574219
41.503906 161.132813
43.945313 158.691406
43.945313 156.25
43.945313 153.808594
46.386719 151.367188
46.386719 148.925781
46.386719 146.484375
46.386719 144.042969
46.386719 141.601563
46.386719 139.160156
46.386719 136.71875
48.828125 134.277344
48.828125 131.835938
48.828125 129.394531
48.828125 126.953125
48.828125 124.511719
48.828125 122.070313
48.828125 119.628906
48.828125 117.1875
48.828125 114.746094
46.386719 112.304688
46.386719 109.863281
46.386719 107.421875
46.386719 104.980469
43.945313 102.539063
43.945313 100.097656
41.503906 97.65625
41.503906 95.214844
41.503906 92.773438
39.0625 90.332031
39.0625 87.890625
39.0625 85.449219
39.0625 83.007813
39.0625 80.566406
39.0625 78.125
39.0625 75.683594
39.0625 73.242188
39.0625 70.800781
36.621094 68.359375
36.621094 65.917969
36.621094 63.476563
36.621094 61.035156
36.621094 58.59375
36.621094 56.152344
34.179688 53.710938
34.179688 51.269531
31.738281 48.828125
31.738281 46.386719
31.738281 43.945313
31.738281 41.503906
29.296875 39.0625
29.296875 36.621094
29.296875 34.179688
26.855469 31.738281
24.414063 29.296875
21.972656 26.855469
21.972656 24.414063
19.53125 21.972656
19.53125 19.53125
17.089844 17.089844
17.089844 14.648438
