21.972656 58.59375
24.414063 56.152344
26.855469 53.710938
29.296875 53.710938
31.738281 51.269531
34.179688 51.269531
36.621094 48.828125
39.0625 46.386719
41.503906 46.386719
43.945313 43.945313
46.386719 43.945313
48.828125 41.503906
51.269531 39.0625
53.710938 39.0625
56.152344 36.621094
58.59375 34.179688
61.035156 31.738281
63.476563 29.296875
65.917969 29.296875
68.359375 26.855469
70.800781 24.414063
73.242188 24.414063
75.683594 21.972656
78.125 19.53125
80.566406 17.089844
83.007813 14.648438
85.449219 14.648438
87.890625 12.207031
90.332031 9.765625
