24.414063 310.058594
24.414063 307.617188
26.855469 305.175781
26.855469 302.734375
29.296875 300.292969
31.738281 297.851563
31.738281 295.410156
34.179688 292.96875
34.179688 290.527344
36.621094 288.085938
36.621094 285.644531
39.0625 283.203125
39.0625 280.761719
41.503906 278.320313
41.503906 275.878906
41.503906 273.4375
43.945313 270.996094
43.945313 268.554688
43.945313 266.113281
46.386719 263.671875
46.386719 261.230469
46.386719 258.789063
46.386719 256.347656
48.828125 253.90625
48.828125 251.464844
48.828125 249.023438
51.269531 246.582031
51.269531 244.140625
51.269531 241.699219
53.710938 239.257813
53.710938 236.816406
56.152344 234.375
56.152344 231.933594
56.152344 229.492188
56.152344 227.050781
56.152344 224.609375
58.59375 222.167969
58.59375 219.726563
58.59375 217.285156
58.59375 214.84375
58.59375 212.402344
58.59375 209.960938
58.59375 207.519531
58.59375 205.078125
58.59375 202.636719
58.59375 200.195313
58.59375 197.753906
58.59375 195.3125
58.59375 192.871094
58.59375 190.429688
58.59375 187.988281
58.59375 185.546875
58.59375 183.105469
58.59375 180.664063
58.59375 178.222656
58.59375 175.78125
58.59375 173.339844
61.035156 170.898438
61.035156 168.457031
61.035156 166.015625
61.035156 163.574219
61.035156 161.132813
58.59375 158.691406
58.59375 156.25
56.152344 153.808594
56.152344 151.367188
53.710938 148.925781
53.710938 146.484375
53.710938 144.042969
53.710938 141.601563
51.269531 139.160156
51.269531 136.71875
51.269531 134.277344
51.269531 131.835938
51.269531 129.394531
51.269531 126.953125
48.828125 124.511719
48.828125 122.070313
48.828125 119.628906
48.828125 117.1875
46.386719 114.746094
46.386719 112.304688
46.386719 109.863281
43.945313 107.421875
43.945313 104.980469
41.503906 102.539063
41.503906 100.097656
41.503906 97.65625
41.503906 95.214844
39.0625 92.773438
39.0625 90.332031
39.0625 87.890625
39.0625 85.449219
39.0625 83.007813
36.621094 80.566406
36.621094 78.125
36.621094 75.683594
34.179688 73.242188
34.179688 70.800781
34.179688 68.359375
34.179688 65.917969
31.738281 63.476563
31.738281 61.035156
31.738281 58.59375
31.738281 56.152344
29.296875 53.710938
29.296875 51.269531
29.296875 48.828125
26.855469 46.386719
26.855469 43.945313
24.414063 41.503906
24.414063 39.0625
24.414063 36.621094
21.972656 34.179688
21.972656 31.738281
19.53125 29.296875
19.53125 26.855469
19.53125 24.414063
19.53125 21.972656
19.53125 19.53125
19.53125 17.089844
