17.089844 63.476563
19.53125 61.035156
21.972656 61.035156
24.414063 58.59375
26.855469 56.152344
29.296875 53.710938
31.738281 51.269531
34.179688 51.269531
36.621094 48.828125
39.0625 46.386719
41.503906 46.386719
43.945313 43.945313
46.386719 41.503906
48.828125 41.503906
51.269531 39.0625
53.710938 39.0625
56.152344 36.621094
58.59375 36.621094
61.035156 34.179688
63.476563 31.738281
65.917969 31.738281
68.359375 29.296875
70.800781 26.855469
73.242188 26.855469
75.683594 24.414063
78.125 24.414063
80.566406 24.414063
83.007813 21.972656
85.449219 21.972656
87.890625 19.53125
90.332031 17.089844
92.773438 17.089844
95.214844 17.089844
97.65625 14.648438
