17.089844 29.296875
19.53125 26.855469
21.972656 26.855469
24.414063 26.855469
26.855469 26.855469
29.296875 24.414063
31.738281 24.414063
34.179688 24.414063
36.621094 24.414063
39.0625 21.972656
41.503906 21.972656
43.945313 21.972656
46.386719 21.972656
48.828125 19.53125
51.269531 19.53125
53.710938 19.53125
56.152344 19.53125
58.59375 19.53125
61.035156 19.53125
63.476563 19.53125
65.917969 19.53125
68.359375 19.53125
70.800781 19.53125
73.242188 19.53125
75.683594 17.089844
78.125 17.089844
80.566406 17.089844
83.007813 19.53125
85.449219 19.53125
87.890625 19.53125
90.332031 19.53125
92.773438 19.53125
95.214844 19.53125
97.65625 19.53125
100.097656 19.53125
102.539063 19.53125
104.980469 19.53125
107.421875 21.972656
109.863281 21.972656
112.304688 21.972656
114.746094 21.972656
117.1875 24.414063
117.1875 26.855469
