19.53125 61.035156
19.53125 58.59375
21.972656 56.152344
24.414063 53.710938
26.855469 51.269531
29.296875 48.828125
31.738281 46.386719
34.179688 43.945313
36.621094 41.503906
39.0625 41.503906
41.503906 39.0625
43.945313 36.621094
46.386719 36.621094
48.828125 36.621094
51.269531 34.179688
53.710938 31.738281
56.152344 31.738281
58.59375 29.296875
61.035156 29.296875
63.476563 26.855469
65.917969 26.855469
68.359375 24.414063
70.800781 26.855469
73.242188 26.855469
75.683594 26.855469
78.125 29.296875
80.566406 31.738281
83.007813 34.179688
83.007813 36.621094
