9.765625 117.1875
12.207031 114.746094
14.648438 112.304688
17.089844 109.863281
19.53125 107.421875
21.972656 104.980469
21.972656 102.539063
24.414063 100.097656
26.855469 97.65625
29.296875 95.214844
31.738281 92.773438
34.179688 90.332031
36.621094 87.890625
39.0625 85.449219
41.503906 85.449219
43.945313 83.007813
46.386719 80.566406
48.828125 78.125
51.269531 78.125
53.710938 75.683594
56.152344 75.683594
58.59375 73.242188
61.035156 70.800781
63.476563 70.800781
65.917969 68.359375
68.359375 68.359375
70.800781 65.917969
73.242188 65.917969
75.683594 63.476563
78.125 61.035156
80.566406 61.035156
83.007813 61.035156
85.449219 58.59375
87.890625 58.59375
90.332031 56.152344
92.773438 56.152344
95.214844 56.152344
97.65625 53.710938
100.097656 53.710938
102.539063 53.710938
104.980469 51.269531
107.421875 51.269531
109.863281 48.828125
112.304688 46.386719
114.746094 46.386719
117.1875 43.945313
119.628906 41.503906
122.070313 41.503906
124.511719 39.0625
126.953125 36.621094
129.394531 36.621094
131.835938 34.179688
134.277344 31.738281
136.71875 31.738281
139.160156 29.296875
141.601563 26.855469
144.042969 26.855469
146.484375 26.855469
148.925781 24.414063
151.367188 21.972656
153.808594 21.972656
156.25 19.53125
158.691406 19.53125
161.132813 17.089844
163.574219 17.089844
166.015625 14.648438
168.457031 14.648438
170.898438 14.648438
173.339844 12.207031
175.78125 12.207031
