136.71875 117.1875
134.277344 117.1875
131.835938 114.746094
129.394531 114.746094
126.953125 112.304688
124.511719 109.863281
122.070313 109.863281
119.628906 107.421875
117.1875 104.980469
114.746094 102.539063
112.304688 100.097656
109.863281 97.65625
107.421875 95.214844
104.980469 95.214844
102.539063 92.773438
100.097656 90.332031
97.65625 90.332031
95.214844 87.890625
92.773438 85.449219
90.332031 83.007813
87.890625 80.566406
85.449219 80.566406
83.007813 78.125
80.566406 75.683594
78.125 75.683594
75.683594 73.242188
73.242188 70.800781
70.800781 68.359375
68.359375 68.359375
65.917969 65.917969
63.476563 63.476563
61.035156 61.035156
58.59375 58.59375
56.152344 56.152344
53.710938 53.710938
51.269531 51.269531
48.828125 48.828125
46.386719 46.386719
43.945313 43.945313
41.503906 41.503906
39.0625 39.0625
39.0625 36.621094
36.621094 34.179688
34.179688 31.738281
31.738281 29.296875
29.296875 26.855469
26.855469 24.414063
24.414063 21.972656
21.972656 19.53125
19.53125 17.089844
17.089844 17.089844
