21.972656 87.890625
24.414063 85.449219
26.855469 83.007813
29.296875 83.007813
31.738281 80.566406
34.179688 78.125
36.621094 75.683594
39.0625 73.242188
41.503906 73.242188
43.945313 70.800781
46.386719 68.359375
48.828125 65.917969
51.269531 63.476563
53.710938 63.476563
56.152344 61.035156
58.59375 61.035156
61.035156 58.59375
63.476563 56.152344
65.917969 53.710938
68.359375 51.269531
70.800781 51.269531
73.242188 48.828125
75.683594 46.386719
78.125 46.386719
80.566406 43.945313
83.007813 41.503906
85.449219 39.0625
87.890625 39.0625
90.332031 36.621094
92.773438 36.621094
95.214844 34.179688
97.65625 34.179688
100.097656 31.738281
102.539063 31.738281
104.980469 29.296875
107.421875 29.296875
109.863281 29.296875
112.304688 26.855469
114.746094 26.855469
117.1875 24.414063
119.628906 24.414063
122.070313 21.972656
124.511719 21.972656
126.953125 19.53125
129.394531 19.53125
131.835938 19.53125
134.277344 19.53125
136.71875 17.089844
139.160156 17.089844
141.601563 17.089844
144.042969 17.089844
146.484375 17.089844
148.925781 17.089844
151.367188 17.089844
153.808594 14.648438
156.25 17.089844
158.691406 17.089844
161.132813 17.089844
