68.359375 90.332031
68.359375 87.890625
65.917969 85.449219
63.476563 83.007813
63.476563 80.566406
61.035156 78.125
58.59375 75.683594
58.59375 73.242188
56.152344 70.800781
56.152344 68.359375
53.710938 65.917969
51.269531 63.476563
51.269531 61.035156
48.828125 58.59375
46.386719 56.152344
46.386719 53.710938
43.945313 51.269531
43.945313 48.828125
41.503906 46.386719
41.503906 43.945313
39.0625 41.503906
36.621094 39.0625
34.179688 36.621094
34.179688 34.179688
31.738281 31.738281
29.296875 29.296875
26.855469 26.855469
24.414063 24.414063
24.414063 21.972656
21.972656 19.53125
19.53125 19.53125
