75.683594 83.007813
75.683594 80.566406
73.242188 78.125
70.800781 75.683594
68.359375 73.242188
65.917969 70.800781
63.476563 68.359375
63.476563 65.917969
61.035156 63.476563
58.59375 61.035156
56.152344 58.59375
53.710938 56.152344
53.710938 53.710938
51.269531 51.269531
48.828125 48.828125
46.386719 46.386719
43.945313 43.945313
41.503906 41.503906
39.0625 39.0625
36.621094 36.621094
36.621094 34.179688
34.179688 31.738281
31.738281 29.296875
29.296875 26.855469
26.855469 24.414063
24.414063 21.972656
21.972656 21.972656
19.53125 19.53125
17.089844 17.089844
14.648438 14.648438
14.648438 12.207031
