26.855469 239.257813
26.855469 236.816406
26.855469 234.375
26.855469 231.933594
24.414063 229.492188
24.414063 227.050781
24.414063 224.609375
26.855469 222.167969
26.855469 219.726563
26.855469 217.285156
26.855469 214.84375
26.855469 212.402344
26.855469 209.960938
29.296875 207.519531
29.296875 205.078125
31.738281 202.636719
31.738281 200.195313
34.179688 197.753906
34.179688 195.3125
36.621094 192.871094
36.621094 190.429688
39.0625 187.988281
41.503906 185.546875
43.945313 185.546875
46.386719 183.105469
48.828125 180.664063
51.269531 178.222656
53.710938 175.78125
53.710938 173.339844
53.710938 170.898438
53.710938 168.457031
56.152344 166.015625
56.152344 163.574219
56.152344 161.132813
56.152344 158.691406
56.152344 156.25
56.152344 153.808594
56.152344 151.367188
58.59375 148.925781
61.035156 146.484375
61.035156 144.042969
61.035156 141.601563
61.035156 139.160156
61.035156 136.71875
61.035156 134.277344
61.035156 131.835938
61.035156 129.394531
61.035156 126.953125
61.035156 124.511719
58.59375 122.070313
58.59375 119.628906
56.152344 117.1875
56.152344 114.746094
53.710938 112.304688
53.710938 109.863281
51.269531 107.421875
51.269531 104.980469
48.828125 102.539063
46.386719 100.097656
43.945313 97.65625
41.503906 95.214844
41.503906 92.773438
39.0625 90.332031
36.621094 87.890625
36.621094 85.449219
36.621094 83.007813
34.179688 80.566406
34.179688 78.125
34.179688 75.683594
31.738281 73.242188
31.738281 70.800781
31.738281 68.359375
29.296875 65.917969
26.855469 63.476563
26.855469 61.035156
26.855469 58.59375
24.414063 56.152344
24.414063 53.710938
24.414063 51.269531
24.414063 48.828125
24.414063 46.386719
24.414063 43.945313
24.414063 41.503906
24.414063 39.0625
24.414063 36.621094
24.414063 34.179688
24.414063 31.738281
21.972656 29.296875
21.972656 26.855469
21.972656 24.414063
19.53125 21.972656
19.53125 19.53125
17.089844 17.089844
17.089844 14.648438
