104.980469 53.710938
102.539063 53.710938
100.097656 53.710938
97.65625 53.710938
95.214844 53.710938
92.773438 53.710938
90.332031 53.710938
87.890625 53.710938
85.449219 53.710938
83.007813 53.710938
80.566406 53.710938
78.125 51.269531
75.683594 51.269531
73.242188 51.269531
70.800781 51.269531
68.359375 51.269531
65.917969 51.269531
63.476563 51.269531
61.035156 48.828125
58.59375 48.828125
56.152344 48.828125
53.710938 48.828125
51.269531 46.386719
48.828125 46.386719
46.386719 43.945313
43.945313 43.945313
41.503906 41.503906
39.0625 41.503906
36.621094 39.0625
34.179688 36.621094
31.738281 34.179688
29.296875 31.738281
29.296875 29.296875
29.296875 26.855469
29.296875 24.414063
26.855469 21.972656
26.855469 19.53125
26.855469 17.089844
