58.59375 114.746094
58.59375 112.304688
56.152344 109.863281
56.152344 107.421875
56.152344 104.980469
53.710938 102.539063
53.710938 100.097656
51.269531 97.65625
51.269531 95.214844
51.269531 92.773438
51.269531 90.332031
48.828125 87.890625
48.828125 85.449219
46.386719 83.007813
43.945313 80.566406
43.945313 78.125
41.503906 75.683594
39.0625 73.242188
39.0625 70.800781
36.621094 68.359375
36.621094 65.917969
34.179688 63.476563
34.179688 61.035156
31.738281 58.59375
31.738281 56.152344
29.296875 53.710938
29.296875 51.269531
26.855469 48.828125
26.855469 46.386719
24.414063 43.945313
24.414063 41.503906
21.972656 39.0625
21.972656 36.621094
19.53125 34.179688
19.53125 31.738281
19.53125 29.296875
19.53125 26.855469
19.53125 24.414063
19.53125 21.972656
17.089844 19.53125
17.089844 17.089844
