70.800781 126.953125
70.800781 124.511719
70.800781 122.070313
68.359375 119.628906
68.359375 117.1875
65.917969 114.746094
65.917969 112.304688
63.476563 109.863281
63.476563 107.421875
61.035156 104.980469
61.035156 102.539063
58.59375 100.097656
56.152344 97.65625
56.152344 95.214844
56.152344 92.773438
56.152344 90.332031
56.152344 87.890625
56.152344 85.449219
56.152344 83.007813
56.152344 80.566406
56.152344 78.125
56.152344 75.683594
56.152344 73.242188
53.710938 70.800781
53.710938 68.359375
51.269531 65.917969
51.269531 63.476563
48.828125 61.035156
48.828125 58.59375
46.386719 56.152344
46.386719 53.710938
43.945313 51.269531
43.945313 48.828125
41.503906 46.386719
41.503906 43.945313
39.0625 41.503906
36.621094 41.503906
34.179688 41.503906
31.738281 41.503906
29.296875 39.0625
26.855469 36.621094
24.414063 34.179688
21.972656 31.738281
21.972656 29.296875
19.53125 26.855469
17.089844 24.414063
14.648438 21.972656
12.207031 19.53125
12.207031 17.089844
