227.050781 78.125
224.609375 80.566406
222.167969 80.566406
219.726563 80.566406
217.285156 83.007813
214.84375 83.007813
212.402344 83.007813
209.960938 80.566406
207.519531 80.566406
205.078125 80.566406
202.636719 78.125
200.195313 78.125
197.753906 80.566406
195.3125 80.566406
192.871094 78.125
190.429688 80.566406
187.988281 80.566406
185.546875 80.566406
183.105469 83.007813
180.664063 83.007813
178.222656 83.007813
175.78125 83.007813
173.339844 85.449219
170.898438 85.449219
168.457031 85.449219
166.015625 85.449219
163.574219 85.449219
161.132813 85.449219
158.691406 85.449219
156.25 87.890625
153.808594 87.890625
151.367188 87.890625
148.925781 87.890625
146.484375 87.890625
144.042969 90.332031
141.601563 90.332031
139.160156 90.332031
136.71875 90.332031
134.277344 92.773438
131.835938 92.773438
129.394531 92.773438
126.953125 92.773438
124.511719 92.773438
122.070313 92.773438
119.628906 95.214844
117.1875 95.214844
114.746094 95.214844
112.304688 95.214844
109.863281 95.214844
107.421875 95.214844
104.980469 95.214844
102.539063 95.214844
100.097656 95.214844
97.65625 95.214844
95.214844 95.214844
92.773438 95.214844
90.332031 95.214844
87.890625 95.214844
85.449219 95.214844
83.007813 92.773438
80.566406 90.332031
80.566406 87.890625
78.125 85.449219
75.683594 83.007813
73.242188 80.566406
73.242188 78.125
70.800781 75.683594
68.359375 73.242188
65.917969 70.800781
63.476563 68.359375
61.035156 65.917969
61.035156 63.476563
58.59375 61.035156
56.152344 58.59375
53.710938 56.152344
53.710938 53.710938
51.269531 51.269531
48.828125 48.828125
48.828125 46.386719
46.386719 43.945313
43.945313 43.945313
41.503906 41.503906
39.0625 39.0625
36.621094 36.621094
34.179688 34.179688
31.738281 31.738281
29.296875 29.296875
26.855469 26.855469
24.414063 26.855469
21.972656 24.414063
21.972656 21.972656
19.53125 19.53125
17.089844 17.089844
14.648438 14.648438
14.648438 12.207031
