17.089844 70.800781
17.089844 68.359375
17.089844 65.917969
17.089844 63.476563
17.089844 61.035156
17.089844 58.59375
14.648438 56.152344
14.648438 53.710938
14.648438 51.269531
14.648438 48.828125
14.648438 46.386719
14.648438 43.945313
12.207031 41.503906
12.207031 39.0625
12.207031 36.621094
12.207031 34.179688
12.207031 31.738281
12.207031 29.296875
12.207031 26.855469
12.207031 24.414063
12.207031 21.972656
12.207031 19.53125
12.207031 17.089844
14.648438 14.648438
14.648438 12.207031
14.648438 9.765625
17.089844 7.324219
17.089844 4.882813
