17.089844 134.277344
17.089844 131.835938
19.53125 129.394531
21.972656 126.953125
21.972656 124.511719
24.414063 122.070313
26.855469 119.628906
26.855469 117.1875
29.296875 114.746094
29.296875 112.304688
29.296875 109.863281
31.738281 107.421875
31.738281 104.980469
31.738281 102.539063
31.738281 100.097656
31.738281 97.65625
34.179688 95.214844
34.179688 92.773438
34.179688 90.332031
34.179688 87.890625
36.621094 85.449219
36.621094 83.007813
36.621094 80.566406
39.0625 78.125
39.0625 75.683594
41.503906 73.242188
41.503906 70.800781
43.945313 68.359375
43.945313 65.917969
46.386719 63.476563
48.828125 61.035156
51.269531 58.59375
51.269531 56.152344
53.710938 53.710938
53.710938 51.269531
56.152344 48.828125
58.59375 46.386719
61.035156 43.945313
61.035156 41.503906
61.035156 39.0625
63.476563 36.621094
63.476563 34.179688
63.476563 31.738281
63.476563 29.296875
63.476563 26.855469
63.476563 24.414063
65.917969 21.972656
65.917969 19.53125
65.917969 17.089844
