17.089844 78.125
19.53125 78.125
21.972656 75.683594
24.414063 73.242188
26.855469 70.800781
29.296875 70.800781
31.738281 68.359375
34.179688 65.917969
36.621094 65.917969
39.0625 63.476563
41.503906 61.035156
43.945313 61.035156
46.386719 58.59375
48.828125 56.152344
48.828125 53.710938
51.269531 51.269531
53.710938 48.828125
56.152344 46.386719
58.59375 43.945313
61.035156 41.503906
63.476563 39.0625
63.476563 36.621094
65.917969 34.179688
65.917969 31.738281
68.359375 29.296875
70.800781 26.855469
70.800781 24.414063
73.242188 21.972656
75.683594 19.53125
78.125 17.089844
