46.386719 97.65625
43.945313 95.214844
43.945313 92.773438
43.945313 90.332031
41.503906 87.890625
41.503906 85.449219
41.503906 83.007813
39.0625 80.566406
39.0625 78.125
39.0625 75.683594
36.621094 73.242188
36.621094 70.800781
36.621094 68.359375
36.621094 65.917969
34.179688 63.476563
34.179688 61.035156
34.179688 58.59375
31.738281 56.152344
31.738281 53.710938
31.738281 51.269531
29.296875 48.828125
29.296875 46.386719
26.855469 43.945313
26.855469 41.503906
26.855469 39.0625
26.855469 36.621094
26.855469 34.179688
24.414063 31.738281
24.414063 29.296875
24.414063 26.855469
21.972656 24.414063
21.972656 21.972656
19.53125 19.53125
19.53125 17.089844
17.089844 14.648438
14.648438 14.648438
