21.972656 129.394531
24.414063 126.953125
24.414063 124.511719
26.855469 122.070313
26.855469 119.628906
29.296875 117.1875
29.296875 114.746094
29.296875 112.304688
31.738281 109.863281
34.179688 107.421875
36.621094 104.980469
36.621094 102.539063
39.0625 100.097656
41.503906 97.65625
41.503906 95.214844
41.503906 92.773438
43.945313 90.332031
46.386719 87.890625
46.386719 85.449219
48.828125 83.007813
48.828125 80.566406
51.269531 78.125
51.269531 75.683594
53.710938 73.242188
56.152344 70.800781
56.152344 68.359375
58.59375 65.917969
61.035156 63.476563
63.476563 63.476563
65.917969 61.035156
68.359375 58.59375
70.800781 56.152344
73.242188 53.710938
75.683594 51.269531
78.125 48.828125
80.566406 46.386719
83.007813 43.945313
85.449219 41.503906
87.890625 39.0625
90.332031 36.621094
92.773438 36.621094
95.214844 34.179688
97.65625 31.738281
97.65625 29.296875
100.097656 26.855469
100.097656 24.414063
