122.070313 307.617188
122.070313 305.175781
122.070313 302.734375
122.070313 300.292969
122.070313 297.851563
119.628906 295.410156
119.628906 292.96875
119.628906 290.527344
119.628906 288.085938
119.628906 285.644531
119.628906 283.203125
119.628906 280.761719
119.628906 278.320313
119.628906 275.878906
119.628906 273.4375
117.1875 270.996094
117.1875 268.554688
117.1875 266.113281
117.1875 263.671875
117.1875 261.230469
117.1875 258.789063
117.1875 256.347656
114.746094 253.90625
114.746094 251.464844
114.746094 249.023438
114.746094 246.582031
114.746094 244.140625
114.746094 241.699219
112.304688 239.257813
112.304688 236.816406
112.304688 234.375
112.304688 231.933594
112.304688 229.492188
109.863281 227.050781
109.863281 224.609375
109.863281 222.167969
107.421875 219.726563
107.421875 217.285156
104.980469 214.84375
104.980469 212.402344
104.980469 209.960938
102.539063 207.519531
102.539063 205.078125
102.539063 202.636719
100.097656 200.195313
97.65625 197.753906
97.65625 195.3125
95.214844 192.871094
95.214844 190.429688
95.214844 187.988281
92.773438 185.546875
92.773438 183.105469
90.332031 180.664063
90.332031 178.222656
90.332031 175.78125
87.890625 173.339844
87.890625 170.898438
87.890625 168.457031
85.449219 166.015625
85.449219 163.574219
83.007813 161.132813
83.007813 158.691406
80.566406 156.25
80.566406 153.808594
78.125 151.367188
78.125 148.925781
75.683594 146.484375
75.683594 144.042969
73.242188 141.601563
73.242188 139.160156
70.800781 136.71875
70.800781 134.277344
68.359375 131.835938
68.359375 129.394531
65.917969 126.953125
65.917969 124.511719
63.476563 122.070313
63.476563 119.628906
63.476563 117.1875
61.035156 114.746094
61.035156 112.304688
58.59375 109.863281
58.59375 107.421875
56.152344 104.980469
56.152344 102.539063
53.710938 100.097656
53.710938 97.65625
53.710938 95.214844
51.269531 92.773438
51.269531 90.332031
48.828125 87.890625
48.828125 85.449219
48.828125 83.007813
46.386719 80.566406
46.386719 78.125
46.386719 75.683594
43.945313 73.242188
43.945313 70.800781
43.945313 68.359375
41.503906 65.917969
41.503906 63.476563
41.503906 61.035156
41.503906 58.59375
39.0625 56.152344
39.0625 53.710938
39.0625 51.269531
36.621094 48.828125
36.621094 46.386719
34.179688 43.945313
34.179688 41.503906
31.738281 39.0625
31.738281 36.621094
29.296875 34.179688
29.296875 31.738281
26.855469 29.296875
26.855469 26.855469
24.414063 24.414063
21.972656 21.972656
19.53125 19.53125
19.53125 17.089844
