61.035156 417.480469
61.035156 415.039063
58.59375 412.597656
58.59375 410.15625
58.59375 407.714844
56.152344 405.273438
56.152344 402.832031
53.710938 400.390625
53.710938 397.949219
53.710938 395.507813
53.710938 393.066406
51.269531 390.625
51.269531 388.183594
48.828125 385.742188
48.828125 383.300781
46.386719 380.859375
46.386719 378.417969
46.386719 375.976563
43.945313 373.535156
43.945313 371.09375
41.503906 368.652344
41.503906 366.210938
39.0625 363.769531
39.0625 361.328125
39.0625 358.886719
36.621094 356.445313
34.179688 354.003906
34.179688 351.5625
31.738281 349.121094
34.179688 346.679688
34.179688 344.238281
34.179688 341.796875
34.179688 339.355469
31.738281 336.914063
31.738281 334.472656
31.738281 332.03125
31.738281 329.589844
31.738281 327.148438
31.738281 324.707031
31.738281 322.265625
34.179688 319.824219
34.179688 317.382813
34.179688 314.941406
34.179688 312.5
34.179688 310.058594
31.738281 307.617188
31.738281 305.175781
31.738281 302.734375
31.738281 300.292969
31.738281 297.851563
31.738281 295.410156
31.738281 292.96875
31.738281 290.527344
29.296875 288.085938
29.296875 285.644531
29.296875 283.203125
29.296875 280.761719
29.296875 278.320313
29.296875 275.878906
29.296875 273.4375
29.296875 270.996094
29.296875 268.554688
26.855469 266.113281
26.855469 263.671875
26.855469 261.230469
26.855469 258.789063
29.296875 256.347656
29.296875 253.90625
29.296875 251.464844
29.296875 249.023438
29.296875 246.582031
29.296875 244.140625
29.296875 241.699219
29.296875 239.257813
29.296875 236.816406
29.296875 234.375
31.738281 231.933594
31.738281 229.492188
31.738281 227.050781
31.738281 224.609375
31.738281 222.167969
31.738281 219.726563
34.179688 217.285156
34.179688 214.84375
34.179688 212.402344
34.179688 209.960938
34.179688 207.519531
36.621094 205.078125
36.621094 202.636719
36.621094 200.195313
36.621094 197.753906
36.621094 195.3125
36.621094 192.871094
36.621094 190.429688
36.621094 187.988281
36.621094 185.546875
36.621094 183.105469
34.179688 180.664063
34.179688 178.222656
36.621094 175.78125
36.621094 173.339844
36.621094 170.898438
36.621094 168.457031
36.621094 166.015625
36.621094 163.574219
39.0625 161.132813
39.0625 158.691406
39.0625 156.25
39.0625 153.808594
41.503906 151.367188
41.503906 148.925781
41.503906 146.484375
41.503906 144.042969
41.503906 141.601563
41.503906 139.160156
41.503906 136.71875
41.503906 134.277344
43.945313 131.835938
43.945313 129.394531
43.945313 126.953125
43.945313 124.511719
43.945313 122.070313
43.945313 119.628906
43.945313 117.1875
43.945313 114.746094
43.945313 112.304688
43.945313 109.863281
43.945313 107.421875
43.945313 104.980469
43.945313 102.539063
43.945313 100.097656
43.945313 97.65625
43.945313 95.214844
43.945313 92.773438
46.386719 90.332031
46.386719 87.890625
46.386719 85.449219
48.828125 83.007813
48.828125 80.566406
48.828125 78.125
48.828125 75.683594
48.828125 73.242188
48.828125 70.800781
51.269531 68.359375
51.269531 65.917969
51.269531 63.476563
51.269531 61.035156
51.269531 58.59375
51.269531 56.152344
51.269531 53.710938
51.269531 51.269531
51.269531 48.828125
51.269531 46.386719
51.269531 43.945313
51.269531 41.503906
48.828125 39.0625
48.828125 36.621094
48.828125 34.179688
46.386719 31.738281
46.386719 29.296875
46.386719 26.855469
46.386719 24.414063
46.386719 21.972656
46.386719 19.53125
46.386719 17.089844
48.828125 14.648438
48.828125 12.207031
48.828125 9.765625
48.828125 7.324219
48.828125 4.882813
