43.945313 158.691406
43.945313 156.25
43.945313 153.808594
43.945313 151.367188
43.945313 148.925781
43.945313 146.484375
41.503906 144.042969
41.503906 141.601563
41.503906 139.160156
39.0625 136.71875
36.621094 134.277344
34.179688 131.835938
31.738281 129.394531
31.738281 126.953125
31.738281 124.511719
31.738281 122.070313
31.738281 119.628906
31.738281 117.1875
31.738281 114.746094
31.738281 112.304688
31.738281 109.863281
31.738281 107.421875
31.738281 104.980469
29.296875 102.539063
29.296875 100.097656
29.296875 97.65625
29.296875 95.214844
29.296875 92.773438
29.296875 90.332031
29.296875 87.890625
29.296875 85.449219
29.296875 83.007813
29.296875 80.566406
29.296875 78.125
26.855469 75.683594
26.855469 73.242188
26.855469 70.800781
26.855469 68.359375
24.414063 65.917969
24.414063 63.476563
24.414063 61.035156
24.414063 58.59375
24.414063 56.152344
24.414063 53.710938
24.414063 51.269531
24.414063 48.828125
21.972656 46.386719
21.972656 43.945313
21.972656 41.503906
21.972656 39.0625
19.53125 36.621094
19.53125 34.179688
19.53125 31.738281
19.53125 29.296875
19.53125 26.855469
17.089844 24.414063
17.089844 21.972656
17.089844 19.53125
17.089844 17.089844
14.648438 14.648438
14.648438 12.207031
