131.835938 46.386719
129.394531 48.828125
126.953125 48.828125
124.511719 48.828125
122.070313 48.828125
119.628906 51.269531
117.1875 51.269531
114.746094 51.269531
112.304688 48.828125
109.863281 48.828125
107.421875 46.386719
104.980469 46.386719
102.539063 46.386719
100.097656 43.945313
97.65625 43.945313
95.214844 43.945313
92.773438 43.945313
90.332031 41.503906
87.890625 41.503906
85.449219 41.503906
83.007813 39.0625
80.566406 39.0625
78.125 36.621094
75.683594 36.621094
73.242188 34.179688
70.800781 31.738281
68.359375 31.738281
65.917969 29.296875
63.476563 26.855469
61.035156 26.855469
58.59375 24.414063
56.152344 21.972656
53.710938 21.972656
51.269531 21.972656
48.828125 19.53125
46.386719 19.53125
43.945313 19.53125
41.503906 19.53125
39.0625 19.53125
36.621094 19.53125
34.179688 19.53125
31.738281 19.53125
29.296875 17.089844
26.855469 17.089844
24.414063 17.089844
21.972656 14.648438
19.53125 14.648438
17.089844 14.648438
14.648438 14.648438
