14.648438 63.476563
17.089844 61.035156
17.089844 58.59375
19.53125 56.152344
21.972656 53.710938
24.414063 51.269531
26.855469 48.828125
29.296875 46.386719
31.738281 46.386719
34.179688 43.945313
36.621094 43.945313
39.0625 41.503906
41.503906 41.503906
43.945313 39.0625
46.386719 39.0625
48.828125 36.621094
51.269531 34.179688
53.710938 34.179688
56.152344 34.179688
58.59375 31.738281
61.035156 31.738281
63.476563 29.296875
65.917969 29.296875
68.359375 26.855469
70.800781 26.855469
73.242188 26.855469
75.683594 26.855469
78.125 26.855469
80.566406 24.414063
83.007813 24.414063
85.449219 24.414063
87.890625 21.972656
90.332031 21.972656
92.773438 21.972656
95.214844 21.972656
97.65625 19.53125
100.097656 19.53125
102.539063 19.53125
104.980469 19.53125
107.421875 17.089844
109.863281 17.089844
112.304688 17.089844
114.746094 14.648438
