24.414063 202.636719
24.414063 200.195313
24.414063 197.753906
24.414063 195.3125
24.414063 192.871094
24.414063 190.429688
24.414063 187.988281
24.414063 185.546875
24.414063 183.105469
26.855469 180.664063
26.855469 178.222656
26.855469 175.78125
26.855469 173.339844
26.855469 170.898438
26.855469 168.457031
26.855469 166.015625
29.296875 163.574219
29.296875 161.132813
29.296875 158.691406
29.296875 156.25
29.296875 153.808594
29.296875 151.367188
29.296875 148.925781
29.296875 146.484375
29.296875 144.042969
29.296875 141.601563
29.296875 139.160156
29.296875 136.71875
29.296875 134.277344
29.296875 131.835938
29.296875 129.394531
26.855469 126.953125
26.855469 124.511719
26.855469 122.070313
26.855469 119.628906
26.855469 117.1875
26.855469 114.746094
26.855469 112.304688
26.855469 109.863281
26.855469 107.421875
26.855469 104.980469
26.855469 102.539063
26.855469 100.097656
26.855469 97.65625
26.855469 95.214844
24.414063 92.773438
24.414063 90.332031
24.414063 87.890625
24.414063 85.449219
24.414063 83.007813
24.414063 80.566406
24.414063 78.125
21.972656 75.683594
21.972656 73.242188
21.972656 70.800781
21.972656 68.359375
21.972656 65.917969
21.972656 63.476563
21.972656 61.035156
19.53125 58.59375
19.53125 56.152344
19.53125 53.710938
19.53125 51.269531
19.53125 48.828125
19.53125 46.386719
19.53125 43.945313
19.53125 41.503906
19.53125 39.0625
19.53125 36.621094
19.53125 34.179688
17.089844 31.738281
17.089844 29.296875
17.089844 26.855469
17.089844 24.414063
17.089844 21.972656
17.089844 19.53125
17.089844 17.089844
14.648438 14.648438
14.648438 12.207031
