17.089844 122.070313
17.089844 119.628906
17.089844 117.1875
17.089844 114.746094
17.089844 112.304688
17.089844 109.863281
17.089844 107.421875
17.089844 104.980469
17.089844 102.539063
17.089844 100.097656
17.089844 97.65625
19.53125 95.214844
19.53125 92.773438
19.53125 90.332031
19.53125 87.890625
21.972656 85.449219
21.972656 83.007813
21.972656 80.566406
24.414063 78.125
24.414063 75.683594
24.414063 73.242188
26.855469 70.800781
26.855469 68.359375
26.855469 65.917969
29.296875 63.476563
29.296875 61.035156
29.296875 58.59375
31.738281 56.152344
31.738281 53.710938
31.738281 51.269531
34.179688 48.828125
34.179688 46.386719
36.621094 43.945313
36.621094 41.503906
39.0625 39.0625
39.0625 36.621094
41.503906 34.179688
41.503906 31.738281
43.945313 29.296875
43.945313 26.855469
43.945313 24.414063
46.386719 21.972656
46.386719 19.53125
48.828125 17.089844
