180.664063 36.621094
178.222656 36.621094
175.78125 36.621094
173.339844 36.621094
170.898438 34.179688
168.457031 34.179688
166.015625 34.179688
163.574219 31.738281
161.132813 31.738281
158.691406 31.738281
156.25 29.296875
153.808594 29.296875
151.367188 29.296875
148.925781 29.296875
146.484375 29.296875
144.042969 29.296875
141.601563 29.296875
139.160156 29.296875
136.71875 29.296875
134.277344 26.855469
131.835938 26.855469
129.394531 26.855469
126.953125 26.855469
124.511719 26.855469
122.070313 26.855469
119.628906 26.855469
117.1875 24.414063
114.746094 24.414063
112.304688 24.414063
109.863281 24.414063
107.421875 24.414063
104.980469 24.414063
102.539063 24.414063
100.097656 24.414063
97.65625 24.414063
95.214844 21.972656
92.773438 21.972656
90.332031 21.972656
87.890625 21.972656
85.449219 21.972656
83.007813 21.972656
80.566406 21.972656
78.125 19.53125
75.683594 19.53125
73.242188 19.53125
70.800781 19.53125
68.359375 19.53125
65.917969 19.53125
63.476563 19.53125
61.035156 19.53125
58.59375 19.53125
56.152344 19.53125
53.710938 19.53125
51.269531 19.53125
48.828125 19.53125
46.386719 19.53125
43.945313 19.53125
41.503906 17.089844
39.0625 17.089844
36.621094 17.089844
34.179688 17.089844
31.738281 17.089844
29.296875 17.089844
26.855469 17.089844
24.414063 17.089844
21.972656 17.089844
19.53125 17.089844
17.089844 17.089844
