87.890625 34.179688
85.449219 34.179688
83.007813 31.738281
80.566406 29.296875
78.125 29.296875
75.683594 26.855469
73.242188 26.855469
70.800781 26.855469
68.359375 26.855469
65.917969 24.414063
63.476563 24.414063
61.035156 24.414063
58.59375 21.972656
56.152344 21.972656
53.710938 21.972656
51.269531 19.53125
48.828125 19.53125
46.386719 17.089844
43.945313 17.089844
41.503906 17.089844
39.0625 17.089844
36.621094 17.089844
34.179688 14.648438
31.738281 14.648438
29.296875 14.648438
26.855469 14.648438
24.414063 14.648438
21.972656 14.648438
19.53125 14.648438
17.089844 14.648438
14.648438 14.648438
