9.765625 61.035156
12.207031 58.59375
14.648438 56.152344
17.089844 56.152344
19.53125 53.710938
21.972656 51.269531
24.414063 48.828125
26.855469 46.386719
29.296875 43.945313
31.738281 41.503906
34.179688 39.0625
36.621094 39.0625
39.0625 36.621094
41.503906 34.179688
43.945313 34.179688
46.386719 31.738281
48.828125 29.296875
51.269531 29.296875
53.710938 26.855469
56.152344 26.855469
58.59375 24.414063
61.035156 24.414063
63.476563 21.972656
65.917969 21.972656
68.359375 19.53125
70.800781 19.53125
73.242188 17.089844
75.683594 14.648438
78.125 14.648438
80.566406 14.648438
83.007813 14.648438
85.449219 14.648438
87.890625 12.207031
90.332031 12.207031
92.773438 12.207031
95.214844 12.207031
97.65625 9.765625
100.097656 9.765625
102.539063 12.207031
104.980469 9.765625
