12.207031 58.59375
14.648438 58.59375
17.089844 58.59375
19.53125 58.59375
21.972656 58.59375
24.414063 58.59375
26.855469 58.59375
29.296875 58.59375
31.738281 58.59375
34.179688 56.152344
36.621094 56.152344
39.0625 56.152344
41.503906 56.152344
43.945313 56.152344
46.386719 56.152344
48.828125 56.152344
51.269531 56.152344
53.710938 56.152344
56.152344 53.710938
58.59375 53.710938
61.035156 53.710938
63.476563 51.269531
65.917969 51.269531
68.359375 51.269531
70.800781 51.269531
73.242188 48.828125
75.683594 48.828125
78.125 46.386719
80.566406 46.386719
83.007813 43.945313
85.449219 43.945313
87.890625 43.945313
90.332031 43.945313
92.773438 41.503906
95.214844 41.503906
97.65625 41.503906
100.097656 41.503906
102.539063 41.503906
104.980469 41.503906
107.421875 41.503906
109.863281 41.503906
112.304688 41.503906
114.746094 41.503906
117.1875 41.503906
119.628906 41.503906
122.070313 41.503906
124.511719 41.503906
126.953125 41.503906
129.394531 41.503906
131.835938 41.503906
134.277344 39.0625
136.71875 39.0625
139.160156 39.0625
141.601563 39.0625
144.042969 39.0625
146.484375 36.621094
148.925781 36.621094
151.367188 36.621094
153.808594 34.179688
156.25 34.179688
158.691406 34.179688
161.132813 34.179688
163.574219 31.738281
166.015625 31.738281
168.457031 31.738281
170.898438 29.296875
173.339844 29.296875
175.78125 26.855469
178.222656 26.855469
180.664063 26.855469
183.105469 26.855469
185.546875 26.855469
187.988281 26.855469
190.429688 26.855469
192.871094 26.855469
195.3125 24.414063
197.753906 24.414063
200.195313 24.414063
202.636719 24.414063
205.078125 24.414063
207.519531 24.414063
209.960938 24.414063
212.402344 24.414063
214.84375 24.414063
217.285156 24.414063
219.726563 24.414063
222.167969 24.414063
224.609375 24.414063
227.050781 24.414063
229.492188 24.414063
231.933594 24.414063
234.375 24.414063
236.816406 24.414063
239.257813 24.414063
241.699219 21.972656
244.140625 21.972656
246.582031 19.53125
249.023438 19.53125
251.464844 19.53125
253.90625 19.53125
256.347656 19.53125
258.789063 21.972656
261.230469 21.972656
263.671875 21.972656
266.113281 21.972656
268.554688 21.972656
270.996094 21.972656
273.4375 19.53125
275.878906 19.53125
278.320313 17.089844
