17.089844 363.769531
19.53125 361.328125
19.53125 358.886719
19.53125 356.445313
21.972656 354.003906
21.972656 351.5625
21.972656 349.121094
24.414063 346.679688
26.855469 344.238281
29.296875 341.796875
31.738281 339.355469
31.738281 336.914063
34.179688 334.472656
34.179688 332.03125
36.621094 329.589844
36.621094 327.148438
39.0625 324.707031
41.503906 322.265625
41.503906 319.824219
43.945313 317.382813
43.945313 314.941406
46.386719 312.5
48.828125 310.058594
48.828125 307.617188
51.269531 305.175781
51.269531 302.734375
53.710938 300.292969
56.152344 297.851563
58.59375 295.410156
58.59375 292.96875
61.035156 290.527344
63.476563 288.085938
65.917969 285.644531
68.359375 283.203125
68.359375 280.761719
68.359375 278.320313
70.800781 275.878906
70.800781 273.4375
70.800781 270.996094
70.800781 268.554688
70.800781 266.113281
73.242188 263.671875
73.242188 261.230469
75.683594 258.789063
75.683594 256.347656
75.683594 253.90625
78.125 251.464844
80.566406 249.023438
80.566406 246.582031
83.007813 244.140625
83.007813 241.699219
85.449219 239.257813
85.449219 236.816406
87.890625 234.375
87.890625 231.933594
90.332031 229.492188
90.332031 227.050781
90.332031 224.609375
92.773438 222.167969
92.773438 219.726563
95.214844 217.285156
95.214844 214.84375
97.65625 212.402344
97.65625 209.960938
97.65625 207.519531
97.65625 205.078125
97.65625 202.636719
97.65625 200.195313
97.65625 197.753906
97.65625 195.3125
97.65625 192.871094
97.65625 190.429688
97.65625 187.988281
97.65625 185.546875
97.65625 183.105469
97.65625 180.664063
97.65625 178.222656
97.65625 175.78125
97.65625 173.339844
97.65625 170.898438
97.65625 168.457031
97.65625 166.015625
100.097656 163.574219
100.097656 161.132813
100.097656 158.691406
100.097656 156.25
102.539063 153.808594
102.539063 151.367188
102.539063 148.925781
102.539063 146.484375
104.980469 144.042969
104.980469 141.601563
107.421875 139.160156
107.421875 136.71875
107.421875 134.277344
107.421875 131.835938
107.421875 129.394531
107.421875 126.953125
107.421875 124.511719
107.421875 122.070313
107.421875 119.628906
107.421875 117.1875
107.421875 114.746094
107.421875 112.304688
107.421875 109.863281
107.421875 107.421875
109.863281 104.980469
109.863281 102.539063
109.863281 100.097656
109.863281 97.65625
112.304688 95.214844
112.304688 92.773438
114.746094 90.332031
114.746094 87.890625
114.746094 85.449219
114.746094 83.007813
114.746094 80.566406
114.746094 78.125
114.746094 75.683594
114.746094 73.242188
114.746094 70.800781
114.746094 68.359375
117.1875 65.917969
117.1875 63.476563
117.1875 61.035156
117.1875 58.59375
117.1875 56.152344
117.1875 53.710938
119.628906 51.269531
119.628906 48.828125
119.628906 46.386719
119.628906 43.945313
119.628906 41.503906
119.628906 39.0625
122.070313 36.621094
122.070313 34.179688
122.070313 31.738281
124.511719 29.296875
124.511719 26.855469
124.511719 24.414063
124.511719 21.972656
126.953125 19.53125
126.953125 17.089844
126.953125 14.648438
