61.035156 131.835938
61.035156 129.394531
61.035156 126.953125
61.035156 124.511719
61.035156 122.070313
61.035156 119.628906
61.035156 117.1875
58.59375 114.746094
58.59375 112.304688
58.59375 109.863281
58.59375 107.421875
56.152344 104.980469
56.152344 102.539063
53.710938 100.097656
53.710938 97.65625
51.269531 95.214844
51.269531 92.773438
48.828125 90.332031
48.828125 87.890625
48.828125 85.449219
48.828125 83.007813
46.386719 80.566406
46.386719 78.125
46.386719 75.683594
43.945313 73.242188
43.945313 70.800781
43.945313 68.359375
41.503906 65.917969
41.503906 63.476563
39.0625 61.035156
39.0625 58.59375
36.621094 56.152344
36.621094 53.710938
36.621094 51.269531
36.621094 48.828125
34.179688 46.386719
34.179688 43.945313
31.738281 41.503906
31.738281 39.0625
29.296875 36.621094
26.855469 34.179688
26.855469 31.738281
24.414063 29.296875
21.972656 26.855469
21.972656 24.414063
19.53125 21.972656
19.53125 19.53125
17.089844 17.089844
17.089844 14.648438
