17.089844 31.738281
19.53125 31.738281
21.972656 31.738281
24.414063 31.738281
26.855469 31.738281
29.296875 31.738281
31.738281 31.738281
34.179688 31.738281
36.621094 31.738281
39.0625 31.738281
41.503906 31.738281
43.945313 31.738281
46.386719 31.738281
48.828125 34.179688
51.269531 34.179688
53.710938 31.738281
56.152344 31.738281
58.59375 31.738281
61.035156 31.738281
63.476563 31.738281
65.917969 31.738281
68.359375 31.738281
70.800781 31.738281
73.242188 31.738281
75.683594 31.738281
78.125 31.738281
80.566406 31.738281
83.007813 31.738281
85.449219 31.738281
87.890625 34.179688
90.332031 34.179688
92.773438 34.179688
95.214844 36.621094
97.65625 36.621094
100.097656 39.0625
102.539063 39.0625
104.980469 39.0625
107.421875 39.0625
109.863281 39.0625
112.304688 41.503906
114.746094 41.503906
117.1875 41.503906
119.628906 41.503906
122.070313 41.503906
124.511719 43.945313
126.953125 43.945313
129.394531 43.945313
131.835938 43.945313
134.277344 41.503906
136.71875 41.503906
139.160156 41.503906
141.601563 39.0625
144.042969 39.0625
146.484375 39.0625
148.925781 36.621094
151.367188 36.621094
153.808594 34.179688
156.25 31.738281
158.691406 31.738281
161.132813 29.296875
163.574219 26.855469
166.015625 26.855469
168.457031 24.414063
170.898438 24.414063
173.339844 21.972656
173.339844 19.53125
173.339844 17.089844
175.78125 14.648438
175.78125 12.207031
175.78125 9.765625
