14.648438 102.539063
14.648438 100.097656
17.089844 97.65625
17.089844 95.214844
17.089844 92.773438
19.53125 90.332031
19.53125 87.890625
21.972656 85.449219
21.972656 83.007813
21.972656 80.566406
21.972656 78.125
24.414063 75.683594
24.414063 73.242188
26.855469 70.800781
29.296875 68.359375
29.296875 65.917969
31.738281 63.476563
31.738281 61.035156
34.179688 58.59375
36.621094 56.152344
36.621094 53.710938
39.0625 51.269531
41.503906 48.828125
43.945313 46.386719
43.945313 43.945313
46.386719 41.503906
46.386719 39.0625
46.386719 36.621094
48.828125 34.179688
51.269531 31.738281
51.269531 29.296875
53.710938 26.855469
56.152344 24.414063
56.152344 21.972656
58.59375 19.53125
58.59375 17.089844
61.035156 14.648438
63.476563 12.207031
63.476563 9.765625
