12.207031 83.007813
12.207031 80.566406
14.648438 78.125
14.648438 75.683594
17.089844 73.242188
17.089844 70.800781
19.53125 68.359375
21.972656 65.917969
24.414063 63.476563
26.855469 61.035156
29.296875 58.59375
31.738281 56.152344
34.179688 53.710938
34.179688 51.269531
36.621094 48.828125
36.621094 46.386719
39.0625 43.945313
41.503906 41.503906
43.945313 39.0625
46.386719 36.621094
46.386719 34.179688
48.828125 31.738281
51.269531 29.296875
51.269531 26.855469
53.710938 24.414063
53.710938 21.972656
56.152344 19.53125
58.59375 19.53125
61.035156 17.089844
63.476563 14.648438
65.917969 12.207031
68.359375 12.207031
70.800781 9.765625
73.242188 7.324219
