26.855469 195.3125
24.414063 195.3125
21.972656 192.871094
19.53125 190.429688
17.089844 187.988281
17.089844 185.546875
19.53125 183.105469
19.53125 180.664063
19.53125 178.222656
21.972656 175.78125
24.414063 173.339844
24.414063 170.898438
24.414063 168.457031
24.414063 166.015625
24.414063 163.574219
26.855469 161.132813
26.855469 158.691406
26.855469 156.25
26.855469 153.808594
26.855469 151.367188
26.855469 148.925781
26.855469 146.484375
26.855469 144.042969
29.296875 141.601563
31.738281 139.160156
34.179688 136.71875
36.621094 134.277344
39.0625 131.835938
39.0625 129.394531
41.503906 126.953125
43.945313 124.511719
43.945313 122.070313
46.386719 119.628906
46.386719 117.1875
46.386719 114.746094
46.386719 112.304688
46.386719 109.863281
46.386719 107.421875
46.386719 104.980469
46.386719 102.539063
46.386719 100.097656
48.828125 97.65625
51.269531 95.214844
51.269531 92.773438
53.710938 90.332031
53.710938 87.890625
56.152344 85.449219
56.152344 83.007813
58.59375 80.566406
61.035156 78.125
61.035156 75.683594
61.035156 73.242188
61.035156 70.800781
58.59375 68.359375
58.59375 65.917969
58.59375 63.476563
58.59375 61.035156
58.59375 58.59375
58.59375 56.152344
58.59375 53.710938
58.59375 51.269531
61.035156 48.828125
61.035156 46.386719
63.476563 43.945313
63.476563 41.503906
65.917969 39.0625
65.917969 36.621094
65.917969 34.179688
63.476563 31.738281
63.476563 29.296875
63.476563 26.855469
63.476563 24.414063
63.476563 21.972656
63.476563 19.53125
63.476563 17.089844
63.476563 14.648438
61.035156 12.207031
58.59375 9.765625
58.59375 7.324219
58.59375 4.882813
