114.746094 48.828125
112.304688 48.828125
109.863281 46.386719
107.421875 46.386719
104.980469 43.945313
102.539063 43.945313
100.097656 41.503906
97.65625 41.503906
95.214844 39.0625
92.773438 36.621094
90.332031 36.621094
87.890625 36.621094
85.449219 36.621094
83.007813 36.621094
80.566406 36.621094
78.125 34.179688
75.683594 34.179688
73.242188 34.179688
70.800781 31.738281
68.359375 29.296875
65.917969 29.296875
63.476563 26.855469
61.035156 26.855469
58.59375 24.414063
56.152344 21.972656
53.710938 21.972656
51.269531 19.53125
48.828125 19.53125
46.386719 17.089844
43.945313 17.089844
41.503906 17.089844
39.0625 17.089844
36.621094 17.089844
34.179688 17.089844
31.738281 14.648438
29.296875 14.648438
26.855469 14.648438
24.414063 14.648438
21.972656 14.648438
19.53125 14.648438
17.089844 14.648438
