17.089844 322.265625
19.53125 319.824219
21.972656 317.382813
24.414063 314.941406
26.855469 312.5
26.855469 310.058594
29.296875 307.617188
29.296875 305.175781
31.738281 302.734375
31.738281 300.292969
34.179688 297.851563
34.179688 295.410156
34.179688 292.96875
36.621094 290.527344
36.621094 288.085938
39.0625 285.644531
39.0625 283.203125
41.503906 280.761719
43.945313 278.320313
46.386719 275.878906
46.386719 273.4375
48.828125 270.996094
51.269531 268.554688
53.710938 266.113281
56.152344 263.671875
58.59375 261.230469
58.59375 258.789063
61.035156 256.347656
61.035156 253.90625
61.035156 251.464844
63.476563 249.023438
63.476563 246.582031
65.917969 244.140625
65.917969 241.699219
68.359375 239.257813
68.359375 236.816406
70.800781 234.375
70.800781 231.933594
70.800781 229.492188
73.242188 227.050781
73.242188 224.609375
73.242188 222.167969
75.683594 219.726563
75.683594 217.285156
78.125 214.84375
78.125 212.402344
80.566406 209.960938
83.007813 207.519531
83.007813 205.078125
85.449219 202.636719
87.890625 200.195313
87.890625 197.753906
90.332031 195.3125
90.332031 192.871094
92.773438 190.429688
92.773438 187.988281
95.214844 185.546875
95.214844 183.105469
95.214844 180.664063
95.214844 178.222656
97.65625 175.78125
97.65625 173.339844
100.097656 170.898438
102.539063 168.457031
102.539063 166.015625
104.980469 163.574219
104.980469 161.132813
104.980469 158.691406
107.421875 156.25
109.863281 153.808594
109.863281 151.367188
112.304688 148.925781
114.746094 146.484375
114.746094 144.042969
114.746094 141.601563
114.746094 139.160156
117.1875 136.71875
117.1875 134.277344
119.628906 131.835938
122.070313 129.394531
122.070313 126.953125
124.511719 124.511719
126.953125 122.070313
126.953125 119.628906
129.394531 117.1875
129.394531 114.746094
129.394531 112.304688
131.835938 109.863281
131.835938 107.421875
134.277344 104.980469
134.277344 102.539063
136.71875 100.097656
139.160156 97.65625
139.160156 95.214844
141.601563 92.773438
141.601563 90.332031
144.042969 87.890625
146.484375 85.449219
146.484375 83.007813
146.484375 80.566406
146.484375 78.125
146.484375 75.683594
148.925781 73.242188
148.925781 70.800781
151.367188 68.359375
151.367188 65.917969
151.367188 63.476563
151.367188 61.035156
153.808594 58.59375
153.808594 56.152344
153.808594 53.710938
153.808594 51.269531
153.808594 48.828125
153.808594 46.386719
153.808594 43.945313
153.808594 41.503906
156.25 39.0625
156.25 36.621094
156.25 34.179688
156.25 31.738281
156.25 29.296875
156.25 26.855469
156.25 24.414063
158.691406 21.972656
158.691406 19.53125
161.132813 17.089844
163.574219 14.648438
163.574219 12.207031
