9.765625 87.890625
12.207031 85.449219
14.648438 85.449219
17.089844 83.007813
19.53125 83.007813
21.972656 83.007813
24.414063 80.566406
26.855469 80.566406
29.296875 78.125
31.738281 78.125
34.179688 75.683594
36.621094 75.683594
39.0625 73.242188
41.503906 73.242188
43.945313 73.242188
46.386719 70.800781
48.828125 68.359375
51.269531 65.917969
53.710938 65.917969
56.152344 63.476563
58.59375 61.035156
61.035156 58.59375
63.476563 56.152344
65.917969 53.710938
68.359375 51.269531
70.800781 48.828125
73.242188 46.386719
75.683594 43.945313
78.125 41.503906
80.566406 39.0625
83.007813 36.621094
85.449219 34.179688
87.890625 31.738281
90.332031 29.296875
92.773438 29.296875
95.214844 26.855469
97.65625 26.855469
100.097656 24.414063
102.539063 21.972656
104.980469 21.972656
107.421875 19.53125
109.863281 17.089844
112.304688 17.089844
114.746094 14.648438
117.1875 14.648438
119.628906 14.648438
122.070313 14.648438
124.511719 12.207031
126.953125 12.207031
129.394531 12.207031
131.835938 12.207031
134.277344 12.207031
