249.023438 249.023438
246.582031 249.023438
244.140625 249.023438
241.699219 249.023438
239.257813 246.582031
236.816406 244.140625
234.375 244.140625
231.933594 241.699219
229.492188 239.257813
227.050781 239.257813
224.609375 236.816406
222.167969 236.816406
219.726563 234.375
217.285156 234.375
214.84375 231.933594
212.402344 231.933594
209.960938 231.933594
207.519531 229.492188
205.078125 227.050781
202.636719 224.609375
200.195313 224.609375
197.753906 222.167969
195.3125 222.167969
192.871094 219.726563
190.429688 217.285156
187.988281 214.84375
185.546875 212.402344
183.105469 212.402344
180.664063 209.960938
178.222656 209.960938
175.78125 209.960938
173.339844 207.519531
170.898438 207.519531
168.457031 207.519531
166.015625 205.078125
163.574219 205.078125
161.132813 202.636719
158.691406 200.195313
156.25 200.195313
153.808594 197.753906
151.367188 197.753906
148.925781 195.3125
146.484375 195.3125
144.042969 192.871094
144.042969 190.429688
141.601563 187.988281
139.160156 185.546875
136.71875 183.105469
136.71875 180.664063
134.277344 178.222656
131.835938 175.78125
131.835938 173.339844
129.394531 170.898438
126.953125 168.457031
124.511719 166.015625
122.070313 163.574219
119.628906 161.132813
117.1875 158.691406
117.1875 156.25
114.746094 153.808594
112.304688 151.367188
109.863281 148.925781
109.863281 146.484375
107.421875 144.042969
104.980469 141.601563
104.980469 139.160156
104.980469 136.71875
102.539063 134.277344
100.097656 131.835938
97.65625 129.394531
95.214844 126.953125
95.214844 124.511719
95.214844 122.070313
92.773438 119.628906
92.773438 117.1875
90.332031 114.746094
90.332031 112.304688
87.890625 109.863281
85.449219 107.421875
85.449219 104.980469
83.007813 102.539063
80.566406 100.097656
78.125 97.65625
75.683594 95.214844
73.242188 92.773438
73.242188 90.332031
70.800781 87.890625
70.800781 85.449219
68.359375 83.007813
68.359375 80.566406
65.917969 78.125
63.476563 75.683594
61.035156 73.242188
61.035156 70.800781
58.59375 68.359375
56.152344 65.917969
56.152344 63.476563
53.710938 61.035156
53.710938 58.59375
51.269531 56.152344
51.269531 53.710938
48.828125 51.269531
46.386719 48.828125
43.945313 46.386719
41.503906 43.945313
39.0625 41.503906
36.621094 39.0625
34.179688 36.621094
31.738281 34.179688
29.296875 31.738281
26.855469 29.296875
24.414063 26.855469
21.972656 24.414063
19.53125 21.972656
17.089844 19.53125
17.089844 17.089844
14.648438 14.648438
12.207031 12.207031
9.765625 9.765625
9.765625 7.324219
