56.152344 134.277344
56.152344 131.835938
56.152344 129.394531
56.152344 126.953125
56.152344 124.511719
53.710938 122.070313
51.269531 119.628906
51.269531 117.1875
51.269531 114.746094
51.269531 112.304688
51.269531 109.863281
51.269531 107.421875
48.828125 104.980469
48.828125 102.539063
46.386719 100.097656
46.386719 97.65625
43.945313 95.214844
43.945313 92.773438
43.945313 90.332031
41.503906 87.890625
41.503906 85.449219
39.0625 83.007813
39.0625 80.566406
36.621094 78.125
36.621094 75.683594
34.179688 73.242188
34.179688 70.800781
31.738281 68.359375
31.738281 65.917969
29.296875 63.476563
29.296875 61.035156
26.855469 58.59375
26.855469 56.152344
26.855469 53.710938
24.414063 51.269531
24.414063 48.828125
24.414063 46.386719
24.414063 43.945313
24.414063 41.503906
24.414063 39.0625
24.414063 36.621094
21.972656 34.179688
21.972656 31.738281
21.972656 29.296875
21.972656 26.855469
21.972656 24.414063
21.972656 21.972656
