19.53125 158.691406
19.53125 156.25
19.53125 153.808594
19.53125 151.367188
19.53125 148.925781
19.53125 146.484375
21.972656 144.042969
21.972656 141.601563
21.972656 139.160156
21.972656 136.71875
19.53125 134.277344
19.53125 131.835938
21.972656 129.394531
21.972656 126.953125
21.972656 124.511719
21.972656 122.070313
21.972656 119.628906
21.972656 117.1875
21.972656 114.746094
21.972656 112.304688
21.972656 109.863281
21.972656 107.421875
21.972656 104.980469
21.972656 102.539063
21.972656 100.097656
21.972656 97.65625
21.972656 95.214844
21.972656 92.773438
24.414063 90.332031
24.414063 87.890625
26.855469 85.449219
26.855469 83.007813
26.855469 80.566406
26.855469 78.125
26.855469 75.683594
26.855469 73.242188
26.855469 70.800781
26.855469 68.359375
26.855469 65.917969
26.855469 63.476563
29.296875 61.035156
29.296875 58.59375
29.296875 56.152344
29.296875 53.710938
29.296875 51.269531
29.296875 48.828125
29.296875 46.386719
29.296875 43.945313
29.296875 41.503906
29.296875 39.0625
26.855469 36.621094
26.855469 34.179688
26.855469 31.738281
26.855469 29.296875
26.855469 26.855469
26.855469 24.414063
24.414063 21.972656
26.855469 19.53125
26.855469 17.089844
26.855469 14.648438
26.855469 12.207031
26.855469 9.765625
