21.972656 187.988281
21.972656 185.546875
21.972656 183.105469
21.972656 180.664063
21.972656 178.222656
21.972656 175.78125
21.972656 173.339844
21.972656 170.898438
21.972656 168.457031
21.972656 166.015625
21.972656 163.574219
21.972656 161.132813
21.972656 158.691406
19.53125 156.25
19.53125 153.808594
17.089844 151.367188
17.089844 148.925781
19.53125 146.484375
19.53125 144.042969
19.53125 141.601563
19.53125 139.160156
21.972656 136.71875
21.972656 134.277344
21.972656 131.835938
24.414063 129.394531
24.414063 126.953125
24.414063 124.511719
24.414063 122.070313
24.414063 119.628906
24.414063 117.1875
26.855469 114.746094
26.855469 112.304688
24.414063 109.863281
24.414063 107.421875
24.414063 104.980469
24.414063 102.539063
24.414063 100.097656
24.414063 97.65625
24.414063 95.214844
24.414063 92.773438
21.972656 90.332031
21.972656 87.890625
21.972656 85.449219
21.972656 83.007813
21.972656 80.566406
19.53125 78.125
19.53125 75.683594
21.972656 73.242188
21.972656 70.800781
21.972656 68.359375
24.414063 65.917969
24.414063 63.476563
24.414063 61.035156
21.972656 58.59375
21.972656 56.152344
21.972656 53.710938
21.972656 51.269531
21.972656 48.828125
19.53125 46.386719
19.53125 43.945313
19.53125 41.503906
17.089844 39.0625
17.089844 36.621094
17.089844 34.179688
17.089844 31.738281
17.089844 29.296875
14.648438 26.855469
17.089844 24.414063
17.089844 21.972656
17.089844 19.53125
19.53125 17.089844
19.53125 14.648438
19.53125 12.207031
19.53125 9.765625
