7.324219 87.890625
7.324219 85.449219
9.765625 83.007813
12.207031 80.566406
12.207031 78.125
14.648438 75.683594
17.089844 73.242188
17.089844 70.800781
19.53125 68.359375
19.53125 65.917969
21.972656 63.476563
21.972656 61.035156
21.972656 58.59375
21.972656 56.152344
21.972656 53.710938
24.414063 51.269531
24.414063 48.828125
24.414063 46.386719
26.855469 43.945313
26.855469 41.503906
29.296875 39.0625
29.296875 36.621094
31.738281 34.179688
31.738281 31.738281
34.179688 29.296875
34.179688 26.855469
34.179688 24.414063
34.179688 21.972656
34.179688 19.53125
36.621094 17.089844
39.0625 14.648438
