14.648438 78.125
14.648438 75.683594
14.648438 73.242188
14.648438 70.800781
17.089844 68.359375
19.53125 65.917969
19.53125 63.476563
21.972656 61.035156
21.972656 58.59375
24.414063 56.152344
26.855469 53.710938
26.855469 51.269531
29.296875 48.828125
29.296875 46.386719
31.738281 43.945313
31.738281 41.503906
34.179688 39.0625
36.621094 36.621094
36.621094 34.179688
36.621094 31.738281
39.0625 29.296875
39.0625 26.855469
39.0625 24.414063
39.0625 21.972656
41.503906 19.53125
41.503906 17.089844
43.945313 14.648438
43.945313 12.207031
43.945313 9.765625
