12.207031 78.125
14.648438 78.125
17.089844 78.125
19.53125 75.683594
21.972656 75.683594
24.414063 75.683594
26.855469 73.242188
29.296875 73.242188
31.738281 70.800781
34.179688 70.800781
36.621094 70.800781
39.0625 68.359375
41.503906 68.359375
43.945313 65.917969
46.386719 65.917969
48.828125 63.476563
51.269531 63.476563
53.710938 63.476563
56.152344 63.476563
58.59375 63.476563
61.035156 63.476563
63.476563 63.476563
65.917969 63.476563
68.359375 63.476563
70.800781 63.476563
73.242188 63.476563
75.683594 61.035156
78.125 61.035156
80.566406 61.035156
83.007813 58.59375
85.449219 58.59375
87.890625 58.59375
90.332031 56.152344
92.773438 56.152344
95.214844 53.710938
97.65625 53.710938
100.097656 53.710938
102.539063 51.269531
104.980469 51.269531
107.421875 51.269531
109.863281 48.828125
112.304688 48.828125
114.746094 48.828125
117.1875 46.386719
119.628906 46.386719
122.070313 43.945313
124.511719 43.945313
126.953125 43.945313
129.394531 41.503906
131.835938 41.503906
134.277344 41.503906
136.71875 41.503906
139.160156 41.503906
141.601563 39.0625
144.042969 39.0625
146.484375 39.0625
148.925781 36.621094
151.367188 36.621094
153.808594 36.621094
156.25 36.621094
158.691406 36.621094
161.132813 36.621094
163.574219 36.621094
166.015625 34.179688
168.457031 34.179688
170.898438 34.179688
173.339844 34.179688
175.78125 34.179688
178.222656 34.179688
180.664063 31.738281
183.105469 31.738281
185.546875 31.738281
187.988281 31.738281
190.429688 31.738281
192.871094 31.738281
195.3125 31.738281
197.753906 31.738281
200.195313 31.738281
202.636719 31.738281
205.078125 31.738281
207.519531 31.738281
209.960938 31.738281
212.402344 31.738281
214.84375 31.738281
217.285156 31.738281
219.726563 31.738281
222.167969 31.738281
224.609375 29.296875
227.050781 29.296875
229.492188 29.296875
231.933594 29.296875
234.375 29.296875
236.816406 29.296875
239.257813 29.296875
241.699219 29.296875
244.140625 29.296875
246.582031 29.296875
249.023438 29.296875
251.464844 29.296875
253.90625 26.855469
256.347656 26.855469
258.789063 26.855469
261.230469 24.414063
263.671875 24.414063
266.113281 24.414063
268.554688 24.414063
270.996094 21.972656
273.4375 21.972656
275.878906 21.972656
278.320313 19.53125
280.761719 19.53125
283.203125 17.089844
285.644531 17.089844
288.085938 14.648438
290.527344 14.648438
292.96875 12.207031
295.410156 12.207031
297.851563 12.207031
