12.207031 26.855469
14.648438 26.855469
17.089844 26.855469
19.53125 29.296875
21.972656 29.296875
24.414063 29.296875
26.855469 29.296875
29.296875 29.296875
31.738281 29.296875
34.179688 29.296875
36.621094 31.738281
39.0625 31.738281
41.503906 31.738281
43.945313 31.738281
46.386719 31.738281
48.828125 31.738281
51.269531 34.179688
53.710938 34.179688
56.152344 34.179688
58.59375 34.179688
61.035156 36.621094
63.476563 36.621094
65.917969 36.621094
68.359375 39.0625
70.800781 39.0625
73.242188 39.0625
75.683594 41.503906
78.125 41.503906
80.566406 41.503906
83.007813 41.503906
85.449219 41.503906
87.890625 41.503906
90.332031 41.503906
92.773438 43.945313
95.214844 43.945313
97.65625 43.945313
100.097656 43.945313
102.539063 43.945313
104.980469 43.945313
107.421875 43.945313
109.863281 43.945313
112.304688 43.945313
114.746094 43.945313
117.1875 43.945313
119.628906 43.945313
122.070313 46.386719
124.511719 46.386719
126.953125 48.828125
129.394531 51.269531
131.835938 51.269531
134.277344 51.269531
136.71875 51.269531
139.160156 51.269531
141.601563 51.269531
144.042969 51.269531
146.484375 51.269531
148.925781 48.828125
151.367188 48.828125
153.808594 48.828125
156.25 48.828125
158.691406 46.386719
161.132813 46.386719
163.574219 46.386719
166.015625 46.386719
168.457031 46.386719
170.898438 46.386719
173.339844 43.945313
175.78125 43.945313
178.222656 43.945313
180.664063 43.945313
183.105469 43.945313
185.546875 43.945313
187.988281 41.503906
190.429688 41.503906
192.871094 41.503906
195.3125 41.503906
197.753906 41.503906
200.195313 39.0625
202.636719 39.0625
205.078125 39.0625
207.519531 39.0625
209.960938 39.0625
212.402344 36.621094
214.84375 36.621094
217.285156 36.621094
219.726563 34.179688
222.167969 34.179688
224.609375 31.738281
227.050781 31.738281
229.492188 29.296875
231.933594 29.296875
234.375 29.296875
236.816406 29.296875
239.257813 26.855469
241.699219 24.414063
244.140625 24.414063
246.582031 24.414063
249.023438 21.972656
251.464844 21.972656
253.90625 19.53125
253.90625 17.089844
