9.765625 75.683594
9.765625 73.242188
12.207031 70.800781
12.207031 68.359375
12.207031 65.917969
14.648438 63.476563
14.648438 61.035156
14.648438 58.59375
17.089844 56.152344
17.089844 53.710938
19.53125 51.269531
19.53125 48.828125
21.972656 46.386719
24.414063 43.945313
26.855469 41.503906
26.855469 39.0625
29.296875 36.621094
31.738281 34.179688
34.179688 31.738281
36.621094 29.296875
39.0625 26.855469
41.503906 24.414063
41.503906 21.972656
43.945313 19.53125
46.386719 17.089844
48.828125 17.089844
51.269531 14.648438
53.710938 12.207031
