39.0625 65.917969
36.621094 65.917969
34.179688 65.917969
31.738281 65.917969
29.296875 65.917969
26.855469 63.476563
24.414063 63.476563
21.972656 61.035156
21.972656 58.59375
21.972656 56.152344
21.972656 53.710938
21.972656 51.269531
21.972656 48.828125
21.972656 46.386719
21.972656 43.945313
21.972656 41.503906
24.414063 39.0625
26.855469 36.621094
29.296875 34.179688
31.738281 31.738281
34.179688 29.296875
36.621094 31.738281
39.0625 31.738281
41.503906 31.738281
43.945313 31.738281
46.386719 29.296875
48.828125 29.296875
51.269531 29.296875
53.710938 29.296875
56.152344 29.296875
58.59375 29.296875
61.035156 29.296875
63.476563 26.855469
65.917969 24.414063
68.359375 24.414063
70.800781 21.972656
