73.242188 97.65625
73.242188 95.214844
70.800781 92.773438
68.359375 90.332031
68.359375 87.890625
65.917969 85.449219
63.476563 83.007813
61.035156 80.566406
58.59375 78.125
56.152344 75.683594
53.710938 73.242188
51.269531 70.800781
48.828125 68.359375
46.386719 65.917969
43.945313 63.476563
41.503906 61.035156
39.0625 58.59375
39.0625 56.152344
36.621094 53.710938
36.621094 51.269531
34.179688 48.828125
34.179688 46.386719
31.738281 43.945313
29.296875 41.503906
26.855469 39.0625
26.855469 36.621094
24.414063 34.179688
24.414063 31.738281
24.414063 29.296875
21.972656 26.855469
21.972656 24.414063
19.53125 21.972656
19.53125 19.53125
19.53125 17.089844
19.53125 14.648438
