70.800781 109.863281
68.359375 107.421875
68.359375 104.980469
68.359375 102.539063
68.359375 100.097656
68.359375 97.65625
65.917969 95.214844
65.917969 92.773438
65.917969 90.332031
63.476563 87.890625
61.035156 85.449219
61.035156 83.007813
61.035156 80.566406
58.59375 78.125
58.59375 75.683594
56.152344 73.242188
56.152344 70.800781
53.710938 68.359375
53.710938 65.917969
51.269531 63.476563
48.828125 61.035156
48.828125 58.59375
46.386719 56.152344
43.945313 53.710938
41.503906 51.269531
41.503906 48.828125
39.0625 46.386719
36.621094 43.945313
34.179688 41.503906
31.738281 39.0625
29.296875 36.621094
26.855469 34.179688
26.855469 31.738281
24.414063 29.296875
24.414063 26.855469
21.972656 24.414063
19.53125 21.972656
17.089844 19.53125
14.648438 17.089844
14.648438 14.648438
12.207031 12.207031
9.765625 9.765625
9.765625 7.324219
