190.429688 107.421875
187.988281 107.421875
185.546875 109.863281
183.105469 109.863281
180.664063 107.421875
178.222656 107.421875
175.78125 104.980469
173.339844 104.980469
170.898438 102.539063
168.457031 102.539063
166.015625 100.097656
163.574219 100.097656
161.132813 100.097656
158.691406 97.65625
156.25 95.214844
153.808594 95.214844
151.367188 92.773438
148.925781 92.773438
146.484375 95.214844
144.042969 95.214844
141.601563 95.214844
139.160156 95.214844
136.71875 95.214844
134.277344 95.214844
131.835938 95.214844
129.394531 95.214844
126.953125 95.214844
124.511719 95.214844
122.070313 95.214844
119.628906 95.214844
117.1875 95.214844
114.746094 95.214844
112.304688 95.214844
109.863281 95.214844
107.421875 95.214844
104.980469 95.214844
102.539063 92.773438
100.097656 92.773438
97.65625 90.332031
95.214844 90.332031
92.773438 87.890625
90.332031 87.890625
87.890625 87.890625
85.449219 85.449219
83.007813 83.007813
80.566406 83.007813
78.125 80.566406
75.683594 80.566406
73.242188 80.566406
70.800781 78.125
68.359375 78.125
65.917969 78.125
63.476563 80.566406
61.035156 80.566406
58.59375 83.007813
56.152344 83.007813
53.710938 83.007813
51.269531 85.449219
48.828125 87.890625
46.386719 90.332031
43.945313 90.332031
41.503906 92.773438
39.0625 95.214844
36.621094 95.214844
34.179688 97.65625
31.738281 97.65625
29.296875 100.097656
26.855469 102.539063
24.414063 104.980469
21.972656 107.421875
19.53125 109.863281
17.089844 112.304688
14.648438 114.746094
14.648438 117.1875
12.207031 119.628906
9.765625 122.070313
7.324219 124.511719
7.324219 126.953125
