12.207031 83.007813
14.648438 80.566406
17.089844 80.566406
19.53125 78.125
21.972656 75.683594
24.414063 73.242188
26.855469 70.800781
29.296875 68.359375
31.738281 68.359375
34.179688 65.917969
36.621094 65.917969
39.0625 65.917969
41.503906 63.476563
43.945313 63.476563
46.386719 61.035156
48.828125 61.035156
51.269531 58.59375
53.710938 56.152344
56.152344 56.152344
58.59375 53.710938
61.035156 53.710938
63.476563 51.269531
65.917969 51.269531
68.359375 48.828125
70.800781 48.828125
73.242188 48.828125
75.683594 48.828125
78.125 46.386719
80.566406 46.386719
83.007813 43.945313
85.449219 43.945313
87.890625 43.945313
90.332031 41.503906
92.773438 41.503906
95.214844 41.503906
97.65625 41.503906
100.097656 39.0625
102.539063 39.0625
104.980469 39.0625
107.421875 36.621094
109.863281 36.621094
112.304688 36.621094
114.746094 36.621094
117.1875 36.621094
119.628906 36.621094
122.070313 34.179688
124.511719 34.179688
126.953125 34.179688
129.394531 34.179688
131.835938 34.179688
134.277344 34.179688
136.71875 34.179688
139.160156 34.179688
141.601563 34.179688
144.042969 34.179688
146.484375 34.179688
148.925781 34.179688
151.367188 34.179688
153.808594 34.179688
156.25 34.179688
158.691406 34.179688
161.132813 34.179688
163.574219 34.179688
166.015625 34.179688
168.457031 34.179688
170.898438 34.179688
173.339844 34.179688
175.78125 31.738281
178.222656 31.738281
180.664063 31.738281
183.105469 29.296875
185.546875 26.855469
187.988281 26.855469
190.429688 26.855469
192.871094 26.855469
195.3125 24.414063
197.753906 24.414063
200.195313 24.414063
202.636719 21.972656
205.078125 21.972656
207.519531 21.972656
209.960938 19.53125
212.402344 19.53125
214.84375 19.53125
217.285156 19.53125
219.726563 19.53125
222.167969 19.53125
224.609375 19.53125
227.050781 19.53125
229.492188 19.53125
231.933594 19.53125
234.375 17.089844
236.816406 17.089844
239.257813 17.089844
241.699219 17.089844
244.140625 17.089844
246.582031 17.089844
