107.421875 107.421875
104.980469 107.421875
102.539063 107.421875
100.097656 104.980469
97.65625 102.539063
95.214844 100.097656
92.773438 97.65625
90.332031 95.214844
87.890625 92.773438
85.449219 90.332031
85.449219 87.890625
83.007813 85.449219
80.566406 83.007813
80.566406 80.566406
78.125 78.125
75.683594 75.683594
75.683594 73.242188
73.242188 70.800781
70.800781 68.359375
68.359375 65.917969
65.917969 63.476563
63.476563 61.035156
61.035156 58.59375
58.59375 56.152344
56.152344 56.152344
53.710938 53.710938
51.269531 51.269531
51.269531 48.828125
48.828125 46.386719
46.386719 43.945313
43.945313 41.503906
41.503906 39.0625
39.0625 36.621094
36.621094 34.179688
34.179688 34.179688
31.738281 31.738281
29.296875 29.296875
26.855469 26.855469
24.414063 26.855469
21.972656 24.414063
19.53125 21.972656
17.089844 19.53125
14.648438 17.089844
14.648438 14.648438
12.207031 12.207031
