219.726563 26.855469
217.285156 26.855469
214.84375 24.414063
212.402344 24.414063
209.960938 26.855469
207.519531 26.855469
205.078125 26.855469
202.636719 26.855469
200.195313 24.414063
197.753906 24.414063
195.3125 24.414063
192.871094 24.414063
190.429688 24.414063
187.988281 24.414063
185.546875 24.414063
183.105469 24.414063
180.664063 24.414063
178.222656 24.414063
175.78125 24.414063
173.339844 24.414063
170.898438 24.414063
168.457031 24.414063
166.015625 21.972656
163.574219 21.972656
161.132813 21.972656
158.691406 21.972656
156.25 21.972656
153.808594 21.972656
151.367188 19.53125
148.925781 19.53125
146.484375 19.53125
144.042969 19.53125
141.601563 19.53125
139.160156 19.53125
136.71875 19.53125
134.277344 19.53125
131.835938 19.53125
129.394531 19.53125
126.953125 19.53125
124.511719 19.53125
122.070313 19.53125
119.628906 19.53125
117.1875 19.53125
114.746094 19.53125
112.304688 19.53125
109.863281 19.53125
107.421875 19.53125
104.980469 19.53125
102.539063 19.53125
100.097656 19.53125
97.65625 19.53125
95.214844 19.53125
92.773438 19.53125
90.332031 19.53125
87.890625 19.53125
85.449219 19.53125
83.007813 19.53125
80.566406 19.53125
78.125 19.53125
75.683594 19.53125
73.242188 19.53125
70.800781 19.53125
68.359375 19.53125
65.917969 19.53125
63.476563 19.53125
61.035156 19.53125
58.59375 19.53125
56.152344 19.53125
53.710938 19.53125
51.269531 19.53125
48.828125 19.53125
46.386719 19.53125
43.945313 19.53125
41.503906 19.53125
39.0625 19.53125
36.621094 21.972656
34.179688 21.972656
31.738281 21.972656
29.296875 21.972656
26.855469 21.972656
24.414063 21.972656
21.972656 21.972656
19.53125 19.53125
19.53125 17.089844
