14.648438 80.566406
17.089844 78.125
19.53125 75.683594
21.972656 75.683594
24.414063 73.242188
26.855469 73.242188
29.296875 73.242188
31.738281 70.800781
34.179688 70.800781
36.621094 70.800781
39.0625 68.359375
41.503906 68.359375
43.945313 65.917969
46.386719 65.917969
48.828125 63.476563
51.269531 61.035156
53.710938 61.035156
56.152344 58.59375
58.59375 58.59375
61.035156 56.152344
63.476563 56.152344
65.917969 56.152344
68.359375 56.152344
70.800781 53.710938
73.242188 53.710938
75.683594 53.710938
78.125 53.710938
80.566406 51.269531
83.007813 48.828125
85.449219 48.828125
87.890625 46.386719
90.332031 46.386719
92.773438 43.945313
95.214844 43.945313
97.65625 43.945313
100.097656 41.503906
102.539063 39.0625
104.980469 39.0625
107.421875 36.621094
109.863281 36.621094
112.304688 34.179688
114.746094 34.179688
117.1875 31.738281
119.628906 31.738281
122.070313 31.738281
124.511719 31.738281
126.953125 29.296875
129.394531 29.296875
131.835938 26.855469
134.277344 26.855469
136.71875 26.855469
139.160156 24.414063
141.601563 24.414063
144.042969 24.414063
146.484375 21.972656
148.925781 21.972656
151.367188 21.972656
153.808594 21.972656
156.25 21.972656
158.691406 21.972656
161.132813 19.53125
163.574219 19.53125
166.015625 19.53125
168.457031 19.53125
170.898438 19.53125
173.339844 19.53125
175.78125 19.53125
178.222656 19.53125
180.664063 19.53125
183.105469 19.53125
185.546875 19.53125
187.988281 19.53125
190.429688 19.53125
192.871094 19.53125
195.3125 21.972656
197.753906 21.972656
