14.648438 24.414063
17.089844 24.414063
19.53125 24.414063
21.972656 24.414063
24.414063 24.414063
26.855469 24.414063
29.296875 21.972656
31.738281 21.972656
34.179688 21.972656
36.621094 21.972656
39.0625 21.972656
41.503906 21.972656
43.945313 19.53125
46.386719 19.53125
48.828125 21.972656
51.269531 21.972656
53.710938 21.972656
56.152344 21.972656
58.59375 21.972656
61.035156 21.972656
63.476563 21.972656
65.917969 21.972656
68.359375 21.972656
70.800781 19.53125
73.242188 19.53125
75.683594 19.53125
78.125 19.53125
80.566406 19.53125
83.007813 19.53125
85.449219 19.53125
87.890625 19.53125
90.332031 19.53125
92.773438 19.53125
95.214844 17.089844
97.65625 17.089844
100.097656 17.089844
102.539063 17.089844
104.980469 17.089844
107.421875 17.089844
109.863281 19.53125
112.304688 19.53125
114.746094 19.53125
117.1875 19.53125
119.628906 19.53125
122.070313 19.53125
124.511719 19.53125
126.953125 17.089844
129.394531 14.648438
