107.421875 183.105469
107.421875 180.664063
104.980469 178.222656
102.539063 175.78125
102.539063 173.339844
100.097656 170.898438
97.65625 168.457031
97.65625 166.015625
97.65625 163.574219
95.214844 161.132813
95.214844 158.691406
92.773438 156.25
90.332031 153.808594
90.332031 151.367188
87.890625 148.925781
87.890625 146.484375
87.890625 144.042969
87.890625 141.601563
85.449219 139.160156
83.007813 136.71875
83.007813 134.277344
80.566406 131.835938
80.566406 129.394531
78.125 126.953125
78.125 124.511719
75.683594 122.070313
75.683594 119.628906
73.242188 117.1875
73.242188 114.746094
70.800781 112.304688
70.800781 109.863281
68.359375 107.421875
65.917969 104.980469
65.917969 102.539063
63.476563 100.097656
61.035156 97.65625
61.035156 95.214844
61.035156 92.773438
58.59375 90.332031
58.59375 87.890625
56.152344 85.449219
56.152344 83.007813
53.710938 80.566406
53.710938 78.125
51.269531 75.683594
51.269531 73.242188
48.828125 70.800781
48.828125 68.359375
46.386719 65.917969
46.386719 63.476563
43.945313 61.035156
41.503906 58.59375
41.503906 56.152344
39.0625 53.710938
36.621094 51.269531
34.179688 48.828125
34.179688 46.386719
31.738281 43.945313
31.738281 41.503906
29.296875 39.0625
29.296875 36.621094
26.855469 34.179688
24.414063 31.738281
24.414063 29.296875
21.972656 26.855469
21.972656 24.414063
21.972656 21.972656
19.53125 19.53125
17.089844 17.089844
17.089844 14.648438
