12.207031 302.734375
12.207031 300.292969
14.648438 297.851563
17.089844 295.410156
19.53125 292.96875
19.53125 290.527344
21.972656 288.085938
21.972656 285.644531
21.972656 283.203125
24.414063 280.761719
24.414063 278.320313
24.414063 275.878906
24.414063 273.4375
26.855469 270.996094
26.855469 268.554688
29.296875 266.113281
31.738281 263.671875
31.738281 261.230469
34.179688 258.789063
34.179688 256.347656
36.621094 253.90625
36.621094 251.464844
39.0625 249.023438
39.0625 246.582031
41.503906 244.140625
41.503906 241.699219
43.945313 239.257813
46.386719 236.816406
46.386719 234.375
48.828125 231.933594
51.269531 229.492188
51.269531 227.050781
53.710938 224.609375
56.152344 222.167969
56.152344 219.726563
56.152344 217.285156
58.59375 214.84375
58.59375 212.402344
58.59375 209.960938
61.035156 207.519531
61.035156 205.078125
61.035156 202.636719
61.035156 200.195313
61.035156 197.753906
63.476563 195.3125
63.476563 192.871094
65.917969 190.429688
65.917969 187.988281
68.359375 185.546875
70.800781 183.105469
70.800781 180.664063
70.800781 178.222656
73.242188 175.78125
73.242188 173.339844
75.683594 170.898438
75.683594 168.457031
78.125 166.015625
80.566406 163.574219
80.566406 161.132813
80.566406 158.691406
83.007813 156.25
83.007813 153.808594
85.449219 151.367188
85.449219 148.925781
87.890625 146.484375
90.332031 144.042969
92.773438 141.601563
95.214844 139.160156
95.214844 136.71875
97.65625 134.277344
100.097656 131.835938
100.097656 129.394531
102.539063 126.953125
104.980469 124.511719
107.421875 122.070313
109.863281 119.628906
109.863281 117.1875
112.304688 114.746094
114.746094 112.304688
117.1875 109.863281
117.1875 107.421875
119.628906 104.980469
122.070313 102.539063
124.511719 100.097656
126.953125 97.65625
126.953125 95.214844
129.394531 92.773438
131.835938 90.332031
134.277344 87.890625
134.277344 85.449219
136.71875 83.007813
139.160156 80.566406
141.601563 78.125
144.042969 75.683594
144.042969 73.242188
146.484375 70.800781
148.925781 68.359375
151.367188 65.917969
153.808594 63.476563
153.808594 61.035156
156.25 58.59375
158.691406 56.152344
158.691406 53.710938
158.691406 51.269531
161.132813 48.828125
161.132813 46.386719
163.574219 43.945313
166.015625 41.503906
166.015625 39.0625
168.457031 36.621094
170.898438 34.179688
173.339844 31.738281
175.78125 29.296875
175.78125 26.855469
178.222656 24.414063
180.664063 21.972656
180.664063 19.53125
183.105469 17.089844
185.546875 14.648438
185.546875 12.207031
