136.71875 78.125
134.277344 78.125
131.835938 75.683594
129.394531 75.683594
126.953125 73.242188
124.511719 73.242188
122.070313 70.800781
119.628906 68.359375
117.1875 68.359375
114.746094 65.917969
112.304688 65.917969
109.863281 63.476563
107.421875 61.035156
104.980469 61.035156
102.539063 61.035156
100.097656 58.59375
97.65625 58.59375
95.214844 58.59375
92.773438 56.152344
90.332031 56.152344
87.890625 56.152344
85.449219 56.152344
83.007813 56.152344
80.566406 56.152344
78.125 53.710938
75.683594 53.710938
73.242188 51.269531
70.800781 51.269531
68.359375 48.828125
65.917969 46.386719
63.476563 43.945313
61.035156 41.503906
58.59375 41.503906
56.152344 39.0625
53.710938 39.0625
51.269531 39.0625
48.828125 36.621094
46.386719 36.621094
43.945313 34.179688
41.503906 34.179688
39.0625 34.179688
36.621094 34.179688
34.179688 31.738281
31.738281 29.296875
29.296875 26.855469
26.855469 24.414063
24.414063 24.414063
21.972656 21.972656
19.53125 19.53125
17.089844 17.089844
17.089844 14.648438
