2.441406 26.855469
4.882813 24.414063
7.324219 24.414063
9.765625 21.972656
12.207031 21.972656
14.648438 21.972656
17.089844 21.972656
19.53125 21.972656
21.972656 21.972656
24.414063 19.53125
26.855469 19.53125
29.296875 19.53125
31.738281 19.53125
34.179688 19.53125
36.621094 19.53125
39.0625 19.53125
41.503906 19.53125
43.945313 21.972656
46.386719 21.972656
48.828125 21.972656
51.269531 21.972656
53.710938 21.972656
56.152344 19.53125
58.59375 21.972656
61.035156 21.972656
63.476563 19.53125
65.917969 19.53125
68.359375 17.089844
