17.089844 114.746094
17.089844 112.304688
19.53125 109.863281
19.53125 107.421875
19.53125 104.980469
19.53125 102.539063
19.53125 100.097656
19.53125 97.65625
21.972656 95.214844
21.972656 92.773438
21.972656 90.332031
21.972656 87.890625
21.972656 85.449219
21.972656 83.007813
21.972656 80.566406
24.414063 78.125
24.414063 75.683594
24.414063 73.242188
26.855469 70.800781
26.855469 68.359375
26.855469 65.917969
26.855469 63.476563
26.855469 61.035156
26.855469 58.59375
29.296875 56.152344
29.296875 53.710938
26.855469 51.269531
26.855469 48.828125
29.296875 46.386719
29.296875 43.945313
29.296875 41.503906
29.296875 39.0625
31.738281 36.621094
31.738281 34.179688
31.738281 31.738281
34.179688 29.296875
34.179688 26.855469
34.179688 24.414063
34.179688 21.972656
