109.863281 29.296875
107.421875 29.296875
104.980469 31.738281
102.539063 31.738281
100.097656 31.738281
97.65625 31.738281
95.214844 31.738281
92.773438 31.738281
90.332031 29.296875
87.890625 29.296875
85.449219 29.296875
83.007813 29.296875
80.566406 29.296875
78.125 26.855469
75.683594 26.855469
73.242188 26.855469
70.800781 26.855469
68.359375 26.855469
65.917969 26.855469
63.476563 24.414063
61.035156 24.414063
58.59375 21.972656
56.152344 21.972656
53.710938 21.972656
51.269531 19.53125
48.828125 19.53125
46.386719 19.53125
43.945313 19.53125
41.503906 19.53125
39.0625 19.53125
36.621094 19.53125
34.179688 17.089844
31.738281 17.089844
29.296875 17.089844
26.855469 17.089844
24.414063 14.648438
21.972656 17.089844
19.53125 17.089844
17.089844 17.089844
14.648438 14.648438
12.207031 14.648438
9.765625 12.207031
7.324219 12.207031
