21.972656 107.421875
21.972656 104.980469
21.972656 102.539063
21.972656 100.097656
21.972656 97.65625
21.972656 95.214844
21.972656 92.773438
21.972656 90.332031
21.972656 87.890625
21.972656 85.449219
21.972656 83.007813
21.972656 80.566406
21.972656 78.125
19.53125 75.683594
19.53125 73.242188
17.089844 70.800781
17.089844 68.359375
17.089844 65.917969
17.089844 63.476563
17.089844 61.035156
17.089844 58.59375
17.089844 56.152344
17.089844 53.710938
17.089844 51.269531
17.089844 48.828125
17.089844 46.386719
17.089844 43.945313
17.089844 41.503906
17.089844 39.0625
17.089844 36.621094
19.53125 34.179688
19.53125 31.738281
19.53125 29.296875
19.53125 26.855469
19.53125 24.414063
19.53125 21.972656
21.972656 19.53125
21.972656 17.089844
21.972656 14.648438
