170.898438 92.773438
168.457031 90.332031
166.015625 90.332031
163.574219 90.332031
161.132813 90.332031
158.691406 87.890625
156.25 85.449219
153.808594 83.007813
151.367188 83.007813
148.925781 80.566406
146.484375 80.566406
144.042969 78.125
141.601563 75.683594
139.160156 75.683594
136.71875 73.242188
134.277344 73.242188
131.835938 73.242188
129.394531 70.800781
126.953125 70.800781
124.511719 68.359375
122.070313 68.359375
119.628906 65.917969
117.1875 63.476563
114.746094 61.035156
112.304688 58.59375
109.863281 58.59375
107.421875 56.152344
104.980469 56.152344
102.539063 56.152344
100.097656 53.710938
97.65625 51.269531
95.214844 51.269531
92.773438 51.269531
90.332031 48.828125
87.890625 48.828125
85.449219 46.386719
83.007813 46.386719
80.566406 43.945313
78.125 43.945313
75.683594 41.503906
73.242188 41.503906
70.800781 39.0625
68.359375 39.0625
65.917969 39.0625
63.476563 36.621094
61.035156 36.621094
58.59375 34.179688
56.152344 34.179688
53.710938 31.738281
51.269531 29.296875
48.828125 29.296875
46.386719 26.855469
43.945313 26.855469
41.503906 24.414063
39.0625 24.414063
36.621094 21.972656
34.179688 21.972656
31.738281 19.53125
29.296875 19.53125
26.855469 19.53125
24.414063 17.089844
21.972656 17.089844
19.53125 17.089844
17.089844 14.648438
14.648438 14.648438
