85.449219 107.421875
85.449219 104.980469
85.449219 102.539063
85.449219 100.097656
83.007813 97.65625
83.007813 95.214844
83.007813 92.773438
83.007813 90.332031
83.007813 87.890625
83.007813 85.449219
80.566406 83.007813
80.566406 80.566406
80.566406 78.125
80.566406 75.683594
78.125 73.242188
75.683594 70.800781
75.683594 68.359375
73.242188 65.917969
70.800781 63.476563
68.359375 61.035156
68.359375 58.59375
65.917969 56.152344
65.917969 53.710938
63.476563 51.269531
61.035156 48.828125
61.035156 46.386719
61.035156 43.945313
58.59375 41.503906
56.152344 39.0625
53.710938 39.0625
51.269531 36.621094
48.828125 34.179688
46.386719 31.738281
43.945313 29.296875
41.503906 29.296875
39.0625 26.855469
36.621094 24.414063
34.179688 21.972656
31.738281 21.972656
29.296875 19.53125
26.855469 19.53125
24.414063 17.089844
21.972656 17.089844
19.53125 14.648438
17.089844 14.648438
14.648438 14.648438
