12.207031 107.421875
14.648438 104.980469
17.089844 104.980469
19.53125 102.539063
19.53125 100.097656
21.972656 97.65625
21.972656 95.214844
24.414063 92.773438
26.855469 90.332031
29.296875 87.890625
31.738281 85.449219
34.179688 83.007813
36.621094 80.566406
39.0625 78.125
41.503906 78.125
43.945313 78.125
46.386719 75.683594
48.828125 75.683594
51.269531 75.683594
53.710938 73.242188
56.152344 73.242188
58.59375 70.800781
61.035156 68.359375
63.476563 65.917969
65.917969 63.476563
68.359375 63.476563
70.800781 61.035156
73.242188 58.59375
75.683594 56.152344
78.125 53.710938
80.566406 51.269531
83.007813 48.828125
85.449219 46.386719
87.890625 43.945313
90.332031 41.503906
92.773438 41.503906
95.214844 39.0625
97.65625 36.621094
100.097656 34.179688
102.539063 31.738281
104.980469 29.296875
107.421875 26.855469
109.863281 24.414063
112.304688 21.972656
114.746094 19.53125
