48.828125 212.402344
46.386719 209.960938
46.386719 207.519531
46.386719 205.078125
46.386719 202.636719
46.386719 200.195313
43.945313 197.753906
43.945313 195.3125
41.503906 192.871094
41.503906 190.429688
39.0625 187.988281
39.0625 185.546875
39.0625 183.105469
36.621094 180.664063
36.621094 178.222656
36.621094 175.78125
34.179688 173.339844
34.179688 170.898438
31.738281 168.457031
31.738281 166.015625
31.738281 163.574219
29.296875 161.132813
29.296875 158.691406
29.296875 156.25
29.296875 153.808594
26.855469 151.367188
26.855469 148.925781
26.855469 146.484375
26.855469 144.042969
24.414063 141.601563
24.414063 139.160156
21.972656 136.71875
21.972656 134.277344
21.972656 131.835938
19.53125 129.394531
19.53125 126.953125
19.53125 124.511719
19.53125 122.070313
17.089844 119.628906
17.089844 117.1875
17.089844 114.746094
17.089844 112.304688
17.089844 109.863281
17.089844 107.421875
17.089844 104.980469
17.089844 102.539063
17.089844 100.097656
19.53125 97.65625
19.53125 95.214844
17.089844 92.773438
17.089844 90.332031
19.53125 87.890625
17.089844 85.449219
17.089844 83.007813
19.53125 80.566406
19.53125 78.125
19.53125 75.683594
19.53125 73.242188
19.53125 70.800781
19.53125 68.359375
21.972656 65.917969
21.972656 63.476563
21.972656 61.035156
21.972656 58.59375
19.53125 56.152344
19.53125 53.710938
21.972656 51.269531
21.972656 48.828125
24.414063 46.386719
24.414063 43.945313
24.414063 41.503906
24.414063 39.0625
26.855469 36.621094
26.855469 34.179688
26.855469 31.738281
26.855469 29.296875
26.855469 26.855469
26.855469 24.414063
