92.773438 41.503906
92.773438 39.0625
90.332031 36.621094
87.890625 36.621094
85.449219 34.179688
83.007813 34.179688
80.566406 31.738281
78.125 31.738281
75.683594 31.738281
73.242188 31.738281
70.800781 29.296875
68.359375 26.855469
65.917969 26.855469
63.476563 26.855469
61.035156 26.855469
58.59375 26.855469
56.152344 24.414063
53.710938 24.414063
51.269531 24.414063
48.828125 24.414063
46.386719 24.414063
43.945313 21.972656
41.503906 21.972656
39.0625 21.972656
36.621094 19.53125
34.179688 19.53125
31.738281 19.53125
29.296875 17.089844
26.855469 17.089844
24.414063 17.089844
21.972656 17.089844
19.53125 14.648438
17.089844 14.648438
14.648438 14.648438
