19.53125 68.359375
19.53125 65.917969
19.53125 63.476563
21.972656 61.035156
21.972656 58.59375
21.972656 56.152344
21.972656 53.710938
21.972656 51.269531
21.972656 48.828125
19.53125 46.386719
19.53125 43.945313
19.53125 41.503906
19.53125 39.0625
17.089844 36.621094
17.089844 34.179688
14.648438 31.738281
14.648438 29.296875
14.648438 26.855469
14.648438 24.414063
14.648438 21.972656
14.648438 19.53125
14.648438 17.089844
14.648438 14.648438
12.207031 12.207031
12.207031 9.765625
12.207031 7.324219
9.765625 4.882813
9.765625 2.441406
