56.152344 144.042969
56.152344 141.601563
53.710938 139.160156
51.269531 136.71875
51.269531 134.277344
51.269531 131.835938
53.710938 129.394531
53.710938 126.953125
53.710938 124.511719
53.710938 122.070313
53.710938 119.628906
53.710938 117.1875
51.269531 114.746094
51.269531 112.304688
48.828125 109.863281
48.828125 107.421875
46.386719 104.980469
46.386719 102.539063
46.386719 100.097656
46.386719 97.65625
43.945313 95.214844
43.945313 92.773438
43.945313 90.332031
43.945313 87.890625
43.945313 85.449219
43.945313 83.007813
41.503906 80.566406
41.503906 78.125
41.503906 75.683594
41.503906 73.242188
39.0625 70.800781
39.0625 68.359375
39.0625 65.917969
36.621094 63.476563
36.621094 61.035156
34.179688 58.59375
34.179688 56.152344
34.179688 53.710938
31.738281 51.269531
31.738281 48.828125
31.738281 46.386719
31.738281 43.945313
29.296875 41.503906
29.296875 39.0625
29.296875 36.621094
29.296875 34.179688
26.855469 31.738281
26.855469 29.296875
24.414063 26.855469
21.972656 24.414063
19.53125 21.972656
19.53125 19.53125
17.089844 17.089844
14.648438 14.648438
14.648438 12.207031
