87.890625 102.539063
87.890625 100.097656
85.449219 97.65625
83.007813 95.214844
80.566406 92.773438
78.125 90.332031
75.683594 87.890625
73.242188 85.449219
70.800781 83.007813
68.359375 80.566406
68.359375 78.125
65.917969 75.683594
63.476563 73.242188
61.035156 70.800781
61.035156 68.359375
58.59375 65.917969
56.152344 63.476563
53.710938 61.035156
53.710938 58.59375
51.269531 56.152344
48.828125 53.710938
48.828125 51.269531
46.386719 48.828125
43.945313 46.386719
43.945313 43.945313
41.503906 41.503906
39.0625 39.0625
36.621094 36.621094
34.179688 34.179688
31.738281 31.738281
29.296875 29.296875
26.855469 26.855469
24.414063 24.414063
21.972656 21.972656
19.53125 19.53125
17.089844 17.089844
14.648438 14.648438
14.648438 12.207031
