166.015625 26.855469
163.574219 29.296875
161.132813 29.296875
158.691406 29.296875
156.25 29.296875
153.808594 29.296875
151.367188 29.296875
148.925781 26.855469
146.484375 26.855469
144.042969 26.855469
141.601563 26.855469
139.160156 26.855469
136.71875 26.855469
134.277344 26.855469
131.835938 26.855469
129.394531 26.855469
126.953125 26.855469
124.511719 26.855469
122.070313 26.855469
119.628906 26.855469
117.1875 26.855469
114.746094 24.414063
112.304688 24.414063
109.863281 26.855469
107.421875 26.855469
104.980469 26.855469
102.539063 26.855469
100.097656 26.855469
97.65625 26.855469
95.214844 26.855469
92.773438 26.855469
90.332031 26.855469
87.890625 26.855469
85.449219 24.414063
83.007813 24.414063
80.566406 24.414063
78.125 24.414063
75.683594 21.972656
73.242188 21.972656
70.800781 21.972656
68.359375 19.53125
65.917969 19.53125
63.476563 19.53125
61.035156 17.089844
58.59375 17.089844
56.152344 17.089844
53.710938 19.53125
51.269531 19.53125
48.828125 21.972656
46.386719 21.972656
43.945313 21.972656
41.503906 21.972656
39.0625 21.972656
36.621094 19.53125
34.179688 19.53125
31.738281 19.53125
29.296875 19.53125
26.855469 19.53125
24.414063 19.53125
21.972656 19.53125
19.53125 19.53125
17.089844 19.53125
14.648438 19.53125
