17.089844 119.628906
17.089844 117.1875
19.53125 114.746094
19.53125 112.304688
19.53125 109.863281
19.53125 107.421875
19.53125 104.980469
19.53125 102.539063
21.972656 100.097656
21.972656 97.65625
21.972656 95.214844
21.972656 92.773438
21.972656 90.332031
21.972656 87.890625
21.972656 85.449219
21.972656 83.007813
21.972656 80.566406
24.414063 78.125
24.414063 75.683594
26.855469 73.242188
26.855469 70.800781
29.296875 68.359375
29.296875 65.917969
29.296875 63.476563
31.738281 61.035156
31.738281 58.59375
31.738281 56.152344
31.738281 53.710938
34.179688 51.269531
34.179688 48.828125
34.179688 46.386719
36.621094 43.945313
36.621094 41.503906
36.621094 39.0625
36.621094 36.621094
36.621094 34.179688
39.0625 31.738281
41.503906 29.296875
43.945313 26.855469
46.386719 24.414063
46.386719 21.972656
48.828125 19.53125
48.828125 17.089844
48.828125 14.648438
48.828125 12.207031
