26.855469 80.566406
26.855469 78.125
26.855469 75.683594
26.855469 73.242188
24.414063 70.800781
24.414063 68.359375
24.414063 65.917969
24.414063 63.476563
24.414063 61.035156
24.414063 58.59375
24.414063 56.152344
24.414063 53.710938
24.414063 51.269531
21.972656 48.828125
21.972656 46.386719
21.972656 43.945313
19.53125 41.503906
19.53125 39.0625
19.53125 36.621094
19.53125 34.179688
17.089844 31.738281
17.089844 29.296875
17.089844 26.855469
17.089844 24.414063
14.648438 21.972656
14.648438 19.53125
14.648438 17.089844
14.648438 14.648438
14.648438 12.207031
12.207031 9.765625
12.207031 7.324219
12.207031 4.882813
