14.648438 139.160156
14.648438 136.71875
17.089844 134.277344
19.53125 131.835938
21.972656 129.394531
24.414063 126.953125
26.855469 124.511719
29.296875 122.070313
31.738281 119.628906
34.179688 119.628906
36.621094 119.628906
39.0625 117.1875
41.503906 114.746094
43.945313 112.304688
46.386719 112.304688
48.828125 109.863281
51.269531 109.863281
53.710938 107.421875
56.152344 107.421875
58.59375 107.421875
61.035156 104.980469
63.476563 102.539063
65.917969 100.097656
68.359375 97.65625
70.800781 97.65625
73.242188 97.65625
75.683594 97.65625
78.125 97.65625
80.566406 95.214844
83.007813 92.773438
85.449219 92.773438
87.890625 90.332031
90.332031 87.890625
92.773438 85.449219
95.214844 83.007813
97.65625 83.007813
100.097656 80.566406
102.539063 80.566406
104.980469 78.125
107.421875 75.683594
109.863281 75.683594
112.304688 73.242188
114.746094 70.800781
117.1875 68.359375
119.628906 68.359375
122.070313 65.917969
124.511719 63.476563
126.953125 61.035156
129.394531 61.035156
131.835938 58.59375
134.277344 56.152344
136.71875 56.152344
139.160156 53.710938
141.601563 53.710938
144.042969 51.269531
146.484375 51.269531
148.925781 48.828125
151.367188 46.386719
153.808594 46.386719
156.25 43.945313
158.691406 41.503906
161.132813 39.0625
163.574219 39.0625
166.015625 36.621094
168.457031 36.621094
170.898438 34.179688
173.339844 31.738281
175.78125 29.296875
178.222656 29.296875
180.664063 26.855469
183.105469 24.414063
185.546875 24.414063
187.988281 21.972656
190.429688 21.972656
192.871094 19.53125
195.3125 17.089844
197.753906 14.648438
