122.070313 63.476563
119.628906 65.917969
117.1875 65.917969
114.746094 65.917969
112.304688 68.359375
109.863281 68.359375
107.421875 68.359375
104.980469 70.800781
102.539063 70.800781
100.097656 70.800781
97.65625 73.242188
95.214844 73.242188
92.773438 75.683594
90.332031 75.683594
87.890625 78.125
85.449219 78.125
83.007813 78.125
80.566406 80.566406
78.125 80.566406
75.683594 83.007813
73.242188 85.449219
70.800781 85.449219
68.359375 87.890625
65.917969 87.890625
63.476563 87.890625
61.035156 90.332031
58.59375 90.332031
56.152344 92.773438
53.710938 95.214844
51.269531 95.214844
48.828125 95.214844
46.386719 95.214844
43.945313 97.65625
41.503906 97.65625
39.0625 97.65625
36.621094 95.214844
34.179688 92.773438
34.179688 90.332031
34.179688 87.890625
31.738281 85.449219
31.738281 83.007813
29.296875 80.566406
26.855469 78.125
24.414063 75.683594
24.414063 73.242188
24.414063 70.800781
24.414063 68.359375
24.414063 65.917969
24.414063 63.476563
26.855469 61.035156
29.296875 58.59375
31.738281 58.59375
34.179688 56.152344
36.621094 53.710938
39.0625 51.269531
41.503906 51.269531
43.945313 48.828125
46.386719 46.386719
48.828125 43.945313
51.269531 41.503906
53.710938 41.503906
56.152344 39.0625
58.59375 39.0625
61.035156 36.621094
63.476563 34.179688
65.917969 34.179688
68.359375 31.738281
70.800781 31.738281
73.242188 31.738281
75.683594 29.296875
78.125 29.296875
80.566406 26.855469
83.007813 24.414063
85.449219 24.414063
87.890625 21.972656
90.332031 19.53125
92.773438 17.089844
