17.089844 144.042969
17.089844 141.601563
17.089844 139.160156
17.089844 136.71875
17.089844 134.277344
17.089844 131.835938
17.089844 129.394531
17.089844 126.953125
17.089844 124.511719
19.53125 122.070313
19.53125 119.628906
19.53125 117.1875
19.53125 114.746094
19.53125 112.304688
19.53125 109.863281
21.972656 107.421875
24.414063 104.980469
26.855469 102.539063
26.855469 100.097656
29.296875 97.65625
29.296875 95.214844
29.296875 92.773438
29.296875 90.332031
29.296875 87.890625
29.296875 85.449219
29.296875 83.007813
31.738281 80.566406
31.738281 78.125
31.738281 75.683594
31.738281 73.242188
34.179688 70.800781
34.179688 68.359375
34.179688 65.917969
36.621094 63.476563
36.621094 61.035156
39.0625 58.59375
39.0625 56.152344
41.503906 53.710938
43.945313 51.269531
43.945313 48.828125
46.386719 46.386719
48.828125 43.945313
51.269531 41.503906
53.710938 39.0625
56.152344 36.621094
56.152344 34.179688
58.59375 31.738281
61.035156 29.296875
63.476563 26.855469
65.917969 24.414063
68.359375 21.972656
68.359375 19.53125
70.800781 17.089844
70.800781 14.648438
