31.738281 117.1875
29.296875 114.746094
29.296875 112.304688
31.738281 109.863281
31.738281 107.421875
31.738281 104.980469
29.296875 102.539063
29.296875 100.097656
29.296875 97.65625
29.296875 95.214844
26.855469 92.773438
26.855469 90.332031
26.855469 87.890625
26.855469 85.449219
26.855469 83.007813
26.855469 80.566406
24.414063 78.125
24.414063 75.683594
24.414063 73.242188
24.414063 70.800781
24.414063 68.359375
24.414063 65.917969
24.414063 63.476563
21.972656 61.035156
21.972656 58.59375
21.972656 56.152344
21.972656 53.710938
21.972656 51.269531
21.972656 48.828125
21.972656 46.386719
21.972656 43.945313
19.53125 41.503906
19.53125 39.0625
19.53125 36.621094
19.53125 34.179688
19.53125 31.738281
19.53125 29.296875
19.53125 26.855469
19.53125 24.414063
19.53125 21.972656
19.53125 19.53125
17.089844 17.089844
17.089844 14.648438
