34.179688 148.925781
34.179688 146.484375
34.179688 144.042969
34.179688 141.601563
34.179688 139.160156
34.179688 136.71875
34.179688 134.277344
34.179688 131.835938
34.179688 129.394531
34.179688 126.953125
34.179688 124.511719
34.179688 122.070313
34.179688 119.628906
34.179688 117.1875
34.179688 114.746094
34.179688 112.304688
34.179688 109.863281
31.738281 107.421875
34.179688 104.980469
34.179688 102.539063
31.738281 100.097656
31.738281 97.65625
31.738281 95.214844
31.738281 92.773438
31.738281 90.332031
31.738281 87.890625
31.738281 85.449219
31.738281 83.007813
31.738281 80.566406
31.738281 78.125
31.738281 75.683594
31.738281 73.242188
31.738281 70.800781
31.738281 68.359375
31.738281 65.917969
31.738281 63.476563
31.738281 61.035156
31.738281 58.59375
31.738281 56.152344
29.296875 53.710938
29.296875 51.269531
26.855469 48.828125
26.855469 46.386719
26.855469 43.945313
26.855469 41.503906
29.296875 39.0625
29.296875 36.621094
29.296875 34.179688
31.738281 31.738281
29.296875 29.296875
