12.207031 283.203125
12.207031 280.761719
14.648438 278.320313
17.089844 275.878906
19.53125 273.4375
21.972656 270.996094
21.972656 268.554688
24.414063 266.113281
26.855469 263.671875
29.296875 261.230469
29.296875 258.789063
31.738281 256.347656
31.738281 253.90625
34.179688 251.464844
36.621094 249.023438
36.621094 246.582031
39.0625 244.140625
41.503906 241.699219
43.945313 239.257813
46.386719 236.816406
48.828125 234.375
51.269531 231.933594
53.710938 229.492188
56.152344 227.050781
56.152344 224.609375
58.59375 222.167969
58.59375 219.726563
61.035156 217.285156
63.476563 214.84375
63.476563 212.402344
65.917969 209.960938
68.359375 207.519531
70.800781 205.078125
73.242188 202.636719
75.683594 200.195313
78.125 197.753906
78.125 195.3125
78.125 192.871094
80.566406 190.429688
80.566406 187.988281
80.566406 185.546875
83.007813 183.105469
83.007813 180.664063
85.449219 178.222656
87.890625 175.78125
87.890625 173.339844
87.890625 170.898438
90.332031 168.457031
90.332031 166.015625
92.773438 163.574219
92.773438 161.132813
92.773438 158.691406
92.773438 156.25
92.773438 153.808594
95.214844 151.367188
97.65625 148.925781
100.097656 146.484375
100.097656 144.042969
102.539063 141.601563
102.539063 139.160156
104.980469 136.71875
104.980469 134.277344
104.980469 131.835938
107.421875 129.394531
109.863281 126.953125
112.304688 124.511719
114.746094 122.070313
117.1875 119.628906
119.628906 117.1875
122.070313 114.746094
124.511719 112.304688
126.953125 109.863281
129.394531 109.863281
131.835938 109.863281
134.277344 112.304688
136.71875 114.746094
139.160156 117.1875
139.160156 119.628906
141.601563 122.070313
144.042969 124.511719
144.042969 126.953125
146.484375 129.394531
148.925781 131.835938
151.367188 134.277344
151.367188 136.71875
151.367188 139.160156
153.808594 141.601563
153.808594 144.042969
156.25 146.484375
156.25 148.925781
158.691406 151.367188
161.132813 153.808594
161.132813 156.25
163.574219 158.691406
163.574219 161.132813
166.015625 163.574219
168.457031 166.015625
170.898438 168.457031
170.898438 170.898438
173.339844 173.339844
173.339844 175.78125
173.339844 178.222656
175.78125 180.664063
178.222656 183.105469
180.664063 185.546875
180.664063 187.988281
183.105469 190.429688
185.546875 192.871094
185.546875 195.3125
187.988281 197.753906
187.988281 200.195313
190.429688 202.636719
192.871094 205.078125
195.3125 207.519531
197.753906 207.519531
