34.179688 139.160156
34.179688 136.71875
34.179688 134.277344
34.179688 131.835938
34.179688 129.394531
34.179688 126.953125
34.179688 124.511719
31.738281 122.070313
31.738281 119.628906
31.738281 117.1875
31.738281 114.746094
31.738281 112.304688
29.296875 109.863281
29.296875 107.421875
29.296875 104.980469
29.296875 102.539063
29.296875 100.097656
26.855469 97.65625
26.855469 95.214844
26.855469 92.773438
26.855469 90.332031
26.855469 87.890625
26.855469 85.449219
26.855469 83.007813
26.855469 80.566406
26.855469 78.125
26.855469 75.683594
24.414063 73.242188
24.414063 70.800781
24.414063 68.359375
24.414063 65.917969
21.972656 63.476563
21.972656 61.035156
24.414063 58.59375
24.414063 56.152344
24.414063 53.710938
24.414063 51.269531
24.414063 48.828125
21.972656 46.386719
21.972656 43.945313
21.972656 41.503906
21.972656 39.0625
21.972656 36.621094
19.53125 34.179688
19.53125 31.738281
21.972656 29.296875
21.972656 26.855469
19.53125 24.414063
19.53125 21.972656
19.53125 19.53125
19.53125 17.089844
19.53125 14.648438
19.53125 12.207031
