17.089844 107.421875
19.53125 107.421875
21.972656 107.421875
24.414063 107.421875
26.855469 107.421875
29.296875 107.421875
31.738281 107.421875
34.179688 104.980469
36.621094 102.539063
39.0625 102.539063
41.503906 102.539063
43.945313 100.097656
46.386719 100.097656
48.828125 97.65625
51.269531 97.65625
53.710938 97.65625
56.152344 95.214844
58.59375 95.214844
61.035156 92.773438
63.476563 90.332031
65.917969 87.890625
68.359375 85.449219
70.800781 85.449219
73.242188 83.007813
75.683594 83.007813
78.125 83.007813
80.566406 83.007813
83.007813 83.007813
85.449219 83.007813
87.890625 80.566406
90.332031 80.566406
92.773438 80.566406
95.214844 80.566406
97.65625 78.125
100.097656 78.125
102.539063 75.683594
104.980469 73.242188
107.421875 73.242188
109.863281 70.800781
112.304688 68.359375
114.746094 65.917969
117.1875 63.476563
119.628906 61.035156
122.070313 61.035156
124.511719 61.035156
126.953125 61.035156
129.394531 61.035156
131.835938 58.59375
131.835938 56.152344
129.394531 53.710938
129.394531 51.269531
126.953125 48.828125
124.511719 46.386719
124.511719 43.945313
122.070313 41.503906
122.070313 39.0625
122.070313 36.621094
119.628906 34.179688
119.628906 31.738281
117.1875 29.296875
114.746094 26.855469
114.746094 24.414063
112.304688 21.972656
112.304688 19.53125
109.863281 17.089844
109.863281 14.648438
