124.511719 39.0625
122.070313 39.0625
119.628906 36.621094
117.1875 36.621094
114.746094 36.621094
112.304688 34.179688
109.863281 34.179688
107.421875 34.179688
104.980469 34.179688
102.539063 34.179688
100.097656 34.179688
97.65625 34.179688
95.214844 34.179688
92.773438 34.179688
90.332031 31.738281
87.890625 31.738281
85.449219 31.738281
83.007813 31.738281
80.566406 31.738281
78.125 29.296875
75.683594 29.296875
73.242188 26.855469
70.800781 26.855469
68.359375 24.414063
65.917969 24.414063
63.476563 24.414063
61.035156 24.414063
58.59375 21.972656
56.152344 21.972656
53.710938 21.972656
51.269531 21.972656
48.828125 21.972656
46.386719 21.972656
43.945313 21.972656
41.503906 21.972656
39.0625 24.414063
36.621094 24.414063
34.179688 24.414063
31.738281 24.414063
29.296875 24.414063
26.855469 24.414063
24.414063 24.414063
21.972656 21.972656
19.53125 21.972656
