9.765625 83.007813
12.207031 80.566406
12.207031 78.125
14.648438 75.683594
17.089844 73.242188
17.089844 70.800781
19.53125 68.359375
19.53125 65.917969
21.972656 63.476563
24.414063 61.035156
24.414063 58.59375
26.855469 56.152344
26.855469 53.710938
29.296875 51.269531
31.738281 48.828125
34.179688 46.386719
36.621094 43.945313
39.0625 41.503906
41.503906 39.0625
43.945313 36.621094
46.386719 36.621094
48.828125 34.179688
51.269531 31.738281
53.710938 29.296875
56.152344 29.296875
58.59375 26.855469
61.035156 26.855469
63.476563 24.414063
65.917969 21.972656
68.359375 21.972656
70.800781 21.972656
73.242188 19.53125
75.683594 19.53125
78.125 19.53125
80.566406 19.53125
83.007813 17.089844
83.007813 14.648438
83.007813 12.207031
