14.648438 97.65625
14.648438 95.214844
17.089844 92.773438
19.53125 90.332031
19.53125 87.890625
21.972656 85.449219
21.972656 83.007813
24.414063 80.566406
26.855469 78.125
26.855469 75.683594
29.296875 73.242188
31.738281 70.800781
31.738281 68.359375
34.179688 65.917969
34.179688 63.476563
36.621094 61.035156
39.0625 58.59375
41.503906 56.152344
43.945313 53.710938
46.386719 51.269531
48.828125 48.828125
51.269531 46.386719
53.710938 43.945313
56.152344 41.503906
56.152344 39.0625
58.59375 36.621094
61.035156 34.179688
61.035156 31.738281
63.476563 29.296875
63.476563 26.855469
65.917969 24.414063
68.359375 21.972656
70.800781 19.53125
73.242188 17.089844
75.683594 14.648438
