56.152344 70.800781
53.710938 70.800781
51.269531 70.800781
48.828125 68.359375
46.386719 65.917969
43.945313 63.476563
41.503906 61.035156
39.0625 58.59375
36.621094 56.152344
34.179688 53.710938
31.738281 51.269531
31.738281 48.828125
29.296875 46.386719
29.296875 43.945313
26.855469 41.503906
26.855469 39.0625
24.414063 36.621094
24.414063 34.179688
24.414063 31.738281
24.414063 29.296875
24.414063 26.855469
21.972656 24.414063
21.972656 21.972656
21.972656 19.53125
19.53125 17.089844
19.53125 14.648438
