114.746094 166.015625
112.304688 163.574219
109.863281 163.574219
107.421875 163.574219
104.980469 163.574219
102.539063 161.132813
100.097656 161.132813
97.65625 158.691406
95.214844 156.25
95.214844 153.808594
95.214844 151.367188
92.773438 148.925781
92.773438 146.484375
90.332031 144.042969
87.890625 141.601563
85.449219 139.160156
85.449219 136.71875
83.007813 134.277344
80.566406 131.835938
78.125 129.394531
75.683594 126.953125
73.242188 124.511719
70.800781 124.511719
68.359375 122.070313
65.917969 119.628906
63.476563 117.1875
61.035156 114.746094
61.035156 112.304688
61.035156 109.863281
61.035156 107.421875
58.59375 104.980469
56.152344 102.539063
56.152344 100.097656
53.710938 97.65625
51.269531 95.214844
51.269531 92.773438
48.828125 90.332031
48.828125 87.890625
48.828125 85.449219
48.828125 83.007813
48.828125 80.566406
46.386719 78.125
46.386719 75.683594
43.945313 73.242188
43.945313 70.800781
41.503906 68.359375
41.503906 65.917969
41.503906 63.476563
41.503906 61.035156
39.0625 58.59375
39.0625 56.152344
36.621094 53.710938
34.179688 51.269531
34.179688 48.828125
31.738281 46.386719
31.738281 43.945313
29.296875 41.503906
29.296875 39.0625
26.855469 36.621094
24.414063 34.179688
24.414063 31.738281
21.972656 29.296875
24.414063 26.855469
24.414063 24.414063
21.972656 21.972656
21.972656 19.53125
21.972656 17.089844
