58.59375 90.332031
58.59375 87.890625
56.152344 85.449219
53.710938 83.007813
51.269531 80.566406
51.269531 78.125
48.828125 75.683594
46.386719 73.242188
43.945313 70.800781
41.503906 68.359375
39.0625 65.917969
36.621094 63.476563
34.179688 61.035156
34.179688 58.59375
31.738281 56.152344
31.738281 53.710938
29.296875 51.269531
29.296875 48.828125
29.296875 46.386719
26.855469 43.945313
24.414063 41.503906
24.414063 39.0625
24.414063 36.621094
21.972656 34.179688
19.53125 31.738281
19.53125 29.296875
19.53125 26.855469
19.53125 24.414063
17.089844 21.972656
17.089844 19.53125
14.648438 17.089844
14.648438 14.648438
14.648438 12.207031
