90.332031 41.503906
87.890625 41.503906
85.449219 41.503906
83.007813 41.503906
80.566406 41.503906
78.125 41.503906
75.683594 41.503906
73.242188 39.0625
70.800781 39.0625
68.359375 39.0625
65.917969 36.621094
63.476563 36.621094
61.035156 36.621094
58.59375 34.179688
56.152344 34.179688
53.710938 31.738281
51.269531 31.738281
48.828125 29.296875
46.386719 29.296875
43.945313 29.296875
41.503906 26.855469
39.0625 29.296875
36.621094 26.855469
34.179688 26.855469
31.738281 26.855469
29.296875 24.414063
26.855469 24.414063
24.414063 21.972656
21.972656 19.53125
19.53125 19.53125
17.089844 17.089844
14.648438 14.648438
14.648438 12.207031
