14.648438 231.933594
14.648438 229.492188
17.089844 227.050781
17.089844 224.609375
19.53125 222.167969
19.53125 219.726563
19.53125 217.285156
21.972656 214.84375
24.414063 212.402344
26.855469 209.960938
29.296875 207.519531
31.738281 205.078125
34.179688 202.636719
34.179688 200.195313
36.621094 197.753906
36.621094 195.3125
36.621094 192.871094
39.0625 190.429688
39.0625 187.988281
41.503906 185.546875
43.945313 183.105469
46.386719 180.664063
48.828125 178.222656
51.269531 175.78125
51.269531 173.339844
53.710938 170.898438
56.152344 168.457031
56.152344 166.015625
56.152344 163.574219
58.59375 161.132813
58.59375 158.691406
61.035156 156.25
63.476563 153.808594
63.476563 151.367188
65.917969 148.925781
68.359375 146.484375
70.800781 144.042969
70.800781 141.601563
70.800781 139.160156
73.242188 136.71875
75.683594 134.277344
75.683594 131.835938
78.125 129.394531
80.566406 126.953125
83.007813 124.511719
83.007813 122.070313
85.449219 119.628906
87.890625 117.1875
87.890625 114.746094
90.332031 112.304688
92.773438 109.863281
92.773438 107.421875
95.214844 104.980469
97.65625 102.539063
97.65625 100.097656
97.65625 97.65625
97.65625 95.214844
100.097656 92.773438
100.097656 90.332031
100.097656 87.890625
102.539063 85.449219
102.539063 83.007813
102.539063 80.566406
104.980469 78.125
107.421875 75.683594
107.421875 73.242188
109.863281 70.800781
109.863281 68.359375
109.863281 65.917969
112.304688 63.476563
112.304688 61.035156
112.304688 58.59375
114.746094 56.152344
114.746094 53.710938
114.746094 51.269531
114.746094 48.828125
117.1875 46.386719
117.1875 43.945313
119.628906 41.503906
119.628906 39.0625
119.628906 36.621094
122.070313 34.179688
124.511719 31.738281
124.511719 29.296875
126.953125 26.855469
126.953125 24.414063
129.394531 21.972656
129.394531 19.53125
131.835938 17.089844
134.277344 14.648438
134.277344 12.207031
