48.828125 122.070313
51.269531 119.628906
53.710938 117.1875
56.152344 114.746094
58.59375 112.304688
58.59375 109.863281
58.59375 107.421875
58.59375 104.980469
58.59375 102.539063
58.59375 100.097656
58.59375 97.65625
56.152344 95.214844
56.152344 92.773438
56.152344 90.332031
56.152344 87.890625
56.152344 85.449219
53.710938 83.007813
56.152344 80.566406
56.152344 78.125
56.152344 75.683594
53.710938 73.242188
53.710938 70.800781
51.269531 68.359375
48.828125 65.917969
46.386719 63.476563
43.945313 61.035156
41.503906 58.59375
39.0625 56.152344
36.621094 53.710938
34.179688 51.269531
31.738281 48.828125
31.738281 46.386719
34.179688 43.945313
34.179688 41.503906
34.179688 39.0625
34.179688 36.621094
31.738281 34.179688
31.738281 31.738281
29.296875 29.296875
26.855469 26.855469
24.414063 24.414063
21.972656 21.972656
19.53125 19.53125
17.089844 17.089844
17.089844 14.648438
