297.851563 375.976563
297.851563 373.535156
295.410156 371.09375
292.96875 368.652344
290.527344 366.210938
290.527344 363.769531
290.527344 361.328125
288.085938 358.886719
285.644531 356.445313
283.203125 354.003906
280.761719 351.5625
278.320313 349.121094
275.878906 346.679688
273.4375 344.238281
270.996094 341.796875
270.996094 339.355469
268.554688 336.914063
268.554688 334.472656
266.113281 332.03125
266.113281 329.589844
263.671875 327.148438
261.230469 324.707031
258.789063 322.265625
256.347656 319.824219
256.347656 317.382813
253.90625 314.941406
251.464844 312.5
249.023438 310.058594
249.023438 307.617188
246.582031 305.175781
244.140625 302.734375
241.699219 300.292969
239.257813 297.851563
239.257813 295.410156
236.816406 292.96875
234.375 290.527344
231.933594 288.085938
229.492188 285.644531
227.050781 283.203125
224.609375 280.761719
222.167969 278.320313
222.167969 275.878906
222.167969 273.4375
222.167969 270.996094
222.167969 268.554688
222.167969 266.113281
222.167969 263.671875
222.167969 261.230469
219.726563 258.789063
219.726563 256.347656
217.285156 253.90625
214.84375 251.464844
212.402344 249.023438
209.960938 246.582031
207.519531 244.140625
205.078125 241.699219
202.636719 239.257813
200.195313 236.816406
197.753906 234.375
195.3125 231.933594
192.871094 229.492188
190.429688 227.050781
187.988281 224.609375
185.546875 222.167969
183.105469 219.726563
180.664063 219.726563
178.222656 217.285156
175.78125 214.84375
175.78125 212.402344
173.339844 209.960938
170.898438 207.519531
168.457031 205.078125
168.457031 202.636719
166.015625 200.195313
163.574219 197.753906
161.132813 195.3125
158.691406 192.871094
156.25 192.871094
153.808594 190.429688
151.367188 187.988281
148.925781 185.546875
146.484375 183.105469
144.042969 180.664063
141.601563 180.664063
139.160156 178.222656
136.71875 178.222656
134.277344 175.78125
131.835938 175.78125
129.394531 173.339844
126.953125 170.898438
126.953125 168.457031
126.953125 166.015625
126.953125 163.574219
126.953125 161.132813
124.511719 158.691406
122.070313 156.25
119.628906 156.25
117.1875 153.808594
114.746094 151.367188
112.304688 148.925781
109.863281 148.925781
107.421875 146.484375
104.980469 144.042969
102.539063 141.601563
100.097656 139.160156
97.65625 136.71875
95.214844 134.277344
92.773438 131.835938
90.332031 129.394531
87.890625 126.953125
85.449219 124.511719
83.007813 122.070313
80.566406 119.628906
78.125 117.1875
75.683594 114.746094
73.242188 112.304688
70.800781 109.863281
68.359375 107.421875
65.917969 104.980469
63.476563 102.539063
61.035156 100.097656
58.59375 97.65625
56.152344 95.214844
53.710938 92.773438
51.269531 90.332031
48.828125 87.890625
46.386719 85.449219
43.945313 83.007813
41.503906 80.566406
39.0625 78.125
39.0625 75.683594
36.621094 73.242188
36.621094 70.800781
34.179688 68.359375
34.179688 65.917969
31.738281 63.476563
31.738281 61.035156
29.296875 58.59375
29.296875 56.152344
26.855469 53.710938
26.855469 51.269531
26.855469 48.828125
26.855469 46.386719
24.414063 43.945313
24.414063 41.503906
24.414063 39.0625
21.972656 36.621094
21.972656 34.179688
21.972656 31.738281
19.53125 29.296875
17.089844 26.855469
17.089844 24.414063
17.089844 21.972656
17.089844 19.53125
14.648438 17.089844
12.207031 14.648438
12.207031 12.207031
9.765625 9.765625
