14.648438 117.1875
17.089844 114.746094
19.53125 112.304688
21.972656 112.304688
24.414063 109.863281
26.855469 109.863281
29.296875 107.421875
31.738281 104.980469
34.179688 104.980469
36.621094 102.539063
39.0625 102.539063
41.503906 100.097656
43.945313 97.65625
46.386719 95.214844
48.828125 92.773438
51.269531 92.773438
53.710938 90.332031
56.152344 87.890625
58.59375 85.449219
61.035156 83.007813
63.476563 80.566406
65.917969 78.125
68.359375 75.683594
70.800781 73.242188
73.242188 70.800781
75.683594 68.359375
78.125 65.917969
78.125 63.476563
80.566406 61.035156
83.007813 58.59375
83.007813 56.152344
85.449219 53.710938
87.890625 51.269531
90.332031 48.828125
92.773438 46.386719
95.214844 43.945313
97.65625 41.503906
97.65625 39.0625
100.097656 36.621094
102.539063 34.179688
104.980469 31.738281
107.421875 29.296875
109.863281 26.855469
109.863281 24.414063
112.304688 21.972656
114.746094 19.53125
114.746094 17.089844
