14.648438 97.65625
17.089844 95.214844
19.53125 92.773438
19.53125 90.332031
19.53125 87.890625
21.972656 85.449219
24.414063 83.007813
26.855469 80.566406
26.855469 78.125
29.296875 75.683594
31.738281 73.242188
34.179688 70.800781
36.621094 68.359375
39.0625 65.917969
41.503906 63.476563
41.503906 61.035156
43.945313 58.59375
46.386719 56.152344
46.386719 53.710938
48.828125 51.269531
51.269531 48.828125
51.269531 46.386719
53.710938 43.945313
53.710938 41.503906
56.152344 39.0625
56.152344 36.621094
58.59375 34.179688
61.035156 31.738281
63.476563 29.296875
63.476563 26.855469
65.917969 24.414063
68.359375 21.972656
68.359375 19.53125
68.359375 17.089844
70.800781 14.648438
73.242188 12.207031
73.242188 9.765625
73.242188 7.324219
