14.648438 46.386719
17.089844 43.945313
19.53125 43.945313
21.972656 43.945313
24.414063 43.945313
26.855469 43.945313
29.296875 43.945313
31.738281 41.503906
34.179688 41.503906
36.621094 39.0625
39.0625 39.0625
41.503906 36.621094
43.945313 36.621094
46.386719 36.621094
48.828125 34.179688
51.269531 34.179688
53.710938 34.179688
56.152344 31.738281
58.59375 31.738281
61.035156 31.738281
63.476563 29.296875
65.917969 29.296875
68.359375 29.296875
70.800781 26.855469
73.242188 26.855469
75.683594 26.855469
78.125 26.855469
80.566406 24.414063
83.007813 21.972656
85.449219 21.972656
87.890625 19.53125
90.332031 19.53125
92.773438 17.089844
95.214844 17.089844
97.65625 14.648438
