17.089844 58.59375
19.53125 58.59375
21.972656 56.152344
24.414063 56.152344
26.855469 56.152344
29.296875 56.152344
31.738281 53.710938
34.179688 53.710938
36.621094 51.269531
39.0625 51.269531
41.503906 51.269531
43.945313 51.269531
46.386719 51.269531
48.828125 48.828125
51.269531 48.828125
53.710938 46.386719
56.152344 46.386719
58.59375 43.945313
61.035156 41.503906
63.476563 41.503906
65.917969 39.0625
68.359375 39.0625
70.800781 39.0625
73.242188 39.0625
75.683594 36.621094
78.125 36.621094
80.566406 34.179688
83.007813 34.179688
85.449219 31.738281
87.890625 31.738281
90.332031 29.296875
92.773438 26.855469
95.214844 24.414063
97.65625 21.972656
100.097656 19.53125
102.539063 17.089844
102.539063 14.648438
102.539063 12.207031
104.980469 9.765625
104.980469 7.324219
102.539063 4.882813
102.539063 2.441406
