51.269531 158.691406
48.828125 158.691406
46.386719 158.691406
43.945313 156.25
41.503906 153.808594
39.0625 151.367188
36.621094 148.925781
36.621094 146.484375
34.179688 144.042969
34.179688 141.601563
34.179688 139.160156
34.179688 136.71875
34.179688 134.277344
34.179688 131.835938
34.179688 129.394531
34.179688 126.953125
34.179688 124.511719
34.179688 122.070313
34.179688 119.628906
34.179688 117.1875
34.179688 114.746094
34.179688 112.304688
34.179688 109.863281
34.179688 107.421875
34.179688 104.980469
34.179688 102.539063
34.179688 100.097656
34.179688 97.65625
34.179688 95.214844
34.179688 92.773438
31.738281 90.332031
31.738281 87.890625
31.738281 85.449219
31.738281 83.007813
31.738281 80.566406
29.296875 78.125
29.296875 75.683594
29.296875 73.242188
29.296875 70.800781
26.855469 68.359375
26.855469 65.917969
24.414063 63.476563
24.414063 61.035156
24.414063 58.59375
24.414063 56.152344
24.414063 53.710938
24.414063 51.269531
24.414063 48.828125
21.972656 46.386719
21.972656 43.945313
21.972656 41.503906
21.972656 39.0625
21.972656 36.621094
21.972656 34.179688
21.972656 31.738281
21.972656 29.296875
21.972656 26.855469
19.53125 24.414063
19.53125 21.972656
17.089844 19.53125
17.089844 17.089844
17.089844 14.648438
