163.574219 56.152344
161.132813 56.152344
158.691406 56.152344
156.25 58.59375
153.808594 56.152344
151.367188 56.152344
148.925781 56.152344
146.484375 53.710938
144.042969 53.710938
141.601563 51.269531
139.160156 51.269531
136.71875 48.828125
134.277344 48.828125
131.835938 46.386719
129.394531 43.945313
126.953125 43.945313
124.511719 41.503906
122.070313 41.503906
119.628906 41.503906
117.1875 41.503906
114.746094 39.0625
112.304688 39.0625
109.863281 36.621094
107.421875 36.621094
104.980469 34.179688
102.539063 34.179688
100.097656 31.738281
97.65625 31.738281
95.214844 31.738281
92.773438 31.738281
90.332031 29.296875
87.890625 29.296875
85.449219 26.855469
83.007813 26.855469
80.566406 29.296875
78.125 29.296875
75.683594 29.296875
73.242188 29.296875
70.800781 26.855469
68.359375 26.855469
65.917969 24.414063
63.476563 24.414063
61.035156 24.414063
58.59375 24.414063
56.152344 24.414063
53.710938 21.972656
51.269531 21.972656
48.828125 21.972656
46.386719 19.53125
43.945313 19.53125
41.503906 19.53125
39.0625 17.089844
36.621094 17.089844
34.179688 17.089844
31.738281 17.089844
29.296875 17.089844
26.855469 14.648438
24.414063 14.648438
21.972656 14.648438
19.53125 14.648438
17.089844 14.648438
14.648438 17.089844
