12.207031 85.449219
12.207031 83.007813
12.207031 80.566406
14.648438 78.125
14.648438 75.683594
17.089844 73.242188
19.53125 70.800781
21.972656 68.359375
21.972656 65.917969
24.414063 63.476563
26.855469 61.035156
26.855469 58.59375
29.296875 56.152344
31.738281 53.710938
31.738281 51.269531
34.179688 48.828125
34.179688 46.386719
36.621094 43.945313
39.0625 41.503906
39.0625 39.0625
41.503906 36.621094
43.945313 34.179688
43.945313 31.738281
46.386719 29.296875
48.828125 26.855469
48.828125 24.414063
51.269531 21.972656
51.269531 19.53125
53.710938 17.089844
53.710938 14.648438
56.152344 12.207031
58.59375 9.765625
58.59375 7.324219
