34.179688 131.835938
34.179688 129.394531
34.179688 126.953125
34.179688 124.511719
34.179688 122.070313
34.179688 119.628906
34.179688 117.1875
34.179688 114.746094
34.179688 112.304688
34.179688 109.863281
34.179688 107.421875
34.179688 104.980469
34.179688 102.539063
31.738281 100.097656
31.738281 97.65625
31.738281 95.214844
31.738281 92.773438
29.296875 90.332031
29.296875 87.890625
29.296875 85.449219
26.855469 83.007813
26.855469 80.566406
26.855469 78.125
26.855469 75.683594
26.855469 73.242188
26.855469 70.800781
26.855469 68.359375
24.414063 65.917969
24.414063 63.476563
24.414063 61.035156
24.414063 58.59375
24.414063 56.152344
24.414063 53.710938
24.414063 51.269531
24.414063 48.828125
26.855469 46.386719
26.855469 43.945313
26.855469 41.503906
24.414063 39.0625
24.414063 36.621094
24.414063 34.179688
24.414063 31.738281
24.414063 29.296875
24.414063 26.855469
24.414063 24.414063
24.414063 21.972656
21.972656 19.53125
19.53125 17.089844
17.089844 14.648438
14.648438 12.207031
12.207031 12.207031
9.765625 12.207031
