29.296875 144.042969
29.296875 141.601563
26.855469 139.160156
26.855469 136.71875
26.855469 134.277344
26.855469 131.835938
26.855469 129.394531
26.855469 126.953125
26.855469 124.511719
26.855469 122.070313
26.855469 119.628906
29.296875 117.1875
29.296875 114.746094
29.296875 112.304688
29.296875 109.863281
29.296875 107.421875
26.855469 104.980469
26.855469 102.539063
26.855469 100.097656
26.855469 97.65625
26.855469 95.214844
24.414063 92.773438
24.414063 90.332031
21.972656 87.890625
21.972656 85.449219
21.972656 83.007813
21.972656 80.566406
21.972656 78.125
19.53125 75.683594
19.53125 73.242188
19.53125 70.800781
19.53125 68.359375
19.53125 65.917969
19.53125 63.476563
19.53125 61.035156
19.53125 58.59375
21.972656 56.152344
21.972656 53.710938
21.972656 51.269531
24.414063 48.828125
24.414063 46.386719
24.414063 43.945313
24.414063 41.503906
21.972656 39.0625
21.972656 36.621094
21.972656 34.179688
21.972656 31.738281
21.972656 29.296875
21.972656 26.855469
21.972656 24.414063
21.972656 21.972656
24.414063 19.53125
24.414063 17.089844
24.414063 14.648438
