19.53125 65.917969
21.972656 63.476563
24.414063 61.035156
26.855469 58.59375
29.296875 58.59375
31.738281 56.152344
34.179688 56.152344
36.621094 53.710938
39.0625 53.710938
41.503906 53.710938
43.945313 51.269531
46.386719 51.269531
48.828125 48.828125
51.269531 48.828125
53.710938 46.386719
56.152344 43.945313
58.59375 43.945313
61.035156 41.503906
63.476563 39.0625
65.917969 39.0625
68.359375 36.621094
70.800781 36.621094
73.242188 36.621094
75.683594 34.179688
78.125 34.179688
80.566406 31.738281
83.007813 31.738281
85.449219 29.296875
87.890625 29.296875
90.332031 29.296875
92.773438 29.296875
95.214844 26.855469
97.65625 26.855469
100.097656 26.855469
102.539063 26.855469
104.980469 26.855469
107.421875 26.855469
109.863281 24.414063
112.304688 24.414063
114.746094 24.414063
117.1875 24.414063
119.628906 24.414063
122.070313 24.414063
124.511719 24.414063
126.953125 24.414063
129.394531 24.414063
131.835938 21.972656
134.277344 21.972656
136.71875 21.972656
139.160156 21.972656
141.601563 21.972656
144.042969 21.972656
146.484375 24.414063
148.925781 24.414063
151.367188 26.855469
153.808594 29.296875
156.25 31.738281
158.691406 31.738281
161.132813 31.738281
