53.710938 61.035156
53.710938 58.59375
51.269531 56.152344
48.828125 56.152344
46.386719 53.710938
43.945313 53.710938
41.503906 51.269531
39.0625 51.269531
36.621094 51.269531
34.179688 48.828125
31.738281 46.386719
29.296875 43.945313
29.296875 41.503906
29.296875 39.0625
26.855469 36.621094
26.855469 34.179688
24.414063 31.738281
24.414063 29.296875
21.972656 26.855469
19.53125 24.414063
17.089844 21.972656
17.089844 19.53125
14.648438 17.089844
12.207031 14.648438
12.207031 12.207031
9.765625 9.765625
9.765625 7.324219
