161.132813 90.332031
158.691406 90.332031
156.25 90.332031
153.808594 90.332031
151.367188 90.332031
148.925781 90.332031
146.484375 90.332031
144.042969 90.332031
141.601563 92.773438
139.160156 90.332031
136.71875 90.332031
134.277344 87.890625
131.835938 85.449219
129.394531 83.007813
126.953125 80.566406
124.511719 78.125
122.070313 75.683594
119.628906 73.242188
117.1875 70.800781
114.746094 68.359375
112.304688 65.917969
109.863281 63.476563
107.421875 63.476563
104.980469 61.035156
102.539063 61.035156
100.097656 58.59375
97.65625 58.59375
95.214844 56.152344
92.773438 56.152344
90.332031 53.710938
87.890625 53.710938
85.449219 51.269531
83.007813 51.269531
80.566406 48.828125
78.125 46.386719
75.683594 46.386719
73.242188 43.945313
70.800781 41.503906
68.359375 41.503906
65.917969 39.0625
63.476563 39.0625
61.035156 36.621094
58.59375 34.179688
56.152344 34.179688
53.710938 31.738281
51.269531 31.738281
48.828125 29.296875
46.386719 29.296875
43.945313 26.855469
41.503906 24.414063
39.0625 24.414063
36.621094 21.972656
34.179688 19.53125
31.738281 19.53125
29.296875 17.089844
26.855469 14.648438
24.414063 14.648438
21.972656 14.648438
19.53125 14.648438
17.089844 14.648438
14.648438 14.648438
