73.242188 95.214844
73.242188 92.773438
70.800781 90.332031
70.800781 87.890625
70.800781 85.449219
68.359375 83.007813
68.359375 80.566406
65.917969 78.125
65.917969 75.683594
63.476563 73.242188
63.476563 70.800781
61.035156 68.359375
61.035156 65.917969
58.59375 63.476563
58.59375 61.035156
56.152344 58.59375
56.152344 56.152344
53.710938 53.710938
51.269531 51.269531
48.828125 48.828125
46.386719 46.386719
43.945313 43.945313
41.503906 41.503906
41.503906 39.0625
39.0625 36.621094
39.0625 34.179688
39.0625 31.738281
36.621094 29.296875
34.179688 26.855469
31.738281 26.855469
29.296875 24.414063
26.855469 21.972656
24.414063 19.53125
21.972656 17.089844
19.53125 17.089844
17.089844 14.648438
14.648438 12.207031
12.207031 12.207031
