17.089844 87.890625
17.089844 85.449219
17.089844 83.007813
19.53125 80.566406
21.972656 78.125
21.972656 75.683594
24.414063 73.242188
26.855469 70.800781
29.296875 68.359375
29.296875 65.917969
31.738281 63.476563
34.179688 61.035156
36.621094 58.59375
36.621094 56.152344
39.0625 53.710938
39.0625 51.269531
41.503906 48.828125
43.945313 46.386719
46.386719 43.945313
46.386719 41.503906
48.828125 39.0625
51.269531 36.621094
53.710938 34.179688
56.152344 31.738281
56.152344 29.296875
58.59375 26.855469
61.035156 24.414063
61.035156 21.972656
63.476563 19.53125
65.917969 17.089844
65.917969 14.648438
