14.648438 46.386719
17.089844 46.386719
19.53125 46.386719
21.972656 46.386719
24.414063 43.945313
26.855469 43.945313
29.296875 41.503906
31.738281 41.503906
34.179688 41.503906
36.621094 41.503906
39.0625 39.0625
41.503906 39.0625
43.945313 36.621094
46.386719 36.621094
48.828125 34.179688
51.269531 34.179688
53.710938 31.738281
56.152344 31.738281
58.59375 29.296875
61.035156 29.296875
63.476563 29.296875
65.917969 26.855469
68.359375 24.414063
70.800781 24.414063
73.242188 24.414063
75.683594 21.972656
78.125 19.53125
