83.007813 151.367188
83.007813 148.925781
83.007813 146.484375
80.566406 144.042969
80.566406 141.601563
78.125 139.160156
78.125 136.71875
78.125 134.277344
78.125 131.835938
78.125 129.394531
75.683594 126.953125
75.683594 124.511719
75.683594 122.070313
73.242188 119.628906
73.242188 117.1875
73.242188 114.746094
73.242188 112.304688
73.242188 109.863281
73.242188 107.421875
73.242188 104.980469
70.800781 102.539063
70.800781 100.097656
70.800781 97.65625
68.359375 95.214844
68.359375 92.773438
68.359375 90.332031
65.917969 87.890625
65.917969 85.449219
63.476563 83.007813
63.476563 80.566406
61.035156 78.125
61.035156 75.683594
58.59375 73.242188
58.59375 70.800781
56.152344 68.359375
56.152344 65.917969
53.710938 63.476563
53.710938 61.035156
51.269531 58.59375
51.269531 56.152344
48.828125 53.710938
48.828125 51.269531
46.386719 48.828125
43.945313 46.386719
41.503906 43.945313
39.0625 41.503906
36.621094 39.0625
34.179688 36.621094
31.738281 34.179688
29.296875 31.738281
26.855469 29.296875
24.414063 26.855469
21.972656 24.414063
19.53125 21.972656
19.53125 19.53125
17.089844 17.089844
14.648438 14.648438
14.648438 12.207031
