17.089844 102.539063
19.53125 100.097656
21.972656 97.65625
24.414063 95.214844
26.855469 92.773438
29.296875 90.332031
31.738281 87.890625
34.179688 85.449219
36.621094 83.007813
39.0625 80.566406
39.0625 78.125
41.503906 75.683594
43.945313 73.242188
46.386719 70.800781
46.386719 68.359375
48.828125 65.917969
51.269531 63.476563
51.269531 61.035156
53.710938 58.59375
53.710938 56.152344
53.710938 53.710938
56.152344 51.269531
56.152344 48.828125
56.152344 46.386719
56.152344 43.945313
58.59375 41.503906
58.59375 39.0625
58.59375 36.621094
61.035156 34.179688
61.035156 31.738281
61.035156 29.296875
61.035156 26.855469
61.035156 24.414063
61.035156 21.972656
63.476563 19.53125
63.476563 17.089844
65.917969 14.648438
65.917969 12.207031
