102.539063 258.789063
102.539063 256.347656
100.097656 253.90625
97.65625 251.464844
95.214844 249.023438
92.773438 246.582031
92.773438 244.140625
90.332031 241.699219
90.332031 239.257813
87.890625 236.816406
85.449219 236.816406
83.007813 234.375
80.566406 234.375
78.125 231.933594
75.683594 229.492188
73.242188 227.050781
70.800781 227.050781
68.359375 224.609375
65.917969 222.167969
63.476563 219.726563
61.035156 217.285156
58.59375 214.84375
56.152344 212.402344
56.152344 209.960938
53.710938 207.519531
53.710938 205.078125
51.269531 202.636719
48.828125 200.195313
48.828125 197.753906
46.386719 195.3125
43.945313 192.871094
43.945313 190.429688
41.503906 187.988281
39.0625 185.546875
36.621094 183.105469
36.621094 180.664063
34.179688 178.222656
34.179688 175.78125
31.738281 173.339844
31.738281 170.898438
29.296875 168.457031
29.296875 166.015625
29.296875 163.574219
26.855469 161.132813
26.855469 158.691406
26.855469 156.25
26.855469 153.808594
26.855469 151.367188
26.855469 148.925781
26.855469 146.484375
26.855469 144.042969
26.855469 141.601563
26.855469 139.160156
26.855469 136.71875
26.855469 134.277344
24.414063 131.835938
24.414063 129.394531
24.414063 126.953125
24.414063 124.511719
24.414063 122.070313
24.414063 119.628906
21.972656 117.1875
21.972656 114.746094
19.53125 112.304688
19.53125 109.863281
19.53125 107.421875
19.53125 104.980469
21.972656 102.539063
21.972656 100.097656
21.972656 97.65625
21.972656 95.214844
24.414063 92.773438
24.414063 90.332031
24.414063 87.890625
24.414063 85.449219
24.414063 83.007813
26.855469 80.566406
26.855469 78.125
29.296875 75.683594
29.296875 73.242188
29.296875 70.800781
29.296875 68.359375
29.296875 65.917969
31.738281 63.476563
31.738281 61.035156
31.738281 58.59375
31.738281 56.152344
31.738281 53.710938
31.738281 51.269531
34.179688 48.828125
34.179688 46.386719
36.621094 43.945313
36.621094 41.503906
36.621094 39.0625
39.0625 36.621094
41.503906 34.179688
41.503906 31.738281
43.945313 29.296875
43.945313 26.855469
46.386719 24.414063
46.386719 21.972656
48.828125 19.53125
48.828125 17.089844
51.269531 14.648438
