39.0625 78.125
39.0625 75.683594
36.621094 73.242188
34.179688 70.800781
31.738281 68.359375
31.738281 65.917969
31.738281 63.476563
31.738281 61.035156
31.738281 58.59375
31.738281 56.152344
31.738281 53.710938
31.738281 51.269531
34.179688 48.828125
34.179688 46.386719
36.621094 43.945313
36.621094 41.503906
36.621094 39.0625
36.621094 36.621094
36.621094 34.179688
36.621094 31.738281
36.621094 29.296875
36.621094 26.855469
34.179688 24.414063
34.179688 21.972656
34.179688 19.53125
34.179688 17.089844
34.179688 14.648438
34.179688 12.207031
34.179688 9.765625
31.738281 7.324219
31.738281 4.882813
