14.648438 97.65625
14.648438 95.214844
17.089844 92.773438
17.089844 90.332031
17.089844 87.890625
17.089844 85.449219
19.53125 83.007813
21.972656 80.566406
21.972656 78.125
24.414063 75.683594
24.414063 73.242188
26.855469 70.800781
26.855469 68.359375
29.296875 65.917969
31.738281 63.476563
34.179688 61.035156
36.621094 58.59375
36.621094 56.152344
36.621094 53.710938
39.0625 51.269531
41.503906 48.828125
41.503906 46.386719
43.945313 43.945313
46.386719 41.503906
48.828125 39.0625
48.828125 36.621094
51.269531 34.179688
53.710938 31.738281
53.710938 29.296875
56.152344 26.855469
56.152344 24.414063
58.59375 21.972656
61.035156 19.53125
61.035156 17.089844
