102.539063 124.511719
100.097656 126.953125
97.65625 126.953125
95.214844 126.953125
92.773438 126.953125
90.332031 126.953125
87.890625 126.953125
85.449219 126.953125
83.007813 126.953125
80.566406 126.953125
78.125 126.953125
75.683594 126.953125
73.242188 126.953125
70.800781 126.953125
68.359375 124.511719
65.917969 124.511719
63.476563 122.070313
61.035156 122.070313
58.59375 119.628906
56.152344 119.628906
53.710938 117.1875
51.269531 117.1875
48.828125 114.746094
46.386719 112.304688
43.945313 112.304688
41.503906 109.863281
39.0625 109.863281
36.621094 107.421875
34.179688 107.421875
31.738281 104.980469
29.296875 102.539063
29.296875 100.097656
29.296875 97.65625
31.738281 95.214844
31.738281 92.773438
31.738281 90.332031
31.738281 87.890625
31.738281 85.449219
34.179688 83.007813
34.179688 80.566406
34.179688 78.125
36.621094 75.683594
39.0625 73.242188
41.503906 70.800781
43.945313 68.359375
43.945313 65.917969
46.386719 63.476563
48.828125 61.035156
51.269531 58.59375
53.710938 56.152344
53.710938 53.710938
56.152344 51.269531
58.59375 48.828125
61.035156 46.386719
63.476563 43.945313
65.917969 41.503906
68.359375 39.0625
70.800781 36.621094
73.242188 34.179688
75.683594 31.738281
78.125 29.296875
78.125 26.855469
80.566406 24.414063
83.007813 21.972656
83.007813 19.53125
