87.890625 300.292969
87.890625 302.734375
85.449219 305.175781
83.007813 305.175781
80.566406 305.175781
78.125 305.175781
75.683594 305.175781
73.242188 305.175781
70.800781 305.175781
68.359375 307.617188
65.917969 307.617188
63.476563 307.617188
61.035156 310.058594
58.59375 310.058594
56.152344 312.5
53.710938 312.5
51.269531 312.5
48.828125 312.5
46.386719 312.5
43.945313 314.941406
41.503906 314.941406
39.0625 312.5
36.621094 310.058594
36.621094 307.617188
36.621094 305.175781
36.621094 302.734375
36.621094 300.292969
34.179688 297.851563
31.738281 295.410156
29.296875 292.96875
26.855469 290.527344
24.414063 288.085938
21.972656 285.644531
21.972656 283.203125
21.972656 280.761719
21.972656 278.320313
21.972656 275.878906
21.972656 273.4375
21.972656 270.996094
24.414063 268.554688
24.414063 266.113281
26.855469 263.671875
26.855469 261.230469
29.296875 258.789063
29.296875 256.347656
31.738281 253.90625
31.738281 251.464844
31.738281 249.023438
31.738281 246.582031
31.738281 244.140625
31.738281 241.699219
34.179688 239.257813
34.179688 236.816406
34.179688 234.375
36.621094 231.933594
36.621094 229.492188
39.0625 227.050781
39.0625 224.609375
39.0625 222.167969
41.503906 219.726563
43.945313 217.285156
43.945313 214.84375
46.386719 212.402344
48.828125 209.960938
51.269531 207.519531
51.269531 205.078125
51.269531 202.636719
51.269531 200.195313
51.269531 197.753906
53.710938 195.3125
53.710938 192.871094
56.152344 190.429688
56.152344 187.988281
58.59375 185.546875
58.59375 183.105469
61.035156 180.664063
61.035156 178.222656
61.035156 175.78125
61.035156 173.339844
63.476563 170.898438
63.476563 168.457031
65.917969 166.015625
65.917969 163.574219
68.359375 161.132813
70.800781 158.691406
70.800781 156.25
70.800781 153.808594
73.242188 151.367188
73.242188 148.925781
73.242188 146.484375
75.683594 144.042969
75.683594 141.601563
78.125 139.160156
78.125 136.71875
80.566406 134.277344
80.566406 131.835938
80.566406 129.394531
80.566406 126.953125
80.566406 124.511719
80.566406 122.070313
80.566406 119.628906
78.125 117.1875
78.125 114.746094
78.125 112.304688
78.125 109.863281
78.125 107.421875
78.125 104.980469
75.683594 102.539063
75.683594 100.097656
75.683594 97.65625
75.683594 95.214844
75.683594 92.773438
75.683594 90.332031
78.125 87.890625
78.125 85.449219
78.125 83.007813
78.125 80.566406
78.125 78.125
80.566406 75.683594
80.566406 73.242188
80.566406 70.800781
80.566406 68.359375
80.566406 65.917969
80.566406 63.476563
80.566406 61.035156
80.566406 58.59375
78.125 56.152344
78.125 53.710938
78.125 51.269531
78.125 48.828125
78.125 46.386719
75.683594 43.945313
75.683594 41.503906
73.242188 39.0625
73.242188 36.621094
73.242188 34.179688
73.242188 31.738281
73.242188 29.296875
73.242188 26.855469
73.242188 24.414063
73.242188 21.972656
73.242188 19.53125
73.242188 17.089844
70.800781 14.648438
70.800781 12.207031
