117.1875 68.359375
114.746094 68.359375
112.304688 65.917969
109.863281 65.917969
107.421875 63.476563
104.980469 63.476563
102.539063 63.476563
100.097656 63.476563
97.65625 61.035156
95.214844 61.035156
92.773438 58.59375
90.332031 58.59375
87.890625 56.152344
85.449219 56.152344
83.007813 53.710938
80.566406 51.269531
78.125 51.269531
75.683594 48.828125
73.242188 46.386719
70.800781 43.945313
68.359375 43.945313
65.917969 41.503906
63.476563 41.503906
61.035156 39.0625
58.59375 39.0625
56.152344 39.0625
53.710938 36.621094
51.269531 36.621094
48.828125 34.179688
46.386719 34.179688
43.945313 31.738281
41.503906 29.296875
39.0625 29.296875
36.621094 26.855469
34.179688 24.414063
31.738281 24.414063
29.296875 21.972656
26.855469 21.972656
24.414063 21.972656
21.972656 21.972656
