246.582031 43.945313
244.140625 46.386719
241.699219 48.828125
239.257813 48.828125
236.816406 46.386719
234.375 46.386719
231.933594 43.945313
229.492188 43.945313
227.050781 43.945313
224.609375 43.945313
222.167969 43.945313
219.726563 41.503906
217.285156 41.503906
214.84375 41.503906
212.402344 41.503906
209.960938 41.503906
207.519531 41.503906
205.078125 41.503906
202.636719 41.503906
200.195313 39.0625
197.753906 39.0625
195.3125 39.0625
192.871094 39.0625
190.429688 39.0625
187.988281 39.0625
185.546875 39.0625
183.105469 39.0625
180.664063 36.621094
178.222656 36.621094
175.78125 36.621094
173.339844 34.179688
170.898438 34.179688
168.457031 34.179688
166.015625 31.738281
163.574219 31.738281
161.132813 31.738281
158.691406 31.738281
156.25 31.738281
153.808594 31.738281
151.367188 29.296875
148.925781 29.296875
146.484375 29.296875
144.042969 26.855469
141.601563 26.855469
139.160156 26.855469
136.71875 26.855469
134.277344 24.414063
131.835938 24.414063
129.394531 24.414063
126.953125 21.972656
124.511719 21.972656
122.070313 21.972656
119.628906 21.972656
117.1875 21.972656
114.746094 21.972656
112.304688 24.414063
109.863281 24.414063
107.421875 24.414063
104.980469 24.414063
102.539063 24.414063
100.097656 24.414063
97.65625 24.414063
95.214844 24.414063
92.773438 24.414063
90.332031 24.414063
87.890625 24.414063
85.449219 24.414063
83.007813 24.414063
80.566406 24.414063
78.125 21.972656
75.683594 21.972656
73.242188 21.972656
70.800781 21.972656
68.359375 21.972656
65.917969 21.972656
63.476563 21.972656
61.035156 24.414063
58.59375 24.414063
56.152344 26.855469
53.710938 26.855469
51.269531 26.855469
48.828125 26.855469
46.386719 26.855469
43.945313 29.296875
41.503906 29.296875
39.0625 29.296875
36.621094 31.738281
34.179688 31.738281
31.738281 34.179688
29.296875 34.179688
26.855469 36.621094
24.414063 36.621094
21.972656 36.621094
19.53125 39.0625
17.089844 39.0625
14.648438 41.503906
12.207031 41.503906
9.765625 41.503906
