17.089844 205.078125
17.089844 202.636719
17.089844 200.195313
19.53125 197.753906
19.53125 195.3125
21.972656 192.871094
21.972656 190.429688
21.972656 187.988281
21.972656 185.546875
21.972656 183.105469
21.972656 180.664063
21.972656 178.222656
21.972656 175.78125
21.972656 173.339844
21.972656 170.898438
21.972656 168.457031
21.972656 166.015625
21.972656 163.574219
19.53125 161.132813
19.53125 158.691406
19.53125 156.25
19.53125 153.808594
19.53125 151.367188
19.53125 148.925781
19.53125 146.484375
19.53125 144.042969
19.53125 141.601563
19.53125 139.160156
21.972656 136.71875
21.972656 134.277344
21.972656 131.835938
24.414063 129.394531
24.414063 126.953125
24.414063 124.511719
24.414063 122.070313
26.855469 119.628906
26.855469 117.1875
29.296875 114.746094
29.296875 112.304688
31.738281 109.863281
31.738281 107.421875
34.179688 104.980469
34.179688 102.539063
36.621094 100.097656
36.621094 97.65625
36.621094 95.214844
36.621094 92.773438
39.0625 90.332031
39.0625 87.890625
41.503906 85.449219
43.945313 83.007813
46.386719 80.566406
48.828125 78.125
48.828125 75.683594
51.269531 73.242188
53.710938 70.800781
53.710938 68.359375
56.152344 65.917969
58.59375 63.476563
58.59375 61.035156
61.035156 58.59375
63.476563 58.59375
65.917969 58.59375
68.359375 56.152344
70.800781 56.152344
73.242188 53.710938
75.683594 53.710938
78.125 51.269531
80.566406 51.269531
83.007813 48.828125
85.449219 46.386719
87.890625 43.945313
90.332031 41.503906
92.773438 39.0625
92.773438 36.621094
95.214844 34.179688
97.65625 31.738281
100.097656 29.296875
102.539063 29.296875
104.980469 26.855469
107.421875 26.855469
109.863281 26.855469
112.304688 26.855469
114.746094 24.414063
117.1875 24.414063
119.628906 21.972656
122.070313 21.972656
124.511719 21.972656
126.953125 19.53125
129.394531 19.53125
131.835938 19.53125
134.277344 17.089844
136.71875 17.089844
139.160156 17.089844
141.601563 17.089844
144.042969 17.089844
146.484375 17.089844
148.925781 17.089844
151.367188 17.089844
153.808594 17.089844
156.25 19.53125
158.691406 19.53125
161.132813 19.53125
163.574219 19.53125
166.015625 19.53125
168.457031 21.972656
170.898438 21.972656
173.339844 21.972656
175.78125 24.414063
178.222656 24.414063
180.664063 26.855469
183.105469 26.855469
185.546875 26.855469
187.988281 26.855469
190.429688 26.855469
192.871094 29.296875
195.3125 31.738281
197.753906 31.738281
200.195313 31.738281
202.636719 31.738281
