12.207031 231.933594
14.648438 229.492188
14.648438 227.050781
14.648438 224.609375
17.089844 222.167969
17.089844 219.726563
19.53125 217.285156
21.972656 214.84375
24.414063 212.402344
26.855469 209.960938
26.855469 207.519531
29.296875 205.078125
29.296875 202.636719
31.738281 200.195313
31.738281 197.753906
31.738281 195.3125
34.179688 192.871094
36.621094 190.429688
36.621094 187.988281
39.0625 185.546875
39.0625 183.105469
39.0625 180.664063
41.503906 178.222656
41.503906 175.78125
43.945313 173.339844
43.945313 170.898438
43.945313 168.457031
43.945313 166.015625
46.386719 163.574219
46.386719 161.132813
46.386719 158.691406
46.386719 156.25
48.828125 153.808594
48.828125 151.367188
51.269531 148.925781
51.269531 146.484375
53.710938 144.042969
53.710938 141.601563
53.710938 139.160156
53.710938 136.71875
53.710938 134.277344
56.152344 131.835938
56.152344 129.394531
56.152344 126.953125
58.59375 124.511719
58.59375 122.070313
58.59375 119.628906
58.59375 117.1875
58.59375 114.746094
58.59375 112.304688
61.035156 109.863281
61.035156 107.421875
63.476563 104.980469
63.476563 102.539063
63.476563 100.097656
63.476563 97.65625
65.917969 95.214844
65.917969 92.773438
65.917969 90.332031
65.917969 87.890625
68.359375 85.449219
68.359375 83.007813
68.359375 80.566406
70.800781 78.125
70.800781 75.683594
73.242188 73.242188
75.683594 70.800781
78.125 68.359375
80.566406 65.917969
80.566406 63.476563
80.566406 61.035156
83.007813 58.59375
83.007813 56.152344
85.449219 53.710938
85.449219 51.269531
85.449219 48.828125
87.890625 46.386719
87.890625 43.945313
90.332031 41.503906
90.332031 39.0625
92.773438 36.621094
95.214844 34.179688
95.214844 31.738281
97.65625 29.296875
97.65625 26.855469
100.097656 24.414063
100.097656 21.972656
102.539063 19.53125
102.539063 17.089844
