21.972656 92.773438
24.414063 90.332031
26.855469 90.332031
29.296875 87.890625
31.738281 87.890625
34.179688 85.449219
36.621094 85.449219
39.0625 85.449219
41.503906 83.007813
43.945313 80.566406
46.386719 78.125
48.828125 78.125
51.269531 75.683594
53.710938 73.242188
56.152344 70.800781
58.59375 68.359375
61.035156 68.359375
63.476563 65.917969
65.917969 65.917969
68.359375 63.476563
70.800781 61.035156
73.242188 58.59375
75.683594 56.152344
78.125 53.710938
80.566406 51.269531
83.007813 48.828125
83.007813 46.386719
83.007813 43.945313
85.449219 41.503906
87.890625 39.0625
90.332031 36.621094
90.332031 34.179688
92.773438 31.738281
95.214844 31.738281
97.65625 29.296875
100.097656 26.855469
102.539063 24.414063
104.980469 21.972656
107.421875 21.972656
109.863281 19.53125
