17.089844 117.1875
19.53125 114.746094
21.972656 112.304688
24.414063 109.863281
26.855469 107.421875
29.296875 104.980469
31.738281 102.539063
34.179688 100.097656
36.621094 97.65625
39.0625 95.214844
41.503906 92.773438
43.945313 90.332031
46.386719 87.890625
48.828125 85.449219
51.269531 83.007813
53.710938 80.566406
56.152344 78.125
58.59375 75.683594
61.035156 73.242188
63.476563 70.800781
63.476563 68.359375
65.917969 65.917969
68.359375 63.476563
68.359375 61.035156
70.800781 58.59375
73.242188 56.152344
75.683594 53.710938
78.125 51.269531
80.566406 48.828125
80.566406 46.386719
83.007813 43.945313
85.449219 41.503906
85.449219 39.0625
87.890625 36.621094
90.332031 34.179688
92.773438 31.738281
92.773438 29.296875
95.214844 26.855469
95.214844 24.414063
97.65625 21.972656
100.097656 19.53125
100.097656 17.089844
