87.890625 97.65625
90.332031 95.214844
92.773438 95.214844
95.214844 95.214844
97.65625 92.773438
100.097656 92.773438
102.539063 90.332031
104.980469 87.890625
107.421875 85.449219
109.863281 83.007813
109.863281 80.566406
107.421875 78.125
104.980469 78.125
102.539063 75.683594
100.097656 73.242188
97.65625 70.800781
95.214844 68.359375
92.773438 68.359375
90.332031 65.917969
87.890625 63.476563
85.449219 63.476563
83.007813 61.035156
80.566406 61.035156
78.125 58.59375
75.683594 56.152344
73.242188 56.152344
70.800781 56.152344
68.359375 53.710938
65.917969 53.710938
63.476563 53.710938
61.035156 51.269531
58.59375 51.269531
56.152344 51.269531
53.710938 48.828125
51.269531 48.828125
48.828125 46.386719
46.386719 43.945313
43.945313 43.945313
41.503906 41.503906
39.0625 41.503906
36.621094 41.503906
34.179688 43.945313
31.738281 46.386719
29.296875 48.828125
26.855469 51.269531
24.414063 53.710938
21.972656 56.152344
19.53125 56.152344
17.089844 56.152344
14.648438 58.59375
