114.746094 48.828125
112.304688 46.386719
109.863281 46.386719
107.421875 46.386719
104.980469 46.386719
102.539063 46.386719
100.097656 43.945313
97.65625 43.945313
95.214844 43.945313
92.773438 41.503906
90.332031 41.503906
87.890625 41.503906
85.449219 41.503906
83.007813 41.503906
80.566406 41.503906
78.125 39.0625
75.683594 39.0625
73.242188 39.0625
70.800781 36.621094
68.359375 36.621094
65.917969 36.621094
63.476563 34.179688
61.035156 34.179688
58.59375 34.179688
56.152344 34.179688
53.710938 34.179688
51.269531 31.738281
48.828125 31.738281
46.386719 31.738281
43.945313 31.738281
41.503906 31.738281
39.0625 31.738281
36.621094 29.296875
34.179688 29.296875
31.738281 26.855469
29.296875 24.414063
26.855469 24.414063
24.414063 21.972656
21.972656 21.972656
19.53125 19.53125
19.53125 17.089844
