14.648438 170.898438
14.648438 168.457031
14.648438 166.015625
14.648438 163.574219
14.648438 161.132813
14.648438 158.691406
17.089844 156.25
17.089844 153.808594
17.089844 151.367188
19.53125 148.925781
19.53125 146.484375
21.972656 144.042969
21.972656 141.601563
24.414063 139.160156
24.414063 136.71875
24.414063 134.277344
26.855469 131.835938
26.855469 129.394531
26.855469 126.953125
29.296875 124.511719
29.296875 122.070313
31.738281 119.628906
31.738281 117.1875
31.738281 114.746094
34.179688 112.304688
34.179688 109.863281
34.179688 107.421875
36.621094 104.980469
36.621094 102.539063
39.0625 100.097656
39.0625 97.65625
39.0625 95.214844
39.0625 92.773438
39.0625 90.332031
39.0625 87.890625
39.0625 85.449219
39.0625 83.007813
39.0625 80.566406
39.0625 78.125
39.0625 75.683594
39.0625 73.242188
39.0625 70.800781
39.0625 68.359375
41.503906 65.917969
41.503906 63.476563
41.503906 61.035156
41.503906 58.59375
41.503906 56.152344
39.0625 53.710938
39.0625 51.269531
36.621094 48.828125
36.621094 46.386719
36.621094 43.945313
36.621094 41.503906
36.621094 39.0625
36.621094 36.621094
34.179688 34.179688
34.179688 31.738281
34.179688 29.296875
31.738281 26.855469
31.738281 24.414063
31.738281 21.972656
29.296875 19.53125
