12.207031 58.59375
14.648438 56.152344
17.089844 53.710938
19.53125 51.269531
21.972656 51.269531
24.414063 48.828125
26.855469 48.828125
29.296875 48.828125
31.738281 48.828125
34.179688 46.386719
36.621094 46.386719
39.0625 43.945313
41.503906 41.503906
43.945313 39.0625
46.386719 36.621094
48.828125 34.179688
51.269531 34.179688
53.710938 31.738281
56.152344 31.738281
58.59375 31.738281
61.035156 31.738281
63.476563 31.738281
65.917969 31.738281
68.359375 31.738281
70.800781 29.296875
73.242188 29.296875
75.683594 26.855469
78.125 26.855469
80.566406 24.414063
83.007813 24.414063
85.449219 21.972656
87.890625 21.972656
90.332031 19.53125
92.773438 19.53125
95.214844 17.089844
97.65625 17.089844
100.097656 17.089844
102.539063 14.648438
104.980469 14.648438
107.421875 14.648438
109.863281 14.648438
112.304688 14.648438
