302.734375 183.105469
300.292969 183.105469
297.851563 183.105469
295.410156 180.664063
292.96875 180.664063
290.527344 180.664063
288.085938 180.664063
285.644531 180.664063
283.203125 178.222656
280.761719 178.222656
278.320313 178.222656
275.878906 178.222656
273.4375 175.78125
270.996094 175.78125
268.554688 175.78125
266.113281 173.339844
263.671875 173.339844
261.230469 170.898438
258.789063 170.898438
256.347656 170.898438
253.90625 168.457031
251.464844 168.457031
249.023438 168.457031
246.582031 168.457031
244.140625 166.015625
241.699219 168.457031
239.257813 166.015625
236.816406 166.015625
234.375 168.457031
231.933594 166.015625
229.492188 166.015625
227.050781 166.015625
224.609375 163.574219
222.167969 161.132813
219.726563 161.132813
217.285156 161.132813
214.84375 158.691406
212.402344 158.691406
209.960938 158.691406
207.519531 156.25
205.078125 156.25
202.636719 153.808594
200.195313 153.808594
197.753906 151.367188
195.3125 148.925781
192.871094 146.484375
190.429688 144.042969
187.988281 141.601563
185.546875 141.601563
183.105469 139.160156
180.664063 136.71875
178.222656 134.277344
175.78125 131.835938
173.339844 129.394531
170.898438 129.394531
168.457031 126.953125
166.015625 124.511719
163.574219 122.070313
161.132813 119.628906
158.691406 119.628906
156.25 117.1875
153.808594 117.1875
151.367188 117.1875
148.925781 114.746094
148.925781 112.304688
146.484375 109.863281
144.042969 107.421875
141.601563 104.980469
139.160156 102.539063
136.71875 100.097656
134.277344 97.65625
131.835938 95.214844
129.394531 92.773438
126.953125 90.332031
124.511719 87.890625
122.070313 85.449219
119.628906 83.007813
117.1875 83.007813
114.746094 80.566406
112.304688 78.125
109.863281 75.683594
107.421875 73.242188
104.980469 70.800781
102.539063 68.359375
100.097656 65.917969
97.65625 63.476563
95.214844 61.035156
92.773438 58.59375
90.332031 56.152344
87.890625 53.710938
85.449219 51.269531
83.007813 48.828125
80.566406 46.386719
78.125 43.945313
78.125 41.503906
75.683594 39.0625
73.242188 39.0625
70.800781 36.621094
68.359375 34.179688
65.917969 31.738281
63.476563 31.738281
61.035156 29.296875
58.59375 29.296875
56.152344 26.855469
53.710938 26.855469
51.269531 24.414063
48.828125 24.414063
46.386719 24.414063
43.945313 24.414063
41.503906 24.414063
39.0625 24.414063
36.621094 21.972656
34.179688 21.972656
31.738281 19.53125
29.296875 19.53125
26.855469 17.089844
24.414063 14.648438
21.972656 14.648438
19.53125 12.207031
17.089844 12.207031
14.648438 9.765625
12.207031 9.765625
9.765625 12.207031
