12.207031 68.359375
14.648438 65.917969
17.089844 63.476563
19.53125 63.476563
21.972656 63.476563
24.414063 61.035156
26.855469 61.035156
29.296875 58.59375
31.738281 56.152344
34.179688 56.152344
36.621094 53.710938
39.0625 51.269531
41.503906 48.828125
43.945313 46.386719
46.386719 43.945313
48.828125 43.945313
51.269531 41.503906
53.710938 41.503906
56.152344 39.0625
58.59375 39.0625
61.035156 36.621094
63.476563 34.179688
65.917969 34.179688
68.359375 31.738281
70.800781 31.738281
73.242188 29.296875
75.683594 29.296875
78.125 26.855469
80.566406 24.414063
83.007813 21.972656
85.449219 21.972656
87.890625 21.972656
90.332031 19.53125
92.773438 17.089844
95.214844 14.648438
97.65625 12.207031
