12.207031 151.367188
12.207031 148.925781
12.207031 146.484375
14.648438 144.042969
14.648438 141.601563
14.648438 139.160156
14.648438 136.71875
14.648438 134.277344
14.648438 131.835938
14.648438 129.394531
14.648438 126.953125
14.648438 124.511719
14.648438 122.070313
14.648438 119.628906
14.648438 117.1875
14.648438 114.746094
14.648438 112.304688
17.089844 109.863281
17.089844 107.421875
19.53125 104.980469
19.53125 102.539063
19.53125 100.097656
19.53125 97.65625
21.972656 95.214844
21.972656 92.773438
21.972656 90.332031
24.414063 87.890625
24.414063 85.449219
24.414063 83.007813
24.414063 80.566406
24.414063 78.125
26.855469 75.683594
26.855469 73.242188
26.855469 70.800781
26.855469 68.359375
26.855469 65.917969
26.855469 63.476563
26.855469 61.035156
26.855469 58.59375
26.855469 56.152344
26.855469 53.710938
26.855469 51.269531
26.855469 48.828125
26.855469 46.386719
26.855469 43.945313
26.855469 41.503906
26.855469 39.0625
26.855469 36.621094
26.855469 34.179688
26.855469 31.738281
29.296875 29.296875
29.296875 26.855469
26.855469 24.414063
26.855469 21.972656
24.414063 19.53125
24.414063 17.089844
24.414063 14.648438
24.414063 12.207031
