122.070313 209.960938
122.070313 207.519531
122.070313 205.078125
119.628906 202.636719
119.628906 200.195313
117.1875 197.753906
117.1875 195.3125
117.1875 192.871094
114.746094 190.429688
112.304688 187.988281
112.304688 185.546875
109.863281 183.105469
109.863281 180.664063
107.421875 178.222656
104.980469 175.78125
102.539063 173.339844
102.539063 170.898438
100.097656 168.457031
97.65625 166.015625
95.214844 163.574219
95.214844 161.132813
92.773438 158.691406
90.332031 156.25
90.332031 153.808594
87.890625 151.367188
87.890625 148.925781
87.890625 146.484375
85.449219 144.042969
85.449219 141.601563
83.007813 139.160156
83.007813 136.71875
80.566406 134.277344
78.125 131.835938
78.125 129.394531
75.683594 126.953125
75.683594 124.511719
73.242188 122.070313
73.242188 119.628906
73.242188 117.1875
70.800781 114.746094
70.800781 112.304688
70.800781 109.863281
68.359375 107.421875
68.359375 104.980469
68.359375 102.539063
68.359375 100.097656
68.359375 97.65625
68.359375 95.214844
68.359375 92.773438
68.359375 90.332031
68.359375 87.890625
65.917969 85.449219
65.917969 83.007813
65.917969 80.566406
65.917969 78.125
65.917969 75.683594
65.917969 73.242188
65.917969 70.800781
65.917969 68.359375
65.917969 65.917969
65.917969 63.476563
65.917969 61.035156
65.917969 58.59375
65.917969 56.152344
65.917969 53.710938
63.476563 51.269531
63.476563 48.828125
63.476563 46.386719
63.476563 43.945313
63.476563 41.503906
63.476563 39.0625
61.035156 36.621094
61.035156 34.179688
58.59375 31.738281
56.152344 29.296875
53.710938 26.855469
51.269531 24.414063
48.828125 24.414063
46.386719 26.855469
43.945313 29.296875
41.503906 31.738281
39.0625 34.179688
36.621094 34.179688
34.179688 36.621094
31.738281 36.621094
29.296875 36.621094
26.855469 36.621094
24.414063 39.0625
24.414063 41.503906
24.414063 43.945313
24.414063 46.386719
24.414063 48.828125
21.972656 51.269531
21.972656 53.710938
