119.628906 34.179688
117.1875 34.179688
114.746094 31.738281
112.304688 31.738281
109.863281 31.738281
107.421875 31.738281
104.980469 31.738281
102.539063 31.738281
100.097656 31.738281
97.65625 31.738281
95.214844 31.738281
92.773438 31.738281
90.332031 31.738281
87.890625 31.738281
85.449219 31.738281
83.007813 31.738281
80.566406 31.738281
78.125 31.738281
75.683594 31.738281
73.242188 31.738281
70.800781 31.738281
68.359375 29.296875
65.917969 29.296875
63.476563 29.296875
61.035156 29.296875
58.59375 29.296875
56.152344 29.296875
53.710938 29.296875
51.269531 29.296875
48.828125 29.296875
46.386719 26.855469
43.945313 26.855469
41.503906 26.855469
39.0625 26.855469
36.621094 26.855469
34.179688 24.414063
31.738281 24.414063
29.296875 21.972656
26.855469 21.972656
24.414063 19.53125
21.972656 19.53125
19.53125 19.53125
