63.476563 104.980469
63.476563 102.539063
61.035156 100.097656
58.59375 97.65625
56.152344 97.65625
53.710938 95.214844
53.710938 92.773438
51.269531 90.332031
48.828125 87.890625
46.386719 85.449219
43.945313 83.007813
43.945313 80.566406
41.503906 78.125
39.0625 75.683594
39.0625 73.242188
36.621094 70.800781
34.179688 68.359375
34.179688 65.917969
31.738281 63.476563
31.738281 61.035156
29.296875 58.59375
29.296875 56.152344
26.855469 53.710938
26.855469 51.269531
26.855469 48.828125
24.414063 46.386719
24.414063 43.945313
21.972656 41.503906
21.972656 39.0625
19.53125 36.621094
19.53125 34.179688
19.53125 31.738281
17.089844 29.296875
17.089844 26.855469
14.648438 24.414063
14.648438 21.972656
14.648438 19.53125
14.648438 17.089844
14.648438 14.648438
14.648438 12.207031
14.648438 9.765625
