31.738281 100.097656
29.296875 97.65625
29.296875 95.214844
29.296875 92.773438
29.296875 90.332031
26.855469 87.890625
26.855469 85.449219
26.855469 83.007813
24.414063 80.566406
24.414063 78.125
24.414063 75.683594
24.414063 73.242188
21.972656 70.800781
21.972656 68.359375
21.972656 65.917969
19.53125 63.476563
19.53125 61.035156
19.53125 58.59375
19.53125 56.152344
19.53125 53.710938
19.53125 51.269531
19.53125 48.828125
19.53125 46.386719
19.53125 43.945313
19.53125 41.503906
19.53125 39.0625
17.089844 36.621094
17.089844 34.179688
17.089844 31.738281
17.089844 29.296875
17.089844 26.855469
17.089844 24.414063
19.53125 21.972656
19.53125 19.53125
19.53125 17.089844
19.53125 14.648438
