85.449219 151.367188
85.449219 148.925781
83.007813 146.484375
83.007813 144.042969
83.007813 141.601563
80.566406 139.160156
78.125 136.71875
78.125 134.277344
75.683594 131.835938
75.683594 129.394531
75.683594 126.953125
73.242188 124.511719
73.242188 122.070313
70.800781 119.628906
70.800781 117.1875
68.359375 114.746094
68.359375 112.304688
65.917969 109.863281
65.917969 107.421875
65.917969 104.980469
63.476563 102.539063
61.035156 100.097656
58.59375 97.65625
56.152344 95.214844
56.152344 92.773438
53.710938 90.332031
51.269531 87.890625
51.269531 85.449219
48.828125 83.007813
48.828125 80.566406
46.386719 78.125
46.386719 75.683594
43.945313 73.242188
46.386719 70.800781
46.386719 68.359375
43.945313 65.917969
43.945313 63.476563
43.945313 61.035156
43.945313 58.59375
41.503906 56.152344
41.503906 53.710938
39.0625 51.269531
36.621094 48.828125
36.621094 46.386719
34.179688 43.945313
31.738281 41.503906
29.296875 39.0625
26.855469 36.621094
26.855469 34.179688
24.414063 31.738281
24.414063 29.296875
21.972656 26.855469
21.972656 24.414063
19.53125 21.972656
19.53125 19.53125
