19.53125 46.386719
21.972656 46.386719
24.414063 46.386719
26.855469 46.386719
29.296875 46.386719
31.738281 46.386719
34.179688 46.386719
36.621094 46.386719
39.0625 46.386719
41.503906 43.945313
43.945313 43.945313
46.386719 43.945313
48.828125 43.945313
51.269531 46.386719
53.710938 48.828125
56.152344 48.828125
58.59375 51.269531
61.035156 51.269531
63.476563 53.710938
65.917969 56.152344
68.359375 56.152344
70.800781 58.59375
73.242188 58.59375
75.683594 58.59375
78.125 61.035156
80.566406 61.035156
83.007813 61.035156
85.449219 61.035156
87.890625 63.476563
90.332031 63.476563
92.773438 63.476563
95.214844 63.476563
97.65625 63.476563
100.097656 63.476563
102.539063 63.476563
104.980469 65.917969
107.421875 65.917969
109.863281 65.917969
112.304688 65.917969
114.746094 68.359375
117.1875 68.359375
119.628906 68.359375
122.070313 68.359375
124.511719 68.359375
126.953125 68.359375
129.394531 68.359375
131.835938 68.359375
134.277344 68.359375
136.71875 70.800781
139.160156 70.800781
141.601563 70.800781
144.042969 70.800781
146.484375 73.242188
148.925781 73.242188
151.367188 73.242188
153.808594 70.800781
156.25 73.242188
158.691406 70.800781
161.132813 70.800781
163.574219 70.800781
166.015625 70.800781
168.457031 70.800781
170.898438 70.800781
173.339844 70.800781
175.78125 73.242188
178.222656 70.800781
180.664063 70.800781
183.105469 73.242188
185.546875 73.242188
187.988281 73.242188
190.429688 73.242188
192.871094 75.683594
195.3125 75.683594
197.753906 75.683594
200.195313 75.683594
202.636719 75.683594
205.078125 75.683594
207.519531 75.683594
209.960938 75.683594
212.402344 75.683594
214.84375 75.683594
217.285156 75.683594
219.726563 75.683594
222.167969 75.683594
224.609375 75.683594
227.050781 75.683594
229.492188 75.683594
231.933594 73.242188
234.375 73.242188
236.816406 73.242188
239.257813 70.800781
241.699219 68.359375
244.140625 68.359375
246.582031 65.917969
249.023438 63.476563
251.464844 63.476563
253.90625 61.035156
256.347656 61.035156
258.789063 58.59375
261.230469 58.59375
263.671875 56.152344
266.113281 56.152344
268.554688 53.710938
268.554688 51.269531
270.996094 48.828125
270.996094 46.386719
270.996094 43.945313
270.996094 41.503906
270.996094 39.0625
270.996094 36.621094
270.996094 34.179688
268.554688 31.738281
268.554688 29.296875
268.554688 26.855469
268.554688 24.414063
268.554688 21.972656
270.996094 19.53125
273.4375 17.089844
273.4375 14.648438
