46.386719 114.746094
46.386719 112.304688
46.386719 109.863281
43.945313 107.421875
43.945313 104.980469
41.503906 102.539063
41.503906 100.097656
41.503906 97.65625
41.503906 95.214844
41.503906 92.773438
39.0625 90.332031
39.0625 87.890625
39.0625 85.449219
39.0625 83.007813
39.0625 80.566406
39.0625 78.125
39.0625 75.683594
39.0625 73.242188
39.0625 70.800781
36.621094 68.359375
36.621094 65.917969
34.179688 63.476563
31.738281 61.035156
31.738281 58.59375
29.296875 56.152344
26.855469 53.710938
26.855469 51.269531
24.414063 48.828125
24.414063 46.386719
21.972656 43.945313
21.972656 41.503906
21.972656 39.0625
21.972656 36.621094
19.53125 34.179688
19.53125 31.738281
19.53125 29.296875
19.53125 26.855469
17.089844 24.414063
17.089844 21.972656
14.648438 19.53125
14.648438 17.089844
14.648438 14.648438
12.207031 12.207031
12.207031 9.765625
12.207031 7.324219
9.765625 4.882813
9.765625 2.441406
