109.863281 34.179688
107.421875 34.179688
104.980469 34.179688
102.539063 31.738281
100.097656 31.738281
97.65625 31.738281
95.214844 31.738281
92.773438 31.738281
90.332031 31.738281
87.890625 31.738281
85.449219 29.296875
83.007813 29.296875
80.566406 29.296875
78.125 29.296875
75.683594 29.296875
73.242188 26.855469
70.800781 26.855469
68.359375 24.414063
65.917969 24.414063
63.476563 24.414063
61.035156 24.414063
58.59375 24.414063
56.152344 24.414063
53.710938 24.414063
51.269531 24.414063
48.828125 24.414063
46.386719 26.855469
43.945313 26.855469
41.503906 26.855469
39.0625 29.296875
36.621094 29.296875
34.179688 29.296875
31.738281 29.296875
29.296875 29.296875
