12.207031 85.449219
12.207031 83.007813
14.648438 80.566406
14.648438 78.125
14.648438 75.683594
17.089844 73.242188
17.089844 70.800781
19.53125 68.359375
21.972656 65.917969
21.972656 63.476563
24.414063 61.035156
26.855469 58.59375
29.296875 56.152344
29.296875 53.710938
31.738281 51.269531
31.738281 48.828125
31.738281 46.386719
31.738281 43.945313
31.738281 41.503906
34.179688 39.0625
34.179688 36.621094
36.621094 34.179688
36.621094 31.738281
39.0625 29.296875
39.0625 26.855469
41.503906 24.414063
41.503906 21.972656
43.945313 19.53125
46.386719 17.089844
48.828125 14.648438
48.828125 12.207031
51.269531 9.765625
51.269531 7.324219
