41.503906 122.070313
41.503906 119.628906
41.503906 117.1875
41.503906 114.746094
41.503906 112.304688
39.0625 109.863281
39.0625 107.421875
39.0625 104.980469
39.0625 102.539063
39.0625 100.097656
39.0625 97.65625
39.0625 95.214844
39.0625 92.773438
39.0625 90.332031
39.0625 87.890625
39.0625 85.449219
39.0625 83.007813
39.0625 80.566406
39.0625 78.125
39.0625 75.683594
39.0625 73.242188
39.0625 70.800781
39.0625 68.359375
39.0625 65.917969
36.621094 63.476563
36.621094 61.035156
36.621094 58.59375
34.179688 56.152344
34.179688 53.710938
34.179688 51.269531
34.179688 48.828125
31.738281 46.386719
29.296875 43.945313
29.296875 41.503906
29.296875 39.0625
31.738281 36.621094
31.738281 34.179688
31.738281 31.738281
29.296875 29.296875
29.296875 26.855469
26.855469 24.414063
24.414063 24.414063
21.972656 21.972656
19.53125 19.53125
19.53125 17.089844
