112.304688 31.738281
109.863281 31.738281
107.421875 31.738281
104.980469 34.179688
102.539063 31.738281
100.097656 31.738281
97.65625 31.738281
95.214844 31.738281
92.773438 31.738281
90.332031 31.738281
87.890625 31.738281
85.449219 31.738281
83.007813 29.296875
80.566406 29.296875
78.125 29.296875
75.683594 29.296875
73.242188 29.296875
70.800781 29.296875
68.359375 29.296875
65.917969 29.296875
63.476563 29.296875
61.035156 29.296875
58.59375 26.855469
56.152344 26.855469
53.710938 24.414063
51.269531 24.414063
48.828125 21.972656
46.386719 21.972656
43.945313 19.53125
41.503906 19.53125
39.0625 19.53125
36.621094 19.53125
34.179688 19.53125
31.738281 19.53125
29.296875 19.53125
26.855469 19.53125
24.414063 19.53125
21.972656 19.53125
19.53125 19.53125
17.089844 17.089844
14.648438 14.648438
12.207031 14.648438
