122.070313 85.449219
119.628906 83.007813
117.1875 80.566406
114.746094 80.566406
112.304688 78.125
109.863281 75.683594
107.421875 75.683594
104.980469 73.242188
102.539063 70.800781
100.097656 70.800781
97.65625 68.359375
95.214844 65.917969
92.773438 63.476563
90.332031 61.035156
87.890625 58.59375
85.449219 58.59375
83.007813 56.152344
80.566406 53.710938
78.125 53.710938
75.683594 51.269531
73.242188 48.828125
70.800781 46.386719
68.359375 46.386719
65.917969 43.945313
63.476563 43.945313
61.035156 41.503906
58.59375 41.503906
56.152344 39.0625
53.710938 39.0625
51.269531 36.621094
48.828125 36.621094
46.386719 34.179688
43.945313 31.738281
41.503906 31.738281
39.0625 29.296875
36.621094 29.296875
34.179688 26.855469
31.738281 26.855469
29.296875 26.855469
26.855469 24.414063
24.414063 24.414063
21.972656 21.972656
19.53125 19.53125
19.53125 17.089844
