9.765625 68.359375
9.765625 65.917969
12.207031 63.476563
12.207031 61.035156
14.648438 58.59375
17.089844 56.152344
19.53125 53.710938
21.972656 51.269531
24.414063 48.828125
26.855469 46.386719
29.296875 43.945313
31.738281 43.945313
34.179688 43.945313
36.621094 43.945313
39.0625 41.503906
41.503906 41.503906
43.945313 41.503906
46.386719 39.0625
48.828125 36.621094
51.269531 36.621094
53.710938 34.179688
56.152344 31.738281
58.59375 31.738281
61.035156 29.296875
63.476563 29.296875
65.917969 26.855469
68.359375 24.414063
70.800781 21.972656
73.242188 21.972656
75.683594 19.53125
78.125 19.53125
80.566406 17.089844
83.007813 14.648438
