56.152344 87.890625
56.152344 85.449219
53.710938 83.007813
53.710938 80.566406
51.269531 78.125
51.269531 75.683594
48.828125 73.242188
46.386719 70.800781
46.386719 68.359375
46.386719 65.917969
43.945313 63.476563
41.503906 61.035156
39.0625 58.59375
39.0625 56.152344
36.621094 53.710938
34.179688 51.269531
34.179688 48.828125
31.738281 46.386719
29.296875 43.945313
26.855469 41.503906
26.855469 39.0625
24.414063 36.621094
24.414063 34.179688
24.414063 31.738281
21.972656 29.296875
21.972656 26.855469
21.972656 24.414063
19.53125 21.972656
19.53125 19.53125
17.089844 17.089844
17.089844 14.648438
