14.648438 29.296875
17.089844 29.296875
19.53125 29.296875
21.972656 26.855469
24.414063 26.855469
26.855469 24.414063
29.296875 24.414063
31.738281 24.414063
34.179688 24.414063
36.621094 24.414063
39.0625 24.414063
41.503906 24.414063
43.945313 24.414063
46.386719 21.972656
48.828125 21.972656
51.269531 21.972656
53.710938 21.972656
56.152344 21.972656
58.59375 21.972656
61.035156 21.972656
63.476563 19.53125
65.917969 19.53125
68.359375 19.53125
70.800781 19.53125
73.242188 19.53125
75.683594 19.53125
78.125 19.53125
80.566406 19.53125
83.007813 19.53125
85.449219 17.089844
87.890625 17.089844
90.332031 17.089844
92.773438 17.089844
