24.414063 170.898438
24.414063 168.457031
21.972656 166.015625
19.53125 163.574219
19.53125 161.132813
19.53125 158.691406
17.089844 156.25
17.089844 153.808594
17.089844 151.367188
17.089844 148.925781
19.53125 146.484375
19.53125 144.042969
19.53125 141.601563
21.972656 139.160156
21.972656 136.71875
21.972656 134.277344
21.972656 131.835938
21.972656 129.394531
24.414063 126.953125
24.414063 124.511719
24.414063 122.070313
24.414063 119.628906
26.855469 117.1875
26.855469 114.746094
26.855469 112.304688
26.855469 109.863281
29.296875 107.421875
29.296875 104.980469
31.738281 102.539063
31.738281 100.097656
34.179688 97.65625
34.179688 95.214844
34.179688 92.773438
36.621094 90.332031
36.621094 87.890625
39.0625 85.449219
41.503906 83.007813
41.503906 80.566406
43.945313 78.125
43.945313 75.683594
46.386719 73.242188
46.386719 70.800781
48.828125 68.359375
48.828125 65.917969
51.269531 63.476563
51.269531 61.035156
53.710938 58.59375
53.710938 56.152344
53.710938 53.710938
56.152344 51.269531
56.152344 48.828125
56.152344 46.386719
58.59375 43.945313
61.035156 41.503906
61.035156 39.0625
61.035156 36.621094
61.035156 34.179688
61.035156 31.738281
61.035156 29.296875
61.035156 26.855469
61.035156 24.414063
63.476563 21.972656
63.476563 19.53125
63.476563 17.089844
63.476563 14.648438
