17.089844 80.566406
17.089844 78.125
17.089844 75.683594
14.648438 73.242188
14.648438 70.800781
14.648438 68.359375
17.089844 65.917969
17.089844 63.476563
17.089844 61.035156
17.089844 58.59375
17.089844 56.152344
19.53125 53.710938
19.53125 51.269531
19.53125 48.828125
19.53125 46.386719
19.53125 43.945313
21.972656 41.503906
21.972656 39.0625
21.972656 36.621094
24.414063 34.179688
24.414063 31.738281
24.414063 29.296875
24.414063 26.855469
24.414063 24.414063
26.855469 21.972656
26.855469 19.53125
26.855469 17.089844
26.855469 14.648438
