17.089844 73.242188
19.53125 70.800781
19.53125 68.359375
19.53125 65.917969
19.53125 63.476563
21.972656 61.035156
21.972656 58.59375
24.414063 56.152344
26.855469 53.710938
26.855469 51.269531
29.296875 48.828125
29.296875 46.386719
29.296875 43.945313
31.738281 41.503906
31.738281 39.0625
31.738281 36.621094
31.738281 34.179688
34.179688 31.738281
34.179688 29.296875
34.179688 26.855469
36.621094 24.414063
36.621094 21.972656
36.621094 19.53125
36.621094 17.089844
36.621094 14.648438
39.0625 12.207031
