80.566406 53.710938
78.125 53.710938
75.683594 53.710938
73.242188 51.269531
70.800781 51.269531
68.359375 48.828125
65.917969 46.386719
63.476563 46.386719
61.035156 43.945313
58.59375 41.503906
56.152344 39.0625
53.710938 39.0625
51.269531 36.621094
48.828125 34.179688
46.386719 31.738281
43.945313 29.296875
41.503906 26.855469
39.0625 24.414063
36.621094 24.414063
34.179688 21.972656
31.738281 21.972656
29.296875 19.53125
26.855469 19.53125
24.414063 17.089844
21.972656 17.089844
19.53125 17.089844
17.089844 14.648438
