180.664063 43.945313
178.222656 43.945313
175.78125 43.945313
173.339844 43.945313
170.898438 46.386719
168.457031 46.386719
166.015625 46.386719
163.574219 48.828125
161.132813 48.828125
158.691406 48.828125
156.25 48.828125
153.808594 48.828125
151.367188 51.269531
148.925781 51.269531
146.484375 51.269531
144.042969 51.269531
141.601563 51.269531
139.160156 53.710938
136.71875 53.710938
134.277344 53.710938
131.835938 53.710938
129.394531 53.710938
126.953125 53.710938
124.511719 53.710938
122.070313 53.710938
119.628906 53.710938
117.1875 53.710938
114.746094 53.710938
112.304688 53.710938
109.863281 53.710938
107.421875 53.710938
104.980469 53.710938
102.539063 53.710938
100.097656 53.710938
97.65625 53.710938
95.214844 53.710938
92.773438 53.710938
90.332031 53.710938
87.890625 53.710938
85.449219 51.269531
83.007813 51.269531
80.566406 51.269531
78.125 51.269531
75.683594 48.828125
73.242188 48.828125
70.800781 46.386719
68.359375 43.945313
65.917969 43.945313
63.476563 43.945313
61.035156 41.503906
58.59375 41.503906
56.152344 41.503906
53.710938 39.0625
51.269531 39.0625
48.828125 36.621094
46.386719 36.621094
43.945313 36.621094
41.503906 34.179688
39.0625 31.738281
36.621094 31.738281
34.179688 29.296875
31.738281 29.296875
29.296875 26.855469
26.855469 24.414063
24.414063 21.972656
21.972656 21.972656
