12.207031 56.152344
14.648438 56.152344
17.089844 56.152344
19.53125 58.59375
21.972656 58.59375
24.414063 58.59375
26.855469 58.59375
29.296875 58.59375
31.738281 58.59375
34.179688 58.59375
36.621094 61.035156
39.0625 61.035156
41.503906 61.035156
43.945313 61.035156
46.386719 61.035156
48.828125 63.476563
51.269531 63.476563
53.710938 63.476563
56.152344 63.476563
58.59375 63.476563
61.035156 65.917969
63.476563 65.917969
65.917969 65.917969
68.359375 68.359375
70.800781 68.359375
73.242188 68.359375
75.683594 68.359375
78.125 68.359375
80.566406 70.800781
83.007813 70.800781
85.449219 70.800781
87.890625 70.800781
90.332031 73.242188
92.773438 73.242188
95.214844 73.242188
97.65625 73.242188
100.097656 75.683594
102.539063 75.683594
104.980469 75.683594
107.421875 75.683594
109.863281 75.683594
112.304688 75.683594
114.746094 75.683594
117.1875 75.683594
119.628906 73.242188
122.070313 73.242188
124.511719 73.242188
126.953125 70.800781
129.394531 70.800781
131.835938 70.800781
134.277344 68.359375
136.71875 68.359375
139.160156 68.359375
141.601563 65.917969
144.042969 63.476563
146.484375 61.035156
148.925781 61.035156
151.367188 61.035156
153.808594 61.035156
156.25 58.59375
158.691406 56.152344
158.691406 53.710938
158.691406 51.269531
158.691406 48.828125
158.691406 46.386719
158.691406 43.945313
158.691406 41.503906
156.25 39.0625
156.25 36.621094
153.808594 34.179688
151.367188 31.738281
148.925781 29.296875
146.484375 26.855469
144.042969 24.414063
141.601563 21.972656
141.601563 19.53125
141.601563 17.089844
