73.242188 173.339844
73.242188 170.898438
70.800781 168.457031
68.359375 166.015625
68.359375 163.574219
68.359375 161.132813
65.917969 158.691406
65.917969 156.25
65.917969 153.808594
65.917969 151.367188
63.476563 148.925781
63.476563 146.484375
63.476563 144.042969
61.035156 141.601563
58.59375 139.160156
58.59375 136.71875
56.152344 134.277344
56.152344 131.835938
53.710938 129.394531
53.710938 126.953125
53.710938 124.511719
51.269531 122.070313
51.269531 119.628906
51.269531 117.1875
48.828125 114.746094
48.828125 112.304688
46.386719 109.863281
46.386719 107.421875
43.945313 104.980469
43.945313 102.539063
41.503906 100.097656
39.0625 97.65625
39.0625 95.214844
39.0625 92.773438
36.621094 90.332031
36.621094 87.890625
34.179688 85.449219
34.179688 83.007813
31.738281 80.566406
31.738281 78.125
29.296875 75.683594
29.296875 73.242188
29.296875 70.800781
26.855469 68.359375
26.855469 65.917969
26.855469 63.476563
26.855469 61.035156
24.414063 58.59375
24.414063 56.152344
24.414063 53.710938
24.414063 51.269531
21.972656 48.828125
21.972656 46.386719
21.972656 43.945313
19.53125 41.503906
19.53125 39.0625
19.53125 36.621094
19.53125 34.179688
19.53125 31.738281
19.53125 29.296875
19.53125 26.855469
17.089844 24.414063
17.089844 21.972656
17.089844 19.53125
17.089844 17.089844
17.089844 14.648438
