104.980469 26.855469
102.539063 26.855469
100.097656 29.296875
97.65625 29.296875
95.214844 29.296875
92.773438 29.296875
90.332031 29.296875
87.890625 26.855469
85.449219 26.855469
83.007813 26.855469
80.566406 26.855469
78.125 26.855469
75.683594 26.855469
73.242188 24.414063
70.800781 24.414063
68.359375 24.414063
65.917969 24.414063
63.476563 24.414063
61.035156 21.972656
58.59375 21.972656
56.152344 21.972656
53.710938 21.972656
51.269531 21.972656
48.828125 21.972656
46.386719 19.53125
43.945313 19.53125
41.503906 19.53125
39.0625 19.53125
36.621094 19.53125
34.179688 19.53125
31.738281 17.089844
29.296875 17.089844
26.855469 17.089844
24.414063 17.089844
21.972656 17.089844
19.53125 17.089844
