14.648438 126.953125
14.648438 124.511719
14.648438 122.070313
14.648438 119.628906
14.648438 117.1875
14.648438 114.746094
17.089844 112.304688
17.089844 109.863281
17.089844 107.421875
17.089844 104.980469
17.089844 102.539063
17.089844 100.097656
17.089844 97.65625
19.53125 95.214844
19.53125 92.773438
19.53125 90.332031
21.972656 87.890625
21.972656 85.449219
21.972656 83.007813
21.972656 80.566406
21.972656 78.125
21.972656 75.683594
21.972656 73.242188
21.972656 70.800781
21.972656 68.359375
24.414063 65.917969
24.414063 63.476563
24.414063 61.035156
24.414063 58.59375
24.414063 56.152344
24.414063 53.710938
24.414063 51.269531
26.855469 48.828125
26.855469 46.386719
29.296875 43.945313
29.296875 41.503906
29.296875 39.0625
29.296875 36.621094
29.296875 34.179688
31.738281 31.738281
31.738281 29.296875
31.738281 26.855469
31.738281 24.414063
31.738281 21.972656
34.179688 19.53125
34.179688 17.089844
36.621094 14.648438
36.621094 12.207031
