112.304688 43.945313
109.863281 43.945313
107.421875 41.503906
104.980469 39.0625
102.539063 39.0625
100.097656 36.621094
97.65625 36.621094
95.214844 36.621094
92.773438 34.179688
90.332031 34.179688
87.890625 34.179688
85.449219 31.738281
83.007813 31.738281
80.566406 31.738281
78.125 29.296875
75.683594 29.296875
73.242188 29.296875
70.800781 26.855469
68.359375 26.855469
65.917969 26.855469
63.476563 26.855469
61.035156 24.414063
58.59375 24.414063
56.152344 24.414063
53.710938 21.972656
51.269531 21.972656
48.828125 21.972656
46.386719 21.972656
43.945313 21.972656
41.503906 21.972656
39.0625 21.972656
36.621094 19.53125
34.179688 19.53125
31.738281 19.53125
29.296875 19.53125
26.855469 19.53125
24.414063 19.53125
21.972656 19.53125
19.53125 19.53125
17.089844 17.089844
14.648438 14.648438
12.207031 12.207031
12.207031 9.765625
