19.53125 258.789063
19.53125 256.347656
19.53125 253.90625
21.972656 251.464844
21.972656 249.023438
21.972656 246.582031
21.972656 244.140625
24.414063 241.699219
24.414063 239.257813
24.414063 236.816406
26.855469 234.375
26.855469 231.933594
26.855469 229.492188
29.296875 227.050781
29.296875 224.609375
29.296875 222.167969
31.738281 219.726563
34.179688 217.285156
34.179688 214.84375
36.621094 212.402344
39.0625 209.960938
39.0625 207.519531
39.0625 205.078125
39.0625 202.636719
39.0625 200.195313
39.0625 197.753906
39.0625 195.3125
39.0625 192.871094
41.503906 190.429688
41.503906 187.988281
41.503906 185.546875
41.503906 183.105469
41.503906 180.664063
41.503906 178.222656
41.503906 175.78125
41.503906 173.339844
43.945313 170.898438
43.945313 168.457031
43.945313 166.015625
43.945313 163.574219
43.945313 161.132813
43.945313 158.691406
43.945313 156.25
43.945313 153.808594
43.945313 151.367188
43.945313 148.925781
43.945313 146.484375
46.386719 144.042969
46.386719 141.601563
48.828125 139.160156
48.828125 136.71875
48.828125 134.277344
51.269531 131.835938
51.269531 129.394531
51.269531 126.953125
53.710938 124.511719
53.710938 122.070313
53.710938 119.628906
56.152344 117.1875
56.152344 114.746094
56.152344 112.304688
58.59375 109.863281
58.59375 107.421875
58.59375 104.980469
58.59375 102.539063
61.035156 100.097656
61.035156 97.65625
63.476563 95.214844
63.476563 92.773438
63.476563 90.332031
65.917969 87.890625
65.917969 85.449219
65.917969 83.007813
65.917969 80.566406
65.917969 78.125
68.359375 75.683594
68.359375 73.242188
68.359375 70.800781
70.800781 68.359375
70.800781 65.917969
73.242188 63.476563
73.242188 61.035156
73.242188 58.59375
75.683594 56.152344
75.683594 53.710938
75.683594 51.269531
75.683594 48.828125
75.683594 46.386719
75.683594 43.945313
78.125 41.503906
78.125 39.0625
78.125 36.621094
80.566406 34.179688
80.566406 31.738281
80.566406 29.296875
80.566406 26.855469
83.007813 24.414063
83.007813 21.972656
83.007813 19.53125
85.449219 17.089844
87.890625 14.648438
