14.648438 124.511719
17.089844 122.070313
17.089844 119.628906
19.53125 117.1875
19.53125 114.746094
19.53125 112.304688
21.972656 109.863281
21.972656 107.421875
24.414063 104.980469
24.414063 102.539063
26.855469 100.097656
26.855469 97.65625
26.855469 95.214844
29.296875 92.773438
29.296875 90.332031
29.296875 87.890625
31.738281 85.449219
31.738281 83.007813
34.179688 80.566406
36.621094 78.125
36.621094 75.683594
39.0625 73.242188
39.0625 70.800781
41.503906 68.359375
41.503906 65.917969
43.945313 63.476563
43.945313 61.035156
46.386719 58.59375
48.828125 56.152344
48.828125 53.710938
51.269531 51.269531
53.710938 48.828125
53.710938 46.386719
56.152344 43.945313
58.59375 41.503906
61.035156 39.0625
63.476563 36.621094
63.476563 34.179688
65.917969 31.738281
65.917969 29.296875
65.917969 26.855469
65.917969 24.414063
65.917969 21.972656
65.917969 19.53125
68.359375 17.089844
68.359375 14.648438
