17.089844 75.683594
19.53125 75.683594
21.972656 75.683594
24.414063 75.683594
26.855469 73.242188
29.296875 73.242188
31.738281 73.242188
34.179688 73.242188
36.621094 73.242188
39.0625 73.242188
41.503906 73.242188
43.945313 73.242188
46.386719 70.800781
48.828125 70.800781
51.269531 70.800781
53.710938 68.359375
56.152344 68.359375
58.59375 68.359375
61.035156 68.359375
63.476563 68.359375
65.917969 68.359375
68.359375 68.359375
70.800781 68.359375
73.242188 68.359375
75.683594 68.359375
78.125 68.359375
80.566406 70.800781
83.007813 70.800781
85.449219 70.800781
87.890625 70.800781
90.332031 73.242188
92.773438 73.242188
95.214844 73.242188
97.65625 73.242188
100.097656 70.800781
102.539063 70.800781
104.980469 70.800781
107.421875 70.800781
109.863281 70.800781
112.304688 70.800781
114.746094 70.800781
117.1875 70.800781
119.628906 68.359375
122.070313 68.359375
124.511719 68.359375
126.953125 68.359375
129.394531 68.359375
131.835938 68.359375
134.277344 65.917969
136.71875 65.917969
139.160156 65.917969
141.601563 63.476563
144.042969 63.476563
146.484375 63.476563
148.925781 61.035156
151.367188 61.035156
153.808594 58.59375
156.25 58.59375
158.691406 56.152344
161.132813 56.152344
163.574219 56.152344
166.015625 53.710938
168.457031 53.710938
170.898438 53.710938
173.339844 53.710938
175.78125 53.710938
178.222656 53.710938
180.664063 53.710938
183.105469 51.269531
185.546875 51.269531
187.988281 51.269531
190.429688 48.828125
192.871094 48.828125
195.3125 48.828125
197.753906 48.828125
200.195313 48.828125
202.636719 48.828125
205.078125 48.828125
207.519531 48.828125
209.960938 48.828125
212.402344 48.828125
214.84375 48.828125
217.285156 48.828125
219.726563 46.386719
222.167969 46.386719
224.609375 46.386719
227.050781 46.386719
229.492188 46.386719
231.933594 48.828125
234.375 48.828125
236.816406 48.828125
239.257813 48.828125
241.699219 48.828125
244.140625 48.828125
246.582031 48.828125
249.023438 48.828125
251.464844 48.828125
253.90625 46.386719
256.347656 46.386719
258.789063 46.386719
261.230469 46.386719
263.671875 46.386719
266.113281 46.386719
268.554688 46.386719
270.996094 46.386719
273.4375 46.386719
275.878906 46.386719
278.320313 46.386719
280.761719 43.945313
283.203125 43.945313
285.644531 43.945313
288.085938 43.945313
290.527344 43.945313
292.96875 41.503906
295.410156 41.503906
297.851563 41.503906
300.292969 41.503906
302.734375 39.0625
305.175781 39.0625
307.617188 39.0625
310.058594 39.0625
312.5 36.621094
314.941406 36.621094
317.382813 36.621094
319.824219 34.179688
322.265625 31.738281
324.707031 31.738281
327.148438 31.738281
329.589844 29.296875
332.03125 29.296875
334.472656 29.296875
336.914063 29.296875
339.355469 26.855469
341.796875 26.855469
344.238281 26.855469
346.679688 24.414063
349.121094 24.414063
351.5625 24.414063
354.003906 24.414063
356.445313 24.414063
358.886719 24.414063
361.328125 24.414063
363.769531 24.414063
366.210938 21.972656
368.652344 21.972656
371.09375 21.972656
373.535156 19.53125
375.976563 19.53125
378.417969 19.53125
380.859375 19.53125
383.300781 19.53125
385.742188 19.53125
388.183594 19.53125
390.625 19.53125
393.066406 19.53125
395.507813 17.089844
397.949219 17.089844
400.390625 17.089844
402.832031 17.089844
405.273438 17.089844
407.714844 17.089844
410.15625 17.089844
412.597656 17.089844
415.039063 19.53125
417.480469 19.53125
419.921875 19.53125
422.363281 19.53125
424.804688 19.53125
