14.648438 80.566406
17.089844 78.125
19.53125 75.683594
21.972656 73.242188
24.414063 70.800781
26.855469 68.359375
29.296875 65.917969
31.738281 63.476563
34.179688 61.035156
36.621094 58.59375
39.0625 56.152344
41.503906 53.710938
41.503906 51.269531
43.945313 48.828125
46.386719 46.386719
48.828125 43.945313
51.269531 41.503906
53.710938 39.0625
56.152344 36.621094
56.152344 34.179688
58.59375 31.738281
61.035156 29.296875
63.476563 26.855469
65.917969 24.414063
65.917969 21.972656
68.359375 19.53125
70.800781 19.53125
73.242188 17.089844
73.242188 14.648438
