14.648438 253.90625
17.089844 251.464844
17.089844 249.023438
19.53125 246.582031
21.972656 244.140625
24.414063 241.699219
24.414063 239.257813
26.855469 236.816406
26.855469 234.375
29.296875 231.933594
29.296875 229.492188
31.738281 227.050781
34.179688 224.609375
34.179688 222.167969
34.179688 219.726563
36.621094 217.285156
39.0625 214.84375
39.0625 212.402344
41.503906 209.960938
43.945313 207.519531
43.945313 205.078125
46.386719 202.636719
46.386719 200.195313
48.828125 197.753906
51.269531 195.3125
51.269531 192.871094
51.269531 190.429688
53.710938 187.988281
53.710938 185.546875
53.710938 183.105469
53.710938 180.664063
56.152344 178.222656
56.152344 175.78125
58.59375 173.339844
58.59375 170.898438
58.59375 168.457031
61.035156 166.015625
61.035156 163.574219
61.035156 161.132813
63.476563 158.691406
63.476563 156.25
63.476563 153.808594
63.476563 151.367188
65.917969 148.925781
65.917969 146.484375
65.917969 144.042969
68.359375 141.601563
65.917969 139.160156
65.917969 136.71875
68.359375 134.277344
68.359375 131.835938
68.359375 129.394531
70.800781 126.953125
70.800781 124.511719
73.242188 122.070313
73.242188 119.628906
75.683594 117.1875
75.683594 114.746094
78.125 112.304688
78.125 109.863281
80.566406 107.421875
80.566406 104.980469
80.566406 102.539063
83.007813 100.097656
83.007813 97.65625
83.007813 95.214844
83.007813 92.773438
85.449219 90.332031
85.449219 87.890625
87.890625 85.449219
87.890625 83.007813
90.332031 80.566406
90.332031 78.125
92.773438 75.683594
92.773438 73.242188
95.214844 70.800781
95.214844 68.359375
97.65625 65.917969
97.65625 63.476563
97.65625 61.035156
97.65625 58.59375
100.097656 56.152344
100.097656 53.710938
102.539063 51.269531
102.539063 48.828125
104.980469 46.386719
104.980469 43.945313
107.421875 41.503906
107.421875 39.0625
109.863281 36.621094
109.863281 34.179688
109.863281 31.738281
109.863281 29.296875
109.863281 26.855469
112.304688 24.414063
112.304688 21.972656
114.746094 19.53125
114.746094 17.089844
114.746094 14.648438
112.304688 12.207031
109.863281 9.765625
109.863281 7.324219
109.863281 4.882813
109.863281 2.441406
