14.648438 146.484375
14.648438 144.042969
14.648438 141.601563
17.089844 139.160156
19.53125 136.71875
19.53125 134.277344
21.972656 131.835938
24.414063 129.394531
26.855469 126.953125
29.296875 124.511719
31.738281 122.070313
34.179688 119.628906
36.621094 117.1875
36.621094 114.746094
39.0625 112.304688
41.503906 109.863281
43.945313 107.421875
46.386719 104.980469
46.386719 102.539063
48.828125 100.097656
51.269531 97.65625
53.710938 95.214844
56.152344 92.773438
58.59375 90.332031
61.035156 87.890625
61.035156 85.449219
63.476563 83.007813
65.917969 80.566406
65.917969 78.125
68.359375 75.683594
70.800781 73.242188
73.242188 70.800781
75.683594 68.359375
75.683594 65.917969
78.125 63.476563
80.566406 61.035156
83.007813 58.59375
85.449219 56.152344
87.890625 53.710938
87.890625 51.269531
90.332031 48.828125
90.332031 46.386719
92.773438 43.945313
95.214844 41.503906
97.65625 39.0625
100.097656 36.621094
102.539063 34.179688
104.980469 31.738281
107.421875 29.296875
109.863281 26.855469
112.304688 26.855469
114.746094 24.414063
117.1875 21.972656
119.628906 19.53125
122.070313 17.089844
124.511719 14.648438
124.511719 12.207031
