178.222656 134.277344
175.78125 134.277344
173.339844 131.835938
170.898438 131.835938
168.457031 129.394531
166.015625 126.953125
163.574219 124.511719
161.132813 122.070313
158.691406 119.628906
156.25 117.1875
153.808594 114.746094
151.367188 112.304688
148.925781 112.304688
146.484375 109.863281
144.042969 107.421875
141.601563 104.980469
139.160156 102.539063
136.71875 100.097656
134.277344 97.65625
131.835938 95.214844
129.394531 95.214844
126.953125 92.773438
124.511719 90.332031
122.070313 87.890625
119.628906 85.449219
117.1875 83.007813
114.746094 80.566406
112.304688 78.125
109.863281 75.683594
107.421875 73.242188
104.980469 70.800781
102.539063 68.359375
100.097656 65.917969
97.65625 65.917969
95.214844 65.917969
92.773438 63.476563
90.332031 63.476563
87.890625 61.035156
85.449219 58.59375
83.007813 56.152344
80.566406 56.152344
78.125 53.710938
75.683594 51.269531
73.242188 51.269531
70.800781 48.828125
68.359375 46.386719
65.917969 43.945313
63.476563 41.503906
61.035156 41.503906
58.59375 39.0625
56.152344 39.0625
53.710938 36.621094
51.269531 36.621094
48.828125 36.621094
46.386719 36.621094
43.945313 36.621094
41.503906 34.179688
39.0625 34.179688
36.621094 31.738281
34.179688 31.738281
31.738281 31.738281
29.296875 29.296875
26.855469 29.296875
24.414063 26.855469
21.972656 24.414063
21.972656 21.972656
19.53125 19.53125
17.089844 17.089844
17.089844 14.648438
