17.089844 153.808594
17.089844 151.367188
17.089844 148.925781
17.089844 146.484375
17.089844 144.042969
17.089844 141.601563
17.089844 139.160156
17.089844 136.71875
19.53125 134.277344
19.53125 131.835938
19.53125 129.394531
21.972656 126.953125
21.972656 124.511719
21.972656 122.070313
24.414063 119.628906
24.414063 117.1875
24.414063 114.746094
24.414063 112.304688
26.855469 109.863281
26.855469 107.421875
26.855469 104.980469
26.855469 102.539063
29.296875 100.097656
29.296875 97.65625
29.296875 95.214844
29.296875 92.773438
31.738281 90.332031
31.738281 87.890625
31.738281 85.449219
34.179688 83.007813
34.179688 80.566406
34.179688 78.125
34.179688 75.683594
36.621094 73.242188
36.621094 70.800781
39.0625 68.359375
39.0625 65.917969
39.0625 63.476563
41.503906 61.035156
41.503906 58.59375
41.503906 56.152344
41.503906 53.710938
43.945313 51.269531
43.945313 48.828125
43.945313 46.386719
43.945313 43.945313
43.945313 41.503906
43.945313 39.0625
43.945313 36.621094
46.386719 34.179688
46.386719 31.738281
46.386719 29.296875
46.386719 26.855469
46.386719 24.414063
46.386719 21.972656
46.386719 19.53125
46.386719 17.089844
46.386719 14.648438
43.945313 12.207031
43.945313 9.765625
