19.53125 65.917969
21.972656 65.917969
24.414063 65.917969
26.855469 63.476563
29.296875 63.476563
31.738281 61.035156
34.179688 61.035156
36.621094 61.035156
39.0625 58.59375
41.503906 58.59375
43.945313 58.59375
46.386719 56.152344
48.828125 53.710938
51.269531 53.710938
53.710938 51.269531
56.152344 48.828125
58.59375 46.386719
61.035156 43.945313
63.476563 43.945313
65.917969 41.503906
68.359375 39.0625
70.800781 36.621094
73.242188 34.179688
75.683594 34.179688
78.125 31.738281
80.566406 31.738281
83.007813 29.296875
85.449219 26.855469
87.890625 26.855469
90.332031 29.296875
92.773438 26.855469
95.214844 26.855469
97.65625 26.855469
