139.160156 114.746094
136.71875 114.746094
134.277344 112.304688
131.835938 109.863281
129.394531 109.863281
126.953125 107.421875
124.511719 107.421875
122.070313 104.980469
119.628906 102.539063
117.1875 102.539063
114.746094 100.097656
112.304688 97.65625
109.863281 97.65625
107.421875 95.214844
104.980469 92.773438
102.539063 92.773438
100.097656 90.332031
97.65625 87.890625
95.214844 85.449219
92.773438 85.449219
90.332031 83.007813
87.890625 80.566406
85.449219 78.125
83.007813 75.683594
80.566406 73.242188
78.125 70.800781
75.683594 68.359375
73.242188 65.917969
70.800781 63.476563
68.359375 61.035156
65.917969 58.59375
63.476563 56.152344
61.035156 53.710938
58.59375 51.269531
56.152344 48.828125
53.710938 46.386719
51.269531 43.945313
48.828125 41.503906
46.386719 39.0625
43.945313 36.621094
41.503906 34.179688
39.0625 34.179688
36.621094 31.738281
34.179688 29.296875
31.738281 26.855469
29.296875 24.414063
26.855469 21.972656
24.414063 19.53125
21.972656 17.089844
19.53125 17.089844
17.089844 14.648438
14.648438 12.207031
12.207031 12.207031
