87.890625 41.503906
85.449219 41.503906
83.007813 41.503906
80.566406 41.503906
78.125 41.503906
75.683594 41.503906
73.242188 41.503906
70.800781 41.503906
68.359375 39.0625
65.917969 36.621094
63.476563 36.621094
61.035156 34.179688
58.59375 31.738281
56.152344 31.738281
53.710938 31.738281
51.269531 29.296875
48.828125 29.296875
46.386719 26.855469
43.945313 26.855469
41.503906 24.414063
39.0625 21.972656
36.621094 21.972656
34.179688 21.972656
31.738281 19.53125
29.296875 19.53125
26.855469 19.53125
24.414063 19.53125
21.972656 19.53125
19.53125 17.089844
9.765625 7.324219
12.207031 9.765625
14.648438 12.207031
17.089844 14.648438
