14.648438 151.367188
14.648438 148.925781
14.648438 146.484375
14.648438 144.042969
14.648438 141.601563
14.648438 139.160156
14.648438 136.71875
14.648438 134.277344
14.648438 131.835938
17.089844 129.394531
17.089844 126.953125
17.089844 124.511719
19.53125 122.070313
19.53125 119.628906
19.53125 117.1875
19.53125 114.746094
21.972656 112.304688
21.972656 109.863281
21.972656 107.421875
21.972656 104.980469
24.414063 102.539063
24.414063 100.097656
24.414063 97.65625
26.855469 95.214844
26.855469 92.773438
29.296875 90.332031
29.296875 87.890625
31.738281 85.449219
31.738281 83.007813
34.179688 80.566406
34.179688 78.125
36.621094 75.683594
36.621094 73.242188
39.0625 70.800781
39.0625 68.359375
39.0625 65.917969
41.503906 63.476563
41.503906 61.035156
41.503906 58.59375
41.503906 56.152344
41.503906 53.710938
43.945313 51.269531
43.945313 48.828125
43.945313 46.386719
43.945313 43.945313
43.945313 41.503906
46.386719 39.0625
46.386719 36.621094
46.386719 34.179688
48.828125 31.738281
48.828125 29.296875
48.828125 26.855469
48.828125 24.414063
48.828125 21.972656
48.828125 19.53125
46.386719 17.089844
46.386719 14.648438
46.386719 2.441406
46.386719 4.882813
46.386719 7.324219
46.386719 9.765625
46.386719 12.207031
