70.800781 114.746094
70.800781 112.304688
70.800781 109.863281
70.800781 107.421875
70.800781 104.980469
70.800781 102.539063
70.800781 100.097656
70.800781 97.65625
70.800781 95.214844
68.359375 92.773438
65.917969 92.773438
63.476563 90.332031
63.476563 87.890625
61.035156 85.449219
58.59375 83.007813
56.152344 80.566406
53.710938 78.125
53.710938 75.683594
51.269531 73.242188
51.269531 70.800781
48.828125 68.359375
46.386719 65.917969
46.386719 63.476563
43.945313 61.035156
43.945313 58.59375
41.503906 56.152344
41.503906 53.710938
39.0625 51.269531
36.621094 48.828125
36.621094 46.386719
34.179688 43.945313
34.179688 41.503906
31.738281 39.0625
31.738281 36.621094
31.738281 34.179688
29.296875 31.738281
26.855469 29.296875
24.414063 26.855469
24.414063 24.414063
21.972656 21.972656
21.972656 19.53125
19.53125 17.089844
17.089844 17.089844
2.441406 17.089844
4.882813 17.089844
7.324219 17.089844
9.765625 17.089844
12.207031 17.089844
14.648438 17.089844
