12.207031 156.25
12.207031 153.808594
12.207031 151.367188
12.207031 148.925781
12.207031 146.484375
12.207031 144.042969
14.648438 141.601563
17.089844 139.160156
19.53125 136.71875
21.972656 134.277344
24.414063 131.835938
24.414063 129.394531
24.414063 126.953125
24.414063 124.511719
24.414063 122.070313
24.414063 119.628906
24.414063 117.1875
26.855469 114.746094
26.855469 112.304688
29.296875 109.863281
31.738281 107.421875
31.738281 104.980469
34.179688 102.539063
34.179688 100.097656
36.621094 97.65625
36.621094 95.214844
36.621094 92.773438
36.621094 90.332031
36.621094 87.890625
39.0625 85.449219
39.0625 83.007813
39.0625 80.566406
39.0625 78.125
39.0625 75.683594
41.503906 73.242188
43.945313 70.800781
43.945313 68.359375
46.386719 65.917969
48.828125 63.476563
51.269531 61.035156
51.269531 58.59375
51.269531 56.152344
53.710938 53.710938
53.710938 51.269531
53.710938 48.828125
53.710938 46.386719
56.152344 43.945313
56.152344 41.503906
56.152344 39.0625
58.59375 36.621094
58.59375 34.179688
61.035156 31.738281
61.035156 29.296875
61.035156 26.855469
61.035156 24.414063
63.476563 21.972656
63.476563 19.53125
63.476563 17.089844
63.476563 14.648438
63.476563 12.207031
63.476563 2.441406
63.476563 4.882813
63.476563 7.324219
63.476563 9.765625
