46.386719 139.160156
46.386719 136.71875
46.386719 134.277344
46.386719 131.835938
43.945313 129.394531
43.945313 126.953125
43.945313 124.511719
43.945313 122.070313
41.503906 119.628906
41.503906 117.1875
41.503906 114.746094
41.503906 112.304688
41.503906 109.863281
39.0625 107.421875
39.0625 104.980469
39.0625 102.539063
36.621094 100.097656
36.621094 97.65625
36.621094 95.214844
36.621094 92.773438
34.179688 90.332031
34.179688 87.890625
34.179688 85.449219
34.179688 83.007813
34.179688 80.566406
31.738281 78.125
31.738281 75.683594
31.738281 73.242188
31.738281 70.800781
31.738281 68.359375
29.296875 65.917969
29.296875 63.476563
29.296875 61.035156
26.855469 58.59375
26.855469 56.152344
26.855469 53.710938
26.855469 51.269531
26.855469 48.828125
24.414063 46.386719
24.414063 43.945313
21.972656 41.503906
21.972656 39.0625
19.53125 36.621094
19.53125 34.179688
19.53125 31.738281
17.089844 29.296875
17.089844 26.855469
14.648438 24.414063
14.648438 21.972656
14.648438 19.53125
17.089844 17.089844
17.089844 14.648438
17.089844 12.207031
