83.007813 73.242188
80.566406 73.242188
78.125 70.800781
75.683594 70.800781
73.242188 68.359375
70.800781 65.917969
68.359375 65.917969
65.917969 63.476563
63.476563 61.035156
61.035156 58.59375
58.59375 58.59375
56.152344 56.152344
53.710938 53.710938
51.269531 51.269531
48.828125 48.828125
46.386719 48.828125
43.945313 46.386719
41.503906 43.945313
39.0625 41.503906
36.621094 39.0625
34.179688 36.621094
34.179688 34.179688
31.738281 31.738281
29.296875 29.296875
29.296875 26.855469
26.855469 24.414063
24.414063 24.414063
21.972656 21.972656
21.972656 19.53125
