109.863281 314.941406
109.863281 312.5
109.863281 310.058594
109.863281 307.617188
109.863281 305.175781
109.863281 302.734375
109.863281 300.292969
109.863281 297.851563
109.863281 295.410156
109.863281 292.96875
107.421875 290.527344
107.421875 288.085938
104.980469 285.644531
104.980469 283.203125
102.539063 280.761719
102.539063 278.320313
100.097656 275.878906
100.097656 273.4375
97.65625 270.996094
97.65625 268.554688
95.214844 266.113281
95.214844 263.671875
92.773438 261.230469
90.332031 258.789063
87.890625 256.347656
87.890625 253.90625
87.890625 251.464844
85.449219 249.023438
85.449219 246.582031
83.007813 244.140625
83.007813 241.699219
83.007813 239.257813
80.566406 236.816406
80.566406 234.375
80.566406 231.933594
78.125 229.492188
78.125 227.050781
78.125 224.609375
75.683594 222.167969
75.683594 219.726563
75.683594 217.285156
73.242188 214.84375
73.242188 212.402344
73.242188 209.960938
73.242188 207.519531
73.242188 205.078125
70.800781 202.636719
70.800781 200.195313
70.800781 197.753906
70.800781 195.3125
68.359375 192.871094
68.359375 190.429688
68.359375 187.988281
68.359375 185.546875
68.359375 183.105469
68.359375 180.664063
68.359375 178.222656
65.917969 175.78125
65.917969 173.339844
65.917969 170.898438
63.476563 168.457031
63.476563 166.015625
63.476563 163.574219
63.476563 161.132813
63.476563 158.691406
63.476563 156.25
63.476563 153.808594
63.476563 151.367188
61.035156 148.925781
61.035156 146.484375
61.035156 144.042969
61.035156 141.601563
61.035156 139.160156
61.035156 136.71875
61.035156 134.277344
58.59375 131.835938
58.59375 129.394531
58.59375 126.953125
58.59375 124.511719
58.59375 122.070313
58.59375 119.628906
58.59375 117.1875
56.152344 114.746094
56.152344 112.304688
56.152344 109.863281
56.152344 107.421875
56.152344 104.980469
56.152344 102.539063
56.152344 100.097656
56.152344 97.65625
53.710938 95.214844
53.710938 92.773438
56.152344 90.332031
56.152344 87.890625
56.152344 85.449219
53.710938 83.007813
53.710938 80.566406
51.269531 78.125
51.269531 75.683594
51.269531 73.242188
48.828125 70.800781
48.828125 68.359375
48.828125 65.917969
46.386719 63.476563
46.386719 61.035156
43.945313 58.59375
43.945313 56.152344
41.503906 53.710938
39.0625 51.269531
39.0625 48.828125
36.621094 46.386719
34.179688 43.945313
34.179688 41.503906
31.738281 39.0625
31.738281 36.621094
29.296875 34.179688
26.855469 31.738281
26.855469 29.296875
24.414063 26.855469
21.972656 24.414063
21.972656 21.972656
19.53125 19.53125
19.53125 17.089844
17.089844 14.648438
14.648438 12.207031
12.207031 12.207031
2.441406 12.207031
4.882813 12.207031
7.324219 12.207031
9.765625 12.207031
