97.65625 41.503906
95.214844 41.503906
92.773438 41.503906
90.332031 41.503906
87.890625 41.503906
85.449219 41.503906
83.007813 41.503906
80.566406 39.0625
78.125 39.0625
75.683594 39.0625
73.242188 36.621094
70.800781 36.621094
68.359375 36.621094
65.917969 36.621094
63.476563 34.179688
61.035156 34.179688
58.59375 34.179688
56.152344 34.179688
53.710938 31.738281
51.269531 31.738281
48.828125 29.296875
46.386719 29.296875
43.945313 29.296875
41.503906 29.296875
39.0625 26.855469
36.621094 26.855469
34.179688 24.414063
31.738281 24.414063
29.296875 21.972656
26.855469 21.972656
24.414063 19.53125
21.972656 17.089844
19.53125 17.089844
17.089844 14.648438
14.648438 14.648438
2.441406 14.648438
4.882813 14.648438
7.324219 14.648438
9.765625 14.648438
12.207031 14.648438
