83.007813 129.394531
80.566406 126.953125
78.125 124.511719
75.683594 122.070313
73.242188 119.628906
70.800781 117.1875
70.800781 114.746094
68.359375 112.304688
68.359375 109.863281
65.917969 107.421875
65.917969 104.980469
63.476563 102.539063
63.476563 100.097656
61.035156 97.65625
58.59375 95.214844
58.59375 92.773438
56.152344 90.332031
56.152344 87.890625
53.710938 85.449219
51.269531 83.007813
48.828125 80.566406
48.828125 78.125
46.386719 75.683594
46.386719 73.242188
43.945313 70.800781
41.503906 68.359375
41.503906 65.917969
39.0625 63.476563
39.0625 61.035156
36.621094 58.59375
36.621094 56.152344
34.179688 53.710938
34.179688 51.269531
34.179688 48.828125
31.738281 46.386719
29.296875 43.945313
29.296875 41.503906
26.855469 39.0625
24.414063 36.621094
24.414063 34.179688
21.972656 31.738281
21.972656 29.296875
21.972656 26.855469
21.972656 24.414063
21.972656 21.972656
19.53125 19.53125
7.324219 7.324219
9.765625 9.765625
12.207031 12.207031
14.648438 14.648438
17.089844 17.089844
