173.339844 56.152344
170.898438 56.152344
168.457031 56.152344
166.015625 56.152344
163.574219 56.152344
161.132813 56.152344
158.691406 56.152344
156.25 56.152344
153.808594 56.152344
151.367188 56.152344
148.925781 56.152344
146.484375 56.152344
144.042969 53.710938
141.601563 53.710938
139.160156 51.269531
136.71875 48.828125
134.277344 48.828125
131.835938 46.386719
129.394531 43.945313
126.953125 43.945313
124.511719 41.503906
122.070313 41.503906
119.628906 39.0625
117.1875 39.0625
114.746094 36.621094
112.304688 36.621094
109.863281 34.179688
107.421875 34.179688
104.980469 34.179688
102.539063 31.738281
100.097656 31.738281
97.65625 31.738281
95.214844 29.296875
92.773438 29.296875
90.332031 29.296875
87.890625 29.296875
85.449219 26.855469
83.007813 26.855469
80.566406 26.855469
78.125 26.855469
75.683594 24.414063
73.242188 24.414063
70.800781 24.414063
68.359375 21.972656
65.917969 21.972656
63.476563 21.972656
61.035156 19.53125
58.59375 19.53125
56.152344 19.53125
53.710938 19.53125
51.269531 19.53125
48.828125 19.53125
46.386719 19.53125
43.945313 17.089844
41.503906 17.089844
39.0625 17.089844
36.621094 17.089844
34.179688 17.089844
31.738281 17.089844
29.296875 17.089844
26.855469 17.089844
24.414063 14.648438
21.972656 14.648438
19.53125 14.648438
17.089844 14.648438
2.441406 14.648438
4.882813 14.648438
7.324219 14.648438
9.765625 14.648438
12.207031 14.648438
14.648438 14.648438
