36.621094 166.015625
36.621094 163.574219
36.621094 161.132813
36.621094 158.691406
36.621094 156.25
36.621094 153.808594
36.621094 151.367188
36.621094 148.925781
36.621094 146.484375
36.621094 144.042969
36.621094 141.601563
34.179688 139.160156
34.179688 136.71875
34.179688 134.277344
34.179688 131.835938
34.179688 129.394531
31.738281 126.953125
31.738281 124.511719
31.738281 122.070313
31.738281 119.628906
31.738281 117.1875
31.738281 114.746094
31.738281 112.304688
31.738281 109.863281
31.738281 107.421875
31.738281 104.980469
31.738281 102.539063
31.738281 100.097656
31.738281 97.65625
31.738281 95.214844
31.738281 92.773438
29.296875 90.332031
29.296875 87.890625
29.296875 85.449219
29.296875 83.007813
29.296875 80.566406
26.855469 78.125
26.855469 75.683594
26.855469 73.242188
29.296875 70.800781
29.296875 68.359375
29.296875 65.917969
29.296875 63.476563
29.296875 61.035156
29.296875 58.59375
29.296875 56.152344
29.296875 53.710938
29.296875 51.269531
29.296875 48.828125
29.296875 46.386719
26.855469 43.945313
26.855469 41.503906
26.855469 39.0625
26.855469 36.621094
24.414063 34.179688
24.414063 31.738281
21.972656 29.296875
21.972656 26.855469
19.53125 24.414063
19.53125 21.972656
19.53125 19.53125
17.089844 17.089844
14.648438 14.648438
4.882813 4.882813
7.324219 7.324219
9.765625 9.765625
12.207031 12.207031
