12.207031 202.636719
12.207031 200.195313
12.207031 197.753906
12.207031 195.3125
12.207031 192.871094
12.207031 190.429688
12.207031 187.988281
12.207031 185.546875
12.207031 183.105469
12.207031 180.664063
12.207031 178.222656
12.207031 175.78125
12.207031 173.339844
12.207031 170.898438
12.207031 168.457031
12.207031 166.015625
12.207031 163.574219
12.207031 161.132813
12.207031 158.691406
12.207031 156.25
14.648438 153.808594
14.648438 151.367188
14.648438 148.925781
14.648438 146.484375
14.648438 144.042969
17.089844 141.601563
17.089844 139.160156
17.089844 136.71875
17.089844 134.277344
19.53125 131.835938
19.53125 129.394531
19.53125 126.953125
19.53125 124.511719
19.53125 122.070313
19.53125 119.628906
21.972656 117.1875
21.972656 114.746094
21.972656 112.304688
21.972656 109.863281
21.972656 107.421875
24.414063 104.980469
24.414063 102.539063
24.414063 100.097656
24.414063 97.65625
24.414063 95.214844
24.414063 92.773438
26.855469 90.332031
26.855469 87.890625
26.855469 85.449219
26.855469 83.007813
26.855469 80.566406
29.296875 78.125
29.296875 75.683594
29.296875 73.242188
29.296875 70.800781
29.296875 68.359375
31.738281 65.917969
31.738281 63.476563
31.738281 61.035156
31.738281 58.59375
31.738281 56.152344
34.179688 53.710938
34.179688 51.269531
34.179688 48.828125
36.621094 46.386719
36.621094 43.945313
36.621094 41.503906
39.0625 39.0625
39.0625 36.621094
39.0625 34.179688
39.0625 31.738281
41.503906 29.296875
41.503906 26.855469
41.503906 24.414063
41.503906 21.972656
43.945313 19.53125
43.945313 17.089844
43.945313 14.648438
43.945313 2.441406
43.945313 4.882813
43.945313 7.324219
43.945313 9.765625
43.945313 12.207031
