180.664063 180.664063
178.222656 180.664063
175.78125 178.222656
175.78125 175.78125
173.339844 173.339844
170.898438 170.898438
168.457031 168.457031
166.015625 166.015625
163.574219 163.574219
163.574219 161.132813
161.132813 158.691406
158.691406 156.25
156.25 153.808594
153.808594 151.367188
151.367188 151.367188
148.925781 148.925781
146.484375 146.484375
144.042969 144.042969
141.601563 141.601563
139.160156 139.160156
136.71875 136.71875
134.277344 134.277344
131.835938 134.277344
129.394531 131.835938
126.953125 129.394531
124.511719 126.953125
122.070313 124.511719
119.628906 122.070313
117.1875 119.628906
114.746094 117.1875
112.304688 117.1875
109.863281 114.746094
107.421875 112.304688
104.980469 109.863281
102.539063 107.421875
100.097656 104.980469
97.65625 102.539063
95.214844 100.097656
92.773438 97.65625
92.773438 95.214844
90.332031 92.773438
87.890625 90.332031
85.449219 87.890625
83.007813 85.449219
83.007813 83.007813
80.566406 80.566406
78.125 78.125
75.683594 75.683594
73.242188 73.242188
73.242188 70.800781
70.800781 68.359375
68.359375 65.917969
65.917969 63.476563
63.476563 61.035156
63.476563 58.59375
61.035156 56.152344
58.59375 53.710938
56.152344 51.269531
53.710938 48.828125
51.269531 46.386719
48.828125 43.945313
46.386719 41.503906
43.945313 39.0625
43.945313 36.621094
41.503906 34.179688
39.0625 31.738281
36.621094 31.738281
34.179688 29.296875
31.738281 26.855469
29.296875 24.414063
26.855469 21.972656
24.414063 19.53125
21.972656 19.53125
19.53125 19.53125
