109.863281 31.738281
107.421875 31.738281
104.980469 29.296875
102.539063 26.855469
100.097656 24.414063
97.65625 24.414063
95.214844 24.414063
92.773438 24.414063
90.332031 21.972656
87.890625 21.972656
85.449219 21.972656
83.007813 21.972656
80.566406 21.972656
78.125 21.972656
75.683594 19.53125
73.242188 19.53125
70.800781 19.53125
68.359375 17.089844
65.917969 17.089844
63.476563 17.089844
61.035156 17.089844
58.59375 17.089844
56.152344 17.089844
53.710938 17.089844
51.269531 17.089844
48.828125 17.089844
46.386719 17.089844
43.945313 17.089844
41.503906 17.089844
39.0625 17.089844
36.621094 17.089844
34.179688 17.089844
31.738281 17.089844
29.296875 17.089844
26.855469 17.089844
24.414063 17.089844
21.972656 17.089844
19.53125 17.089844
17.089844 17.089844
14.648438 17.089844
