41.503906 104.980469
41.503906 102.539063
41.503906 100.097656
41.503906 97.65625
41.503906 95.214844
41.503906 92.773438
41.503906 90.332031
39.0625 87.890625
39.0625 85.449219
39.0625 83.007813
39.0625 80.566406
39.0625 78.125
36.621094 75.683594
36.621094 73.242188
36.621094 70.800781
34.179688 68.359375
34.179688 65.917969
34.179688 63.476563
31.738281 61.035156
31.738281 58.59375
31.738281 56.152344
29.296875 53.710938
29.296875 51.269531
26.855469 48.828125
26.855469 46.386719
26.855469 43.945313
24.414063 41.503906
24.414063 39.0625
24.414063 36.621094
24.414063 34.179688
21.972656 31.738281
21.972656 29.296875
21.972656 26.855469
21.972656 24.414063
21.972656 21.972656
21.972656 19.53125
21.972656 2.441406
21.972656 4.882813
21.972656 7.324219
21.972656 9.765625
21.972656 12.207031
21.972656 14.648438
21.972656 17.089844
