124.511719 156.25
122.070313 156.25
119.628906 156.25
117.1875 156.25
114.746094 156.25
112.304688 156.25
109.863281 156.25
107.421875 156.25
104.980469 153.808594
102.539063 153.808594
100.097656 151.367188
97.65625 151.367188
95.214844 151.367188
92.773438 148.925781
90.332031 146.484375
87.890625 144.042969
85.449219 141.601563
83.007813 139.160156
80.566406 136.71875
78.125 134.277344
75.683594 131.835938
73.242188 129.394531
73.242188 126.953125
70.800781 124.511719
68.359375 122.070313
65.917969 119.628906
63.476563 117.1875
61.035156 114.746094
58.59375 112.304688
56.152344 109.863281
53.710938 107.421875
51.269531 104.980469
48.828125 102.539063
46.386719 100.097656
43.945313 97.65625
41.503906 95.214844
39.0625 92.773438
36.621094 90.332031
34.179688 87.890625
34.179688 85.449219
34.179688 83.007813
31.738281 80.566406
31.738281 78.125
31.738281 75.683594
34.179688 73.242188
34.179688 70.800781
36.621094 68.359375
36.621094 65.917969
39.0625 63.476563
39.0625 61.035156
41.503906 58.59375
39.0625 56.152344
39.0625 53.710938
39.0625 51.269531
39.0625 48.828125
39.0625 46.386719
39.0625 43.945313
39.0625 41.503906
41.503906 39.0625
43.945313 36.621094
46.386719 34.179688
46.386719 31.738281
46.386719 29.296875
48.828125 26.855469
48.828125 24.414063
51.269531 21.972656
51.269531 19.53125
53.710938 17.089844
53.710938 14.648438
56.152344 12.207031
56.152344 9.765625
56.152344 2.441406
56.152344 4.882813
56.152344 7.324219
