65.917969 90.332031
65.917969 87.890625
63.476563 85.449219
63.476563 83.007813
61.035156 80.566406
61.035156 78.125
58.59375 75.683594
56.152344 73.242188
56.152344 70.800781
53.710938 68.359375
53.710938 65.917969
51.269531 63.476563
48.828125 61.035156
48.828125 58.59375
46.386719 56.152344
46.386719 53.710938
43.945313 51.269531
41.503906 48.828125
41.503906 46.386719
39.0625 43.945313
36.621094 41.503906
36.621094 39.0625
34.179688 36.621094
34.179688 34.179688
31.738281 31.738281
31.738281 29.296875
29.296875 26.855469
26.855469 24.414063
24.414063 24.414063
21.972656 21.972656
19.53125 19.53125
17.089844 17.089844
17.089844 14.648438
