46.386719 153.808594
46.386719 151.367188
46.386719 148.925781
46.386719 146.484375
46.386719 144.042969
46.386719 141.601563
46.386719 139.160156
46.386719 136.71875
46.386719 134.277344
43.945313 131.835938
43.945313 129.394531
43.945313 126.953125
43.945313 124.511719
41.503906 122.070313
41.503906 119.628906
41.503906 117.1875
39.0625 114.746094
39.0625 112.304688
39.0625 109.863281
39.0625 107.421875
39.0625 104.980469
36.621094 102.539063
36.621094 100.097656
36.621094 97.65625
36.621094 95.214844
34.179688 92.773438
34.179688 90.332031
34.179688 87.890625
34.179688 85.449219
31.738281 83.007813
31.738281 80.566406
31.738281 78.125
31.738281 75.683594
31.738281 73.242188
31.738281 70.800781
29.296875 68.359375
29.296875 65.917969
29.296875 63.476563
26.855469 61.035156
26.855469 58.59375
26.855469 56.152344
26.855469 53.710938
26.855469 51.269531
24.414063 48.828125
24.414063 46.386719
21.972656 43.945313
21.972656 41.503906
19.53125 39.0625
19.53125 36.621094
19.53125 34.179688
17.089844 31.738281
17.089844 29.296875
17.089844 26.855469
17.089844 24.414063
17.089844 21.972656
14.648438 19.53125
14.648438 17.089844
17.089844 14.648438
17.089844 12.207031
17.089844 2.441406
17.089844 4.882813
17.089844 7.324219
17.089844 9.765625
