166.015625 136.71875
163.574219 136.71875
161.132813 136.71875
158.691406 136.71875
156.25 136.71875
153.808594 136.71875
151.367188 136.71875
148.925781 134.277344
146.484375 131.835938
146.484375 129.394531
144.042969 126.953125
141.601563 124.511719
139.160156 122.070313
136.71875 119.628906
134.277344 117.1875
131.835938 114.746094
131.835938 112.304688
129.394531 109.863281
126.953125 107.421875
124.511719 104.980469
124.511719 102.539063
122.070313 100.097656
119.628906 97.65625
117.1875 97.65625
114.746094 95.214844
112.304688 92.773438
109.863281 90.332031
107.421875 87.890625
104.980469 85.449219
102.539063 83.007813
100.097656 80.566406
97.65625 78.125
95.214844 78.125
92.773438 75.683594
90.332031 73.242188
87.890625 70.800781
85.449219 68.359375
83.007813 65.917969
80.566406 63.476563
78.125 61.035156
75.683594 58.59375
73.242188 56.152344
70.800781 53.710938
68.359375 53.710938
65.917969 51.269531
63.476563 51.269531
61.035156 48.828125
58.59375 46.386719
56.152344 46.386719
53.710938 43.945313
51.269531 41.503906
48.828125 41.503906
46.386719 39.0625
43.945313 39.0625
41.503906 36.621094
39.0625 34.179688
36.621094 34.179688
34.179688 31.738281
31.738281 29.296875
29.296875 26.855469
26.855469 24.414063
24.414063 24.414063
21.972656 21.972656
19.53125 19.53125
17.089844 17.089844
17.089844 14.648438
17.089844 2.441406
17.089844 4.882813
17.089844 7.324219
17.089844 9.765625
17.089844 12.207031
