185.546875 161.132813
185.546875 158.691406
185.546875 156.25
185.546875 153.808594
185.546875 151.367188
183.105469 148.925781
183.105469 146.484375
180.664063 144.042969
180.664063 141.601563
178.222656 139.160156
178.222656 136.71875
175.78125 134.277344
175.78125 131.835938
173.339844 129.394531
173.339844 126.953125
170.898438 124.511719
170.898438 122.070313
168.457031 119.628906
166.015625 117.1875
163.574219 114.746094
161.132813 112.304688
158.691406 109.863281
156.25 107.421875
153.808594 104.980469
151.367188 102.539063
148.925781 100.097656
146.484375 97.65625
144.042969 95.214844
144.042969 92.773438
141.601563 90.332031
139.160156 87.890625
139.160156 85.449219
139.160156 83.007813
136.71875 80.566406
136.71875 78.125
134.277344 75.683594
134.277344 73.242188
131.835938 70.800781
129.394531 68.359375
126.953125 65.917969
124.511719 63.476563
122.070313 61.035156
119.628906 61.035156
117.1875 58.59375
114.746094 56.152344
112.304688 53.710938
109.863281 51.269531
107.421875 48.828125
104.980469 48.828125
102.539063 46.386719
100.097656 46.386719
97.65625 43.945313
95.214844 43.945313
92.773438 43.945313
90.332031 41.503906
87.890625 41.503906
85.449219 43.945313
83.007813 43.945313
80.566406 41.503906
78.125 41.503906
75.683594 41.503906
73.242188 41.503906
70.800781 39.0625
68.359375 39.0625
65.917969 36.621094
63.476563 34.179688
61.035156 34.179688
58.59375 31.738281
56.152344 31.738281
53.710938 29.296875
51.269531 26.855469
48.828125 26.855469
46.386719 24.414063
43.945313 24.414063
41.503906 21.972656
39.0625 19.53125
36.621094 19.53125
34.179688 19.53125
31.738281 17.089844
29.296875 17.089844
26.855469 17.089844
24.414063 17.089844
21.972656 17.089844
19.53125 14.648438
17.089844 14.648438
14.648438 14.648438
2.441406 14.648438
4.882813 14.648438
7.324219 14.648438
9.765625 14.648438
12.207031 14.648438
