19.53125 7.324219
19.53125 9.765625
19.53125 12.207031
19.53125 14.648438
19.53125 17.089844
19.53125 19.53125
19.53125 21.972656
19.53125 24.414063
21.972656 26.855469
24.414063 29.296875
26.855469 29.296875
29.296875 31.738281
31.738281 31.738281
34.179688 31.738281
36.621094 31.738281
39.0625 31.738281
41.503906 31.738281
43.945313 34.179688
46.386719 34.179688
48.828125 34.179688
51.269531 34.179688
53.710938 31.738281
56.152344 31.738281
58.59375 31.738281
61.035156 31.738281
63.476563 29.296875
65.917969 29.296875
68.359375 29.296875
70.800781 29.296875
73.242188 29.296875
75.683594 29.296875
78.125 29.296875
80.566406 29.296875
83.007813 29.296875
85.449219 29.296875
87.890625 29.296875
90.332031 29.296875
92.773438 31.738281
95.214844 31.738281
97.65625 31.738281
100.097656 31.738281
102.539063 29.296875
104.980469 29.296875
107.421875 29.296875
109.863281 29.296875
112.304688 26.855469
114.746094 26.855469
117.1875 26.855469
119.628906 26.855469
122.070313 26.855469
124.511719 26.855469
126.953125 24.414063
129.394531 24.414063
131.835938 24.414063
134.277344 21.972656
136.71875 21.972656
139.160156 21.972656
141.601563 21.972656
144.042969 21.972656
146.484375 19.53125
146.484375 17.089844
146.484375 2.441406
146.484375 4.882813
146.484375 7.324219
146.484375 9.765625
146.484375 12.207031
146.484375 14.648438
