14.648438 100.097656
14.648438 97.65625
14.648438 95.214844
14.648438 92.773438
14.648438 90.332031
14.648438 87.890625
14.648438 85.449219
17.089844 83.007813
17.089844 80.566406
19.53125 78.125
19.53125 75.683594
19.53125 73.242188
21.972656 70.800781
21.972656 68.359375
24.414063 65.917969
24.414063 63.476563
26.855469 61.035156
26.855469 58.59375
29.296875 56.152344
29.296875 53.710938
31.738281 51.269531
34.179688 48.828125
34.179688 46.386719
36.621094 43.945313
39.0625 41.503906
41.503906 39.0625
41.503906 36.621094
43.945313 34.179688
46.386719 31.738281
46.386719 29.296875
48.828125 26.855469
51.269531 24.414063
53.710938 21.972656
53.710938 19.53125
56.152344 17.089844
56.152344 14.648438
56.152344 2.441406
56.152344 4.882813
56.152344 7.324219
56.152344 9.765625
56.152344 12.207031
