17.089844 39.0625
19.53125 36.621094
21.972656 36.621094
24.414063 34.179688
26.855469 34.179688
29.296875 31.738281
31.738281 31.738281
34.179688 29.296875
36.621094 29.296875
39.0625 29.296875
41.503906 29.296875
43.945313 26.855469
46.386719 26.855469
48.828125 26.855469
51.269531 26.855469
53.710938 26.855469
56.152344 26.855469
58.59375 24.414063
61.035156 24.414063
63.476563 24.414063
65.917969 24.414063
68.359375 24.414063
70.800781 24.414063
73.242188 24.414063
75.683594 24.414063
78.125 21.972656
80.566406 21.972656
83.007813 21.972656
85.449219 21.972656
87.890625 21.972656
90.332031 21.972656
92.773438 19.53125
95.214844 19.53125
97.65625 19.53125
100.097656 19.53125
102.539063 19.53125
104.980469 19.53125
107.421875 19.53125
109.863281 17.089844
112.304688 17.089844
114.746094 14.648438
117.1875 14.648438
