2.441406 39.0625
4.882813 39.0625
7.324219 39.0625
9.765625 39.0625
12.207031 39.0625
14.648438 39.0625
17.089844 39.0625
19.53125 39.0625
21.972656 36.621094
24.414063 36.621094
26.855469 34.179688
29.296875 34.179688
31.738281 31.738281
34.179688 31.738281
36.621094 31.738281
39.0625 29.296875
41.503906 29.296875
43.945313 29.296875
46.386719 26.855469
48.828125 26.855469
51.269531 26.855469
53.710938 26.855469
56.152344 26.855469
58.59375 24.414063
61.035156 24.414063
63.476563 24.414063
65.917969 24.414063
68.359375 24.414063
70.800781 24.414063
73.242188 24.414063
75.683594 24.414063
78.125 21.972656
80.566406 21.972656
83.007813 21.972656
85.449219 21.972656
87.890625 21.972656
90.332031 21.972656
92.773438 21.972656
95.214844 19.53125
97.65625 19.53125
100.097656 19.53125
102.539063 19.53125
104.980469 19.53125
107.421875 19.53125
109.863281 19.53125
112.304688 17.089844
114.746094 17.089844
117.1875 14.648438
119.628906 14.648438
131.835938 14.648438
129.394531 14.648438
126.953125 14.648438
124.511719 14.648438
122.070313 14.648438
