200.195313 51.269531
197.753906 51.269531
195.3125 51.269531
192.871094 51.269531
190.429688 51.269531
187.988281 51.269531
185.546875 51.269531
183.105469 51.269531
180.664063 51.269531
178.222656 48.828125
175.78125 46.386719
173.339844 46.386719
170.898438 43.945313
168.457031 43.945313
166.015625 41.503906
163.574219 41.503906
161.132813 39.0625
158.691406 39.0625
156.25 36.621094
153.808594 36.621094
151.367188 36.621094
148.925781 36.621094
146.484375 34.179688
144.042969 31.738281
141.601563 31.738281
139.160156 29.296875
136.71875 29.296875
134.277344 26.855469
131.835938 24.414063
129.394531 24.414063
126.953125 24.414063
124.511719 21.972656
122.070313 21.972656
119.628906 21.972656
117.1875 21.972656
114.746094 21.972656
112.304688 21.972656
109.863281 21.972656
107.421875 21.972656
104.980469 21.972656
102.539063 21.972656
100.097656 21.972656
97.65625 21.972656
95.214844 21.972656
92.773438 21.972656
90.332031 21.972656
87.890625 21.972656
85.449219 21.972656
83.007813 21.972656
80.566406 21.972656
78.125 21.972656
75.683594 21.972656
73.242188 21.972656
70.800781 21.972656
68.359375 21.972656
65.917969 21.972656
63.476563 24.414063
61.035156 24.414063
58.59375 24.414063
56.152344 26.855469
53.710938 26.855469
51.269531 26.855469
48.828125 26.855469
46.386719 29.296875
43.945313 29.296875
41.503906 29.296875
39.0625 29.296875
36.621094 31.738281
34.179688 31.738281
31.738281 31.738281
29.296875 34.179688
26.855469 34.179688
24.414063 34.179688
21.972656 36.621094
21.972656 39.0625
21.972656 58.59375
21.972656 56.152344
21.972656 53.710938
21.972656 51.269531
21.972656 48.828125
21.972656 46.386719
21.972656 43.945313
21.972656 41.503906
