46.386719 129.394531
43.945313 129.394531
41.503906 126.953125
39.0625 124.511719
39.0625 122.070313
39.0625 119.628906
36.621094 117.1875
36.621094 114.746094
36.621094 112.304688
34.179688 109.863281
34.179688 107.421875
31.738281 104.980469
31.738281 102.539063
29.296875 100.097656
29.296875 97.65625
29.296875 95.214844
29.296875 92.773438
29.296875 90.332031
29.296875 87.890625
29.296875 85.449219
29.296875 83.007813
26.855469 80.566406
26.855469 78.125
26.855469 75.683594
26.855469 73.242188
26.855469 70.800781
26.855469 68.359375
26.855469 65.917969
26.855469 63.476563
26.855469 61.035156
26.855469 58.59375
26.855469 56.152344
24.414063 53.710938
24.414063 51.269531
24.414063 48.828125
24.414063 46.386719
24.414063 43.945313
21.972656 41.503906
21.972656 39.0625
21.972656 36.621094
21.972656 34.179688
21.972656 31.738281
21.972656 29.296875
19.53125 26.855469
19.53125 24.414063
19.53125 21.972656
17.089844 19.53125
17.089844 17.089844
