53.710938 97.65625
53.710938 95.214844
53.710938 92.773438
53.710938 90.332031
53.710938 87.890625
53.710938 85.449219
53.710938 83.007813
53.710938 80.566406
53.710938 78.125
51.269531 75.683594
51.269531 73.242188
48.828125 70.800781
48.828125 68.359375
46.386719 65.917969
46.386719 63.476563
43.945313 61.035156
43.945313 58.59375
41.503906 56.152344
41.503906 53.710938
39.0625 51.269531
39.0625 48.828125
36.621094 46.386719
34.179688 43.945313
34.179688 41.503906
31.738281 39.0625
31.738281 36.621094
29.296875 34.179688
29.296875 31.738281
26.855469 29.296875
26.855469 26.855469
24.414063 24.414063
24.414063 21.972656
24.414063 2.441406
24.414063 4.882813
24.414063 7.324219
24.414063 9.765625
24.414063 12.207031
24.414063 14.648438
24.414063 17.089844
24.414063 19.53125
