85.449219 65.917969
83.007813 65.917969
80.566406 63.476563
78.125 63.476563
75.683594 61.035156
73.242188 58.59375
70.800781 56.152344
68.359375 53.710938
65.917969 51.269531
63.476563 48.828125
61.035156 46.386719
58.59375 43.945313
56.152344 41.503906
53.710938 41.503906
51.269531 39.0625
48.828125 36.621094
46.386719 34.179688
43.945313 31.738281
41.503906 29.296875
39.0625 29.296875
36.621094 26.855469
34.179688 26.855469
31.738281 24.414063
29.296875 24.414063
26.855469 21.972656
24.414063 21.972656
21.972656 19.53125
19.53125 17.089844
17.089844 17.089844
