24.414063 212.402344
24.414063 209.960938
24.414063 207.519531
24.414063 205.078125
24.414063 202.636719
24.414063 200.195313
24.414063 197.753906
24.414063 195.3125
24.414063 192.871094
24.414063 190.429688
24.414063 187.988281
21.972656 185.546875
21.972656 183.105469
21.972656 180.664063
21.972656 178.222656
21.972656 175.78125
21.972656 173.339844
21.972656 170.898438
21.972656 168.457031
21.972656 166.015625
21.972656 163.574219
19.53125 161.132813
19.53125 158.691406
19.53125 156.25
19.53125 153.808594
19.53125 151.367188
19.53125 148.925781
19.53125 146.484375
19.53125 144.042969
19.53125 141.601563
19.53125 139.160156
19.53125 136.71875
19.53125 134.277344
19.53125 131.835938
19.53125 129.394531
19.53125 126.953125
19.53125 124.511719
17.089844 122.070313
17.089844 119.628906
17.089844 117.1875
17.089844 114.746094
17.089844 112.304688
17.089844 109.863281
17.089844 107.421875
17.089844 104.980469
17.089844 102.539063
14.648438 100.097656
14.648438 97.65625
14.648438 95.214844
14.648438 92.773438
14.648438 90.332031
14.648438 87.890625
14.648438 85.449219
14.648438 83.007813
14.648438 80.566406
14.648438 78.125
14.648438 75.683594
14.648438 73.242188
14.648438 70.800781
14.648438 68.359375
14.648438 65.917969
14.648438 63.476563
14.648438 61.035156
14.648438 58.59375
14.648438 56.152344
14.648438 53.710938
14.648438 51.269531
14.648438 48.828125
14.648438 46.386719
14.648438 43.945313
14.648438 41.503906
17.089844 39.0625
17.089844 36.621094
17.089844 34.179688
17.089844 31.738281
19.53125 29.296875
19.53125 26.855469
17.089844 24.414063
17.089844 21.972656
19.53125 19.53125
19.53125 17.089844
19.53125 14.648438
21.972656 12.207031
21.972656 9.765625
24.414063 7.324219
26.855469 4.882813
29.296875 4.882813
34.179688 4.882813
31.738281 4.882813
