12.207031 222.167969
12.207031 219.726563
12.207031 217.285156
12.207031 214.84375
14.648438 212.402344
14.648438 209.960938
14.648438 207.519531
14.648438 205.078125
14.648438 202.636719
14.648438 200.195313
14.648438 197.753906
14.648438 195.3125
17.089844 192.871094
17.089844 190.429688
17.089844 187.988281
17.089844 185.546875
17.089844 183.105469
17.089844 180.664063
17.089844 178.222656
17.089844 175.78125
19.53125 173.339844
19.53125 170.898438
19.53125 168.457031
19.53125 166.015625
19.53125 163.574219
19.53125 161.132813
19.53125 158.691406
21.972656 156.25
21.972656 153.808594
21.972656 151.367188
21.972656 148.925781
21.972656 146.484375
24.414063 144.042969
24.414063 141.601563
24.414063 139.160156
24.414063 136.71875
24.414063 134.277344
24.414063 131.835938
26.855469 129.394531
26.855469 126.953125
26.855469 124.511719
26.855469 122.070313
26.855469 119.628906
29.296875 117.1875
29.296875 114.746094
31.738281 112.304688
31.738281 109.863281
34.179688 107.421875
34.179688 104.980469
34.179688 102.539063
36.621094 100.097656
36.621094 97.65625
36.621094 95.214844
39.0625 92.773438
39.0625 90.332031
39.0625 87.890625
41.503906 85.449219
43.945313 83.007813
43.945313 80.566406
46.386719 78.125
46.386719 75.683594
48.828125 73.242188
48.828125 70.800781
51.269531 68.359375
51.269531 65.917969
53.710938 63.476563
53.710938 61.035156
56.152344 58.59375
58.59375 56.152344
58.59375 53.710938
61.035156 51.269531
61.035156 48.828125
63.476563 46.386719
63.476563 43.945313
65.917969 41.503906
68.359375 39.0625
68.359375 36.621094
70.800781 34.179688
70.800781 31.738281
70.800781 29.296875
70.800781 26.855469
73.242188 24.414063
73.242188 21.972656
75.683594 19.53125
75.683594 17.089844
75.683594 14.648438
