17.089844 129.394531
19.53125 126.953125
21.972656 126.953125
24.414063 126.953125
26.855469 124.511719
29.296875 124.511719
31.738281 124.511719
34.179688 122.070313
36.621094 122.070313
39.0625 119.628906
41.503906 119.628906
43.945313 119.628906
46.386719 117.1875
48.828125 117.1875
51.269531 114.746094
53.710938 112.304688
56.152344 112.304688
58.59375 109.863281
61.035156 109.863281
63.476563 107.421875
65.917969 104.980469
68.359375 104.980469
70.800781 102.539063
73.242188 102.539063
75.683594 100.097656
78.125 100.097656
80.566406 97.65625
83.007813 95.214844
85.449219 92.773438
87.890625 92.773438
90.332031 90.332031
92.773438 90.332031
95.214844 87.890625
97.65625 85.449219
100.097656 85.449219
102.539063 83.007813
104.980469 83.007813
107.421875 83.007813
109.863281 80.566406
112.304688 80.566406
114.746094 78.125
117.1875 78.125
119.628906 78.125
122.070313 75.683594
124.511719 75.683594
126.953125 73.242188
129.394531 73.242188
131.835938 70.800781
134.277344 68.359375
136.71875 65.917969
139.160156 65.917969
141.601563 63.476563
144.042969 61.035156
146.484375 61.035156
148.925781 61.035156
151.367188 58.59375
153.808594 58.59375
156.25 56.152344
158.691406 56.152344
161.132813 53.710938
163.574219 53.710938
166.015625 51.269531
168.457031 51.269531
170.898438 48.828125
173.339844 46.386719
175.78125 46.386719
178.222656 43.945313
180.664063 43.945313
183.105469 43.945313
185.546875 41.503906
187.988281 41.503906
190.429688 39.0625
192.871094 36.621094
195.3125 36.621094
197.753906 34.179688
200.195313 34.179688
202.636719 31.738281
205.078125 31.738281
207.519531 29.296875
209.960938 26.855469
212.402344 26.855469
214.84375 24.414063
217.285156 24.414063
219.726563 21.972656
222.167969 21.972656
224.609375 19.53125
227.050781 19.53125
229.492188 17.089844
