14.648438 83.007813
14.648438 80.566406
14.648438 78.125
14.648438 75.683594
17.089844 73.242188
17.089844 70.800781
17.089844 68.359375
19.53125 65.917969
19.53125 63.476563
21.972656 61.035156
21.972656 58.59375
21.972656 56.152344
21.972656 53.710938
24.414063 51.269531
24.414063 48.828125
24.414063 46.386719
24.414063 43.945313
24.414063 41.503906
26.855469 39.0625
26.855469 36.621094
26.855469 34.179688
26.855469 31.738281
29.296875 29.296875
29.296875 26.855469
29.296875 24.414063
29.296875 21.972656
29.296875 19.53125
31.738281 17.089844
31.738281 14.648438
