68.359375 56.152344
65.917969 56.152344
63.476563 56.152344
61.035156 56.152344
58.59375 56.152344
56.152344 53.710938
53.710938 51.269531
51.269531 48.828125
51.269531 46.386719
48.828125 43.945313
46.386719 41.503906
43.945313 39.0625
41.503906 36.621094
39.0625 34.179688
39.0625 31.738281
36.621094 29.296875
34.179688 26.855469
31.738281 24.414063
29.296875 21.972656
26.855469 21.972656
24.414063 19.53125
21.972656 17.089844
19.53125 17.089844
17.089844 14.648438
14.648438 14.648438
2.441406 14.648438
4.882813 14.648438
7.324219 14.648438
9.765625 14.648438
12.207031 14.648438
