2.441406 90.332031
4.882813 90.332031
7.324219 90.332031
9.765625 90.332031
12.207031 90.332031
14.648438 90.332031
17.089844 90.332031
19.53125 90.332031
21.972656 90.332031
24.414063 87.890625
26.855469 87.890625
29.296875 87.890625
31.738281 85.449219
34.179688 85.449219
36.621094 85.449219
39.0625 85.449219
41.503906 85.449219
43.945313 85.449219
46.386719 85.449219
48.828125 85.449219
51.269531 83.007813
53.710938 83.007813
56.152344 83.007813
58.59375 83.007813
61.035156 80.566406
63.476563 80.566406
65.917969 80.566406
68.359375 80.566406
70.800781 80.566406
73.242188 78.125
75.683594 75.683594
78.125 75.683594
80.566406 73.242188
83.007813 73.242188
85.449219 73.242188
87.890625 70.800781
90.332031 70.800781
92.773438 68.359375
95.214844 65.917969
97.65625 65.917969
100.097656 63.476563
102.539063 61.035156
104.980469 61.035156
107.421875 58.59375
109.863281 58.59375
112.304688 56.152344
114.746094 56.152344
117.1875 56.152344
119.628906 53.710938
122.070313 53.710938
124.511719 51.269531
126.953125 51.269531
129.394531 48.828125
131.835938 48.828125
134.277344 46.386719
136.71875 46.386719
139.160156 43.945313
141.601563 43.945313
144.042969 41.503906
146.484375 41.503906
148.925781 39.0625
151.367188 36.621094
153.808594 36.621094
156.25 34.179688
158.691406 31.738281
161.132813 31.738281
163.574219 29.296875
166.015625 29.296875
168.457031 26.855469
170.898438 26.855469
173.339844 24.414063
175.78125 24.414063
178.222656 24.414063
180.664063 21.972656
183.105469 19.53125
185.546875 17.089844
185.546875 14.648438
185.546875 2.441406
185.546875 4.882813
185.546875 7.324219
185.546875 9.765625
185.546875 12.207031
