12.207031 163.574219
14.648438 161.132813
17.089844 158.691406
17.089844 156.25
17.089844 153.808594
17.089844 151.367188
17.089844 148.925781
19.53125 146.484375
19.53125 144.042969
19.53125 141.601563
19.53125 139.160156
19.53125 136.71875
19.53125 134.277344
19.53125 131.835938
19.53125 129.394531
19.53125 126.953125
19.53125 124.511719
19.53125 122.070313
19.53125 119.628906
21.972656 117.1875
21.972656 114.746094
21.972656 112.304688
19.53125 109.863281
19.53125 107.421875
19.53125 104.980469
19.53125 102.539063
21.972656 100.097656
21.972656 97.65625
21.972656 95.214844
21.972656 92.773438
19.53125 90.332031
19.53125 87.890625
19.53125 85.449219
19.53125 83.007813
19.53125 80.566406
19.53125 78.125
21.972656 75.683594
21.972656 73.242188
21.972656 70.800781
21.972656 68.359375
21.972656 65.917969
21.972656 63.476563
21.972656 61.035156
21.972656 58.59375
21.972656 56.152344
21.972656 53.710938
21.972656 51.269531
21.972656 48.828125
21.972656 46.386719
21.972656 43.945313
21.972656 41.503906
21.972656 39.0625
21.972656 36.621094
19.53125 34.179688
19.53125 31.738281
19.53125 29.296875
19.53125 26.855469
17.089844 24.414063
17.089844 21.972656
17.089844 19.53125
17.089844 17.089844
19.53125 14.648438
19.53125 12.207031
