95.214844 114.746094
95.214844 112.304688
95.214844 109.863281
95.214844 107.421875
95.214844 104.980469
95.214844 102.539063
95.214844 100.097656
92.773438 97.65625
90.332031 95.214844
87.890625 92.773438
85.449219 92.773438
83.007813 90.332031
80.566406 87.890625
78.125 85.449219
75.683594 83.007813
73.242188 80.566406
70.800781 78.125
68.359375 75.683594
65.917969 73.242188
63.476563 73.242188
61.035156 70.800781
58.59375 68.359375
56.152344 65.917969
53.710938 63.476563
53.710938 61.035156
51.269531 58.59375
48.828125 56.152344
48.828125 53.710938
46.386719 51.269531
43.945313 48.828125
41.503906 46.386719
41.503906 43.945313
39.0625 41.503906
36.621094 39.0625
34.179688 36.621094
31.738281 34.179688
31.738281 31.738281
29.296875 29.296875
26.855469 26.855469
24.414063 24.414063
24.414063 21.972656
24.414063 2.441406
24.414063 4.882813
24.414063 7.324219
24.414063 9.765625
24.414063 12.207031
24.414063 14.648438
24.414063 17.089844
24.414063 19.53125
