70.800781 12.207031
68.359375 12.207031
65.917969 12.207031
63.476563 12.207031
61.035156 12.207031
58.59375 12.207031
56.152344 12.207031
53.710938 12.207031
51.269531 12.207031
48.828125 12.207031
46.386719 14.648438
43.945313 14.648438
41.503906 14.648438
39.0625 14.648438
36.621094 14.648438
34.179688 14.648438
31.738281 14.648438
29.296875 17.089844
26.855469 17.089844
24.414063 17.089844
21.972656 17.089844
19.53125 17.089844
17.089844 14.648438
14.648438 14.648438
12.207031 12.207031
9.765625 12.207031
2.441406 12.207031
4.882813 12.207031
7.324219 12.207031
