92.773438 112.304688
92.773438 109.863281
92.773438 107.421875
92.773438 104.980469
92.773438 102.539063
92.773438 100.097656
92.773438 97.65625
92.773438 95.214844
90.332031 92.773438
90.332031 90.332031
87.890625 87.890625
87.890625 85.449219
85.449219 83.007813
83.007813 80.566406
80.566406 78.125
78.125 75.683594
75.683594 73.242188
73.242188 70.800781
70.800781 68.359375
68.359375 68.359375
65.917969 65.917969
63.476563 63.476563
61.035156 61.035156
58.59375 58.59375
56.152344 56.152344
53.710938 53.710938
51.269531 51.269531
48.828125 48.828125
46.386719 48.828125
43.945313 46.386719
41.503906 43.945313
39.0625 41.503906
36.621094 39.0625
34.179688 36.621094
31.738281 34.179688
29.296875 31.738281
29.296875 29.296875
26.855469 26.855469
24.414063 24.414063
21.972656 21.972656
19.53125 19.53125
19.53125 17.089844
19.53125 2.441406
19.53125 4.882813
19.53125 7.324219
19.53125 9.765625
19.53125 12.207031
19.53125 14.648438
