7.324219 258.789063
9.765625 256.347656
12.207031 253.90625
14.648438 251.464844
17.089844 249.023438
19.53125 246.582031
21.972656 244.140625
24.414063 244.140625
26.855469 241.699219
29.296875 241.699219
31.738281 239.257813
34.179688 236.816406
36.621094 234.375
39.0625 231.933594
41.503906 229.492188
43.945313 227.050781
43.945313 224.609375
46.386719 222.167969
48.828125 219.726563
51.269531 217.285156
53.710938 214.84375
56.152344 212.402344
58.59375 209.960938
61.035156 207.519531
61.035156 205.078125
63.476563 202.636719
63.476563 200.195313
65.917969 197.753906
68.359375 195.3125
68.359375 192.871094
68.359375 190.429688
70.800781 187.988281
70.800781 185.546875
73.242188 183.105469
73.242188 180.664063
75.683594 178.222656
75.683594 175.78125
78.125 173.339844
80.566406 170.898438
83.007813 168.457031
85.449219 166.015625
85.449219 163.574219
87.890625 161.132813
90.332031 158.691406
92.773438 156.25
95.214844 153.808594
97.65625 151.367188
100.097656 148.925781
102.539063 146.484375
104.980469 144.042969
107.421875 141.601563
107.421875 139.160156
109.863281 136.71875
109.863281 134.277344
112.304688 131.835938
112.304688 129.394531
114.746094 126.953125
117.1875 124.511719
119.628906 122.070313
119.628906 119.628906
122.070313 117.1875
124.511719 114.746094
126.953125 112.304688
126.953125 109.863281
129.394531 107.421875
129.394531 104.980469
131.835938 102.539063
134.277344 100.097656
136.71875 97.65625
136.71875 95.214844
139.160156 92.773438
139.160156 90.332031
141.601563 87.890625
144.042969 85.449219
146.484375 83.007813
146.484375 80.566406
148.925781 78.125
151.367188 75.683594
153.808594 73.242188
153.808594 70.800781
156.25 68.359375
156.25 65.917969
158.691406 63.476563
161.132813 61.035156
161.132813 58.59375
163.574219 56.152344
166.015625 53.710938
168.457031 51.269531
170.898438 48.828125
173.339844 46.386719
175.78125 43.945313
178.222656 41.503906
180.664063 41.503906
183.105469 39.0625
185.546875 36.621094
187.988281 34.179688
190.429688 31.738281
192.871094 31.738281
195.3125 29.296875
197.753906 26.855469
200.195313 24.414063
202.636719 21.972656
205.078125 21.972656
207.519531 21.972656
209.960938 19.53125
212.402344 19.53125
214.84375 19.53125
217.285156 17.089844
219.726563 17.089844
222.167969 17.089844
224.609375 17.089844
227.050781 14.648438
229.492188 14.648438
231.933594 14.648438
234.375 14.648438
236.816406 12.207031
244.140625 4.882813
241.699219 7.324219
239.257813 9.765625
