39.0625 90.332031
36.621094 87.890625
36.621094 85.449219
36.621094 83.007813
34.179688 80.566406
34.179688 78.125
31.738281 75.683594
31.738281 73.242188
31.738281 70.800781
31.738281 68.359375
31.738281 65.917969
29.296875 63.476563
29.296875 61.035156
29.296875 58.59375
26.855469 56.152344
26.855469 53.710938
26.855469 51.269531
26.855469 48.828125
24.414063 46.386719
24.414063 43.945313
21.972656 41.503906
21.972656 39.0625
21.972656 36.621094
21.972656 34.179688
19.53125 31.738281
19.53125 29.296875
19.53125 26.855469
19.53125 24.414063
19.53125 21.972656
19.53125 19.53125
17.089844 17.089844
17.089844 14.648438
14.648438 12.207031
12.207031 9.765625
9.765625 9.765625
