26.855469 131.835938
26.855469 129.394531
26.855469 126.953125
26.855469 124.511719
26.855469 122.070313
26.855469 119.628906
26.855469 117.1875
26.855469 114.746094
26.855469 112.304688
26.855469 109.863281
24.414063 107.421875
24.414063 104.980469
24.414063 102.539063
24.414063 100.097656
24.414063 97.65625
21.972656 95.214844
21.972656 92.773438
21.972656 90.332031
21.972656 87.890625
21.972656 85.449219
21.972656 83.007813
21.972656 80.566406
21.972656 78.125
21.972656 75.683594
21.972656 73.242188
21.972656 70.800781
21.972656 68.359375
21.972656 65.917969
21.972656 63.476563
21.972656 61.035156
21.972656 58.59375
21.972656 56.152344
21.972656 53.710938
21.972656 51.269531
21.972656 48.828125
21.972656 46.386719
19.53125 43.945313
19.53125 41.503906
19.53125 39.0625
19.53125 36.621094
19.53125 34.179688
19.53125 31.738281
19.53125 29.296875
19.53125 26.855469
19.53125 24.414063
19.53125 21.972656
19.53125 19.53125
19.53125 17.089844
19.53125 14.648438
19.53125 2.441406
19.53125 4.882813
19.53125 7.324219
19.53125 9.765625
19.53125 12.207031
