21.972656 187.988281
21.972656 185.546875
24.414063 183.105469
24.414063 180.664063
24.414063 178.222656
26.855469 175.78125
29.296875 173.339844
29.296875 170.898438
29.296875 168.457031
31.738281 166.015625
31.738281 163.574219
31.738281 161.132813
34.179688 158.691406
34.179688 156.25
34.179688 153.808594
36.621094 151.367188
36.621094 148.925781
36.621094 146.484375
36.621094 144.042969
36.621094 141.601563
36.621094 139.160156
39.0625 136.71875
39.0625 134.277344
39.0625 131.835938
39.0625 129.394531
39.0625 126.953125
39.0625 124.511719
39.0625 122.070313
39.0625 119.628906
41.503906 117.1875
41.503906 114.746094
41.503906 112.304688
41.503906 109.863281
41.503906 107.421875
41.503906 104.980469
41.503906 102.539063
41.503906 100.097656
41.503906 97.65625
43.945313 95.214844
43.945313 92.773438
43.945313 90.332031
43.945313 87.890625
43.945313 85.449219
43.945313 83.007813
46.386719 80.566406
46.386719 78.125
46.386719 75.683594
46.386719 73.242188
46.386719 70.800781
46.386719 68.359375
46.386719 65.917969
46.386719 63.476563
46.386719 61.035156
46.386719 58.59375
46.386719 56.152344
46.386719 53.710938
46.386719 51.269531
46.386719 48.828125
46.386719 46.386719
46.386719 43.945313
46.386719 41.503906
48.828125 39.0625
48.828125 36.621094
48.828125 34.179688
48.828125 31.738281
46.386719 29.296875
46.386719 26.855469
46.386719 24.414063
48.828125 21.972656
48.828125 19.53125
48.828125 17.089844
