129.394531 26.855469
126.953125 26.855469
124.511719 26.855469
122.070313 26.855469
119.628906 26.855469
117.1875 26.855469
114.746094 26.855469
112.304688 26.855469
109.863281 29.296875
107.421875 29.296875
104.980469 29.296875
102.539063 29.296875
100.097656 29.296875
97.65625 29.296875
95.214844 29.296875
92.773438 29.296875
90.332031 29.296875
87.890625 29.296875
85.449219 29.296875
83.007813 29.296875
80.566406 29.296875
78.125 29.296875
75.683594 29.296875
73.242188 29.296875
70.800781 29.296875
68.359375 29.296875
65.917969 29.296875
63.476563 29.296875
61.035156 29.296875
58.59375 26.855469
56.152344 26.855469
53.710938 26.855469
51.269531 26.855469
48.828125 26.855469
46.386719 26.855469
43.945313 24.414063
41.503906 24.414063
39.0625 24.414063
36.621094 24.414063
34.179688 21.972656
31.738281 21.972656
29.296875 19.53125
26.855469 17.089844
24.414063 17.089844
21.972656 17.089844
19.53125 14.648438
17.089844 14.648438
14.648438 12.207031
12.207031 12.207031
