87.890625 90.332031
85.449219 90.332031
83.007813 87.890625
80.566406 85.449219
78.125 83.007813
78.125 80.566406
75.683594 78.125
73.242188 75.683594
70.800781 73.242188
68.359375 73.242188
65.917969 70.800781
63.476563 68.359375
61.035156 65.917969
58.59375 63.476563
56.152344 61.035156
53.710938 58.59375
51.269531 56.152344
51.269531 53.710938
48.828125 51.269531
46.386719 48.828125
43.945313 46.386719
41.503906 43.945313
39.0625 41.503906
36.621094 39.0625
36.621094 36.621094
34.179688 34.179688
31.738281 31.738281
29.296875 29.296875
26.855469 26.855469
24.414063 24.414063
21.972656 21.972656
19.53125 19.53125
17.089844 17.089844
17.089844 14.648438
