19.53125 227.050781
19.53125 224.609375
21.972656 222.167969
21.972656 219.726563
24.414063 217.285156
24.414063 214.84375
26.855469 212.402344
26.855469 209.960938
26.855469 207.519531
29.296875 205.078125
29.296875 202.636719
31.738281 200.195313
31.738281 197.753906
31.738281 195.3125
31.738281 192.871094
31.738281 190.429688
31.738281 187.988281
31.738281 185.546875
31.738281 183.105469
31.738281 180.664063
31.738281 178.222656
31.738281 175.78125
31.738281 173.339844
31.738281 170.898438
31.738281 168.457031
31.738281 166.015625
31.738281 163.574219
31.738281 161.132813
31.738281 158.691406
29.296875 156.25
29.296875 153.808594
29.296875 151.367188
31.738281 148.925781
31.738281 146.484375
31.738281 144.042969
34.179688 141.601563
34.179688 139.160156
36.621094 136.71875
36.621094 134.277344
39.0625 131.835938
39.0625 129.394531
39.0625 126.953125
36.621094 124.511719
36.621094 122.070313
36.621094 119.628906
36.621094 117.1875
36.621094 114.746094
36.621094 112.304688
36.621094 109.863281
36.621094 107.421875
36.621094 104.980469
36.621094 102.539063
39.0625 100.097656
39.0625 97.65625
39.0625 95.214844
39.0625 92.773438
39.0625 90.332031
39.0625 87.890625
39.0625 85.449219
39.0625 83.007813
36.621094 80.566406
36.621094 78.125
36.621094 75.683594
36.621094 73.242188
36.621094 70.800781
36.621094 68.359375
36.621094 65.917969
36.621094 63.476563
34.179688 61.035156
34.179688 58.59375
34.179688 56.152344
34.179688 53.710938
31.738281 51.269531
31.738281 48.828125
29.296875 46.386719
29.296875 43.945313
29.296875 41.503906
29.296875 39.0625
26.855469 36.621094
26.855469 34.179688
26.855469 31.738281
26.855469 29.296875
29.296875 26.855469
29.296875 24.414063
26.855469 21.972656
26.855469 19.53125
29.296875 17.089844
29.296875 14.648438
