19.53125 80.566406
21.972656 78.125
24.414063 75.683594
26.855469 75.683594
29.296875 73.242188
31.738281 73.242188
34.179688 70.800781
36.621094 68.359375
39.0625 68.359375
41.503906 65.917969
43.945313 63.476563
46.386719 63.476563
48.828125 61.035156
51.269531 61.035156
53.710938 61.035156
56.152344 58.59375
58.59375 58.59375
61.035156 56.152344
63.476563 53.710938
65.917969 53.710938
68.359375 51.269531
70.800781 51.269531
73.242188 51.269531
75.683594 48.828125
78.125 48.828125
80.566406 46.386719
83.007813 43.945313
85.449219 43.945313
87.890625 43.945313
90.332031 41.503906
92.773438 39.0625
95.214844 39.0625
97.65625 36.621094
100.097656 34.179688
102.539063 34.179688
104.980469 34.179688
107.421875 31.738281
109.863281 31.738281
112.304688 31.738281
114.746094 29.296875
117.1875 29.296875
119.628906 29.296875
122.070313 26.855469
122.070313 24.414063
124.511719 21.972656
126.953125 19.53125
126.953125 17.089844
