21.972656 141.601563
21.972656 139.160156
21.972656 136.71875
19.53125 134.277344
19.53125 131.835938
19.53125 129.394531
21.972656 126.953125
21.972656 124.511719
21.972656 122.070313
21.972656 119.628906
21.972656 117.1875
24.414063 114.746094
24.414063 112.304688
24.414063 109.863281
26.855469 107.421875
26.855469 104.980469
26.855469 102.539063
29.296875 100.097656
29.296875 97.65625
29.296875 95.214844
31.738281 92.773438
31.738281 90.332031
34.179688 87.890625
34.179688 85.449219
34.179688 83.007813
36.621094 80.566406
36.621094 78.125
36.621094 75.683594
36.621094 73.242188
36.621094 70.800781
39.0625 68.359375
39.0625 65.917969
39.0625 63.476563
39.0625 61.035156
41.503906 58.59375
41.503906 56.152344
43.945313 53.710938
43.945313 51.269531
43.945313 48.828125
46.386719 46.386719
46.386719 43.945313
48.828125 41.503906
48.828125 39.0625
48.828125 36.621094
51.269531 34.179688
51.269531 31.738281
53.710938 29.296875
53.710938 26.855469
56.152344 24.414063
56.152344 21.972656
56.152344 19.53125
58.59375 17.089844
58.59375 14.648438
