75.683594 87.890625
73.242188 87.890625
70.800781 87.890625
68.359375 87.890625
65.917969 87.890625
63.476563 87.890625
61.035156 87.890625
58.59375 87.890625
56.152344 85.449219
53.710938 83.007813
53.710938 80.566406
51.269531 78.125
51.269531 75.683594
48.828125 73.242188
48.828125 70.800781
48.828125 68.359375
46.386719 65.917969
46.386719 63.476563
46.386719 61.035156
43.945313 58.59375
43.945313 56.152344
41.503906 53.710938
39.0625 51.269531
36.621094 48.828125
36.621094 46.386719
34.179688 43.945313
31.738281 41.503906
31.738281 39.0625
29.296875 36.621094
26.855469 34.179688
26.855469 31.738281
26.855469 29.296875
24.414063 26.855469
24.414063 24.414063
24.414063 21.972656
24.414063 2.441406
24.414063 4.882813
24.414063 7.324219
24.414063 9.765625
24.414063 12.207031
24.414063 14.648438
24.414063 17.089844
24.414063 19.53125
