12.207031 112.304688
14.648438 109.863281
17.089844 107.421875
19.53125 104.980469
19.53125 102.539063
21.972656 100.097656
24.414063 97.65625
26.855469 95.214844
26.855469 92.773438
29.296875 90.332031
31.738281 87.890625
34.179688 85.449219
36.621094 83.007813
36.621094 80.566406
39.0625 78.125
41.503906 75.683594
43.945313 73.242188
43.945313 70.800781
46.386719 68.359375
48.828125 65.917969
51.269531 63.476563
53.710938 61.035156
53.710938 58.59375
56.152344 56.152344
58.59375 53.710938
61.035156 51.269531
61.035156 48.828125
63.476563 46.386719
65.917969 43.945313
65.917969 41.503906
68.359375 39.0625
70.800781 36.621094
70.800781 34.179688
73.242188 31.738281
73.242188 29.296875
75.683594 26.855469
78.125 24.414063
78.125 21.972656
80.566406 19.53125
