63.476563 156.25
61.035156 158.691406
58.59375 158.691406
56.152344 158.691406
53.710938 158.691406
51.269531 156.25
48.828125 156.25
46.386719 153.808594
43.945313 151.367188
41.503906 148.925781
39.0625 146.484375
36.621094 144.042969
34.179688 141.601563
31.738281 141.601563
29.296875 139.160156
29.296875 136.71875
26.855469 134.277344
26.855469 131.835938
26.855469 129.394531
29.296875 126.953125
31.738281 124.511719
34.179688 124.511719
36.621094 122.070313
39.0625 122.070313
41.503906 119.628906
43.945313 119.628906
46.386719 117.1875
48.828125 114.746094
51.269531 112.304688
53.710938 109.863281
56.152344 107.421875
58.59375 104.980469
61.035156 102.539063
63.476563 100.097656
63.476563 97.65625
63.476563 95.214844
63.476563 92.773438
65.917969 90.332031
65.917969 87.890625
65.917969 85.449219
65.917969 83.007813
65.917969 80.566406
65.917969 78.125
65.917969 75.683594
65.917969 73.242188
68.359375 70.800781
68.359375 68.359375
68.359375 65.917969
70.800781 63.476563
70.800781 61.035156
70.800781 58.59375
70.800781 56.152344
70.800781 53.710938
70.800781 51.269531
70.800781 48.828125
70.800781 46.386719
70.800781 43.945313
70.800781 41.503906
70.800781 39.0625
73.242188 36.621094
73.242188 34.179688
75.683594 31.738281
78.125 29.296875
78.125 26.855469
78.125 24.414063
78.125 21.972656
78.125 19.53125
78.125 17.089844
78.125 14.648438
80.566406 12.207031
80.566406 9.765625
80.566406 7.324219
