85.449219 53.710938
83.007813 56.152344
80.566406 56.152344
78.125 56.152344
75.683594 53.710938
73.242188 51.269531
70.800781 51.269531
68.359375 48.828125
65.917969 46.386719
63.476563 46.386719
61.035156 43.945313
58.59375 43.945313
56.152344 41.503906
53.710938 39.0625
51.269531 39.0625
48.828125 36.621094
46.386719 34.179688
43.945313 31.738281
41.503906 29.296875
39.0625 26.855469
36.621094 26.855469
34.179688 24.414063
31.738281 24.414063
29.296875 21.972656
26.855469 19.53125
24.414063 19.53125
21.972656 19.53125
19.53125 17.089844
17.089844 14.648438
14.648438 12.207031
12.207031 9.765625
9.765625 9.765625
