170.898438 19.53125
168.457031 19.53125
166.015625 19.53125
163.574219 19.53125
161.132813 19.53125
158.691406 19.53125
156.25 19.53125
153.808594 19.53125
151.367188 19.53125
148.925781 19.53125
146.484375 19.53125
144.042969 19.53125
141.601563 19.53125
139.160156 19.53125
136.71875 21.972656
134.277344 21.972656
131.835938 21.972656
129.394531 21.972656
126.953125 21.972656
124.511719 19.53125
122.070313 19.53125
119.628906 19.53125
117.1875 17.089844
114.746094 17.089844
112.304688 17.089844
109.863281 17.089844
107.421875 17.089844
104.980469 17.089844
102.539063 17.089844
100.097656 17.089844
97.65625 17.089844
95.214844 17.089844
92.773438 17.089844
90.332031 17.089844
87.890625 17.089844
85.449219 17.089844
83.007813 17.089844
80.566406 19.53125
78.125 19.53125
75.683594 19.53125
73.242188 19.53125
70.800781 19.53125
68.359375 19.53125
65.917969 21.972656
63.476563 21.972656
61.035156 24.414063
58.59375 24.414063
56.152344 24.414063
53.710938 24.414063
51.269531 26.855469
48.828125 26.855469
46.386719 26.855469
43.945313 29.296875
41.503906 29.296875
39.0625 29.296875
36.621094 29.296875
34.179688 31.738281
31.738281 31.738281
29.296875 34.179688
26.855469 34.179688
24.414063 36.621094
21.972656 39.0625
19.53125 41.503906
17.089844 43.945313
17.089844 46.386719
17.089844 61.035156
17.089844 58.59375
17.089844 56.152344
17.089844 53.710938
17.089844 51.269531
17.089844 48.828125
