4.882813 95.214844
7.324219 92.773438
9.765625 90.332031
12.207031 87.890625
14.648438 85.449219
17.089844 83.007813
19.53125 80.566406
21.972656 80.566406
24.414063 78.125
26.855469 75.683594
29.296875 75.683594
31.738281 75.683594
34.179688 73.242188
36.621094 70.800781
39.0625 70.800781
41.503906 68.359375
43.945313 65.917969
46.386719 65.917969
48.828125 63.476563
51.269531 61.035156
53.710938 58.59375
56.152344 56.152344
58.59375 53.710938
61.035156 51.269531
63.476563 51.269531
65.917969 48.828125
68.359375 46.386719
70.800781 43.945313
73.242188 41.503906
75.683594 39.0625
78.125 36.621094
80.566406 34.179688
83.007813 31.738281
85.449219 29.296875
87.890625 26.855469
90.332031 24.414063
92.773438 21.972656
107.421875 7.324219
104.980469 9.765625
102.539063 12.207031
100.097656 14.648438
97.65625 17.089844
95.214844 19.53125
