41.503906 112.304688
41.503906 109.863281
41.503906 107.421875
41.503906 104.980469
41.503906 102.539063
41.503906 100.097656
41.503906 97.65625
39.0625 95.214844
39.0625 92.773438
39.0625 90.332031
39.0625 87.890625
39.0625 85.449219
39.0625 83.007813
39.0625 80.566406
39.0625 78.125
39.0625 75.683594
39.0625 73.242188
36.621094 70.800781
36.621094 68.359375
36.621094 65.917969
36.621094 63.476563
36.621094 61.035156
36.621094 58.59375
34.179688 56.152344
34.179688 53.710938
34.179688 51.269531
31.738281 48.828125
31.738281 46.386719
29.296875 43.945313
29.296875 41.503906
26.855469 39.0625
26.855469 36.621094
24.414063 34.179688
24.414063 31.738281
21.972656 29.296875
21.972656 26.855469
19.53125 24.414063
19.53125 21.972656
19.53125 19.53125
17.089844 17.089844
17.089844 14.648438
17.089844 2.441406
17.089844 4.882813
17.089844 7.324219
17.089844 9.765625
17.089844 12.207031
