300.292969 78.125
297.851563 78.125
295.410156 75.683594
292.96875 73.242188
290.527344 73.242188
288.085938 73.242188
285.644531 73.242188
283.203125 73.242188
280.761719 73.242188
278.320313 70.800781
275.878906 70.800781
273.4375 70.800781
270.996094 70.800781
268.554688 70.800781
266.113281 70.800781
263.671875 68.359375
261.230469 68.359375
258.789063 68.359375
256.347656 68.359375
253.90625 68.359375
251.464844 65.917969
249.023438 65.917969
246.582031 63.476563
244.140625 63.476563
241.699219 63.476563
239.257813 63.476563
236.816406 63.476563
234.375 65.917969
231.933594 63.476563
229.492188 63.476563
227.050781 63.476563
224.609375 63.476563
222.167969 63.476563
219.726563 63.476563
217.285156 61.035156
214.84375 61.035156
212.402344 58.59375
209.960938 58.59375
207.519531 58.59375
205.078125 58.59375
202.636719 56.152344
200.195313 56.152344
197.753906 53.710938
195.3125 53.710938
192.871094 53.710938
190.429688 51.269531
187.988281 51.269531
185.546875 51.269531
183.105469 51.269531
180.664063 51.269531
178.222656 51.269531
175.78125 48.828125
173.339844 48.828125
170.898438 48.828125
168.457031 48.828125
166.015625 46.386719
163.574219 46.386719
161.132813 46.386719
158.691406 46.386719
156.25 46.386719
153.808594 43.945313
151.367188 43.945313
148.925781 43.945313
146.484375 41.503906
144.042969 41.503906
141.601563 41.503906
139.160156 41.503906
136.71875 39.0625
134.277344 39.0625
131.835938 39.0625
129.394531 36.621094
126.953125 36.621094
124.511719 36.621094
122.070313 34.179688
119.628906 31.738281
117.1875 31.738281
114.746094 29.296875
112.304688 26.855469
109.863281 26.855469
107.421875 24.414063
104.980469 21.972656
102.539063 21.972656
100.097656 19.53125
97.65625 19.53125
95.214844 17.089844
92.773438 17.089844
90.332031 17.089844
87.890625 17.089844
85.449219 17.089844
83.007813 17.089844
80.566406 17.089844
78.125 19.53125
75.683594 19.53125
73.242188 19.53125
70.800781 19.53125
68.359375 19.53125
65.917969 19.53125
63.476563 21.972656
61.035156 21.972656
58.59375 21.972656
56.152344 21.972656
53.710938 21.972656
51.269531 21.972656
48.828125 21.972656
46.386719 21.972656
43.945313 21.972656
41.503906 21.972656
39.0625 21.972656
36.621094 21.972656
34.179688 21.972656
31.738281 21.972656
29.296875 21.972656
26.855469 21.972656
24.414063 19.53125
21.972656 19.53125
19.53125 19.53125
17.089844 19.53125
14.648438 19.53125
