4.882813 151.367188
7.324219 148.925781
9.765625 146.484375
12.207031 144.042969
14.648438 141.601563
17.089844 139.160156
19.53125 136.71875
21.972656 134.277344
24.414063 131.835938
26.855469 129.394531
29.296875 126.953125
31.738281 124.511719
34.179688 122.070313
36.621094 119.628906
39.0625 117.1875
39.0625 114.746094
41.503906 112.304688
43.945313 109.863281
43.945313 107.421875
46.386719 104.980469
48.828125 102.539063
51.269531 100.097656
53.710938 97.65625
53.710938 95.214844
56.152344 92.773438
58.59375 90.332031
61.035156 87.890625
63.476563 85.449219
65.917969 83.007813
68.359375 80.566406
70.800781 78.125
70.800781 75.683594
73.242188 73.242188
75.683594 70.800781
78.125 68.359375
80.566406 65.917969
83.007813 63.476563
85.449219 61.035156
87.890625 58.59375
90.332031 56.152344
92.773438 53.710938
95.214844 51.269531
97.65625 48.828125
97.65625 46.386719
100.097656 43.945313
102.539063 41.503906
104.980469 39.0625
107.421875 39.0625
109.863281 36.621094
112.304688 34.179688
114.746094 31.738281
117.1875 29.296875
119.628906 26.855469
122.070313 24.414063
124.511719 24.414063
126.953125 21.972656
129.394531 19.53125
131.835938 17.089844
134.277344 17.089844
136.71875 14.648438
139.160156 12.207031
144.042969 7.324219
141.601563 9.765625
