4.882813 73.242188
7.324219 70.800781
9.765625 68.359375
12.207031 65.917969
14.648438 63.476563
17.089844 63.476563
19.53125 61.035156
21.972656 58.59375
24.414063 56.152344
26.855469 53.710938
29.296875 51.269531
31.738281 48.828125
31.738281 46.386719
34.179688 43.945313
36.621094 41.503906
39.0625 39.0625
41.503906 36.621094
41.503906 34.179688
43.945313 31.738281
46.386719 29.296875
48.828125 26.855469
51.269531 24.414063
53.710938 21.972656
56.152344 19.53125
58.59375 17.089844
61.035156 17.089844
63.476563 14.648438
65.917969 14.648438
68.359375 12.207031
70.800781 12.207031
73.242188 14.648438
75.683594 14.648438
78.125 17.089844
80.566406 19.53125
83.007813 21.972656
85.449219 24.414063
87.890625 24.414063
90.332031 24.414063
102.539063 24.414063
100.097656 24.414063
97.65625 24.414063
95.214844 24.414063
92.773438 24.414063
