61.035156 107.421875
58.59375 104.980469
58.59375 102.539063
56.152344 100.097656
56.152344 97.65625
53.710938 95.214844
53.710938 92.773438
53.710938 90.332031
51.269531 87.890625
51.269531 85.449219
48.828125 83.007813
46.386719 80.566406
46.386719 78.125
43.945313 75.683594
43.945313 73.242188
41.503906 70.800781
41.503906 68.359375
39.0625 65.917969
39.0625 63.476563
36.621094 61.035156
34.179688 58.59375
34.179688 56.152344
34.179688 53.710938
31.738281 51.269531
31.738281 48.828125
31.738281 46.386719
29.296875 43.945313
26.855469 41.503906
26.855469 39.0625
24.414063 36.621094
24.414063 34.179688
21.972656 31.738281
21.972656 29.296875
19.53125 26.855469
17.089844 24.414063
17.089844 21.972656
17.089844 19.53125
14.648438 17.089844
14.648438 14.648438
14.648438 12.207031
