156.25 61.035156
153.808594 61.035156
151.367188 58.59375
148.925781 58.59375
146.484375 56.152344
144.042969 58.59375
141.601563 56.152344
139.160156 56.152344
136.71875 56.152344
134.277344 56.152344
131.835938 56.152344
129.394531 56.152344
126.953125 56.152344
124.511719 56.152344
122.070313 56.152344
119.628906 56.152344
117.1875 53.710938
114.746094 53.710938
112.304688 53.710938
109.863281 53.710938
107.421875 51.269531
104.980469 51.269531
102.539063 51.269531
100.097656 48.828125
97.65625 48.828125
95.214844 46.386719
92.773438 46.386719
90.332031 43.945313
87.890625 43.945313
85.449219 43.945313
83.007813 43.945313
80.566406 41.503906
78.125 41.503906
75.683594 41.503906
73.242188 39.0625
70.800781 39.0625
68.359375 39.0625
65.917969 39.0625
63.476563 36.621094
61.035156 36.621094
58.59375 36.621094
56.152344 34.179688
53.710938 34.179688
51.269531 31.738281
48.828125 31.738281
46.386719 31.738281
43.945313 29.296875
41.503906 26.855469
39.0625 26.855469
36.621094 24.414063
34.179688 24.414063
31.738281 21.972656
29.296875 19.53125
26.855469 17.089844
24.414063 17.089844
21.972656 14.648438
19.53125 14.648438
17.089844 12.207031
14.648438 12.207031
12.207031 9.765625
9.765625 9.765625
7.324219 9.765625
4.882813 12.207031
