95.214844 192.871094
95.214844 190.429688
95.214844 187.988281
95.214844 185.546875
95.214844 183.105469
95.214844 180.664063
95.214844 178.222656
92.773438 175.78125
90.332031 173.339844
87.890625 170.898438
85.449219 168.457031
83.007813 166.015625
83.007813 163.574219
80.566406 161.132813
80.566406 158.691406
78.125 156.25
78.125 153.808594
75.683594 151.367188
75.683594 148.925781
73.242188 146.484375
73.242188 144.042969
73.242188 141.601563
70.800781 139.160156
68.359375 136.71875
68.359375 134.277344
65.917969 131.835938
63.476563 129.394531
61.035156 126.953125
61.035156 124.511719
58.59375 122.070313
56.152344 119.628906
53.710938 117.1875
53.710938 114.746094
53.710938 112.304688
51.269531 109.863281
51.269531 107.421875
51.269531 104.980469
48.828125 102.539063
48.828125 100.097656
46.386719 97.65625
46.386719 95.214844
46.386719 92.773438
43.945313 90.332031
43.945313 87.890625
43.945313 85.449219
43.945313 83.007813
41.503906 80.566406
41.503906 78.125
41.503906 75.683594
41.503906 73.242188
39.0625 70.800781
39.0625 68.359375
39.0625 65.917969
36.621094 63.476563
36.621094 61.035156
36.621094 58.59375
36.621094 56.152344
34.179688 53.710938
31.738281 51.269531
31.738281 48.828125
29.296875 46.386719
29.296875 43.945313
26.855469 41.503906
26.855469 39.0625
24.414063 36.621094
21.972656 34.179688
19.53125 31.738281
19.53125 29.296875
19.53125 26.855469
17.089844 24.414063
17.089844 21.972656
14.648438 19.53125
14.648438 17.089844
12.207031 14.648438
12.207031 12.207031
9.765625 9.765625
9.765625 7.324219
9.765625 2.441406
9.765625 4.882813
