12.207031 119.628906
14.648438 119.628906
17.089844 117.1875
19.53125 117.1875
21.972656 114.746094
24.414063 112.304688
26.855469 109.863281
29.296875 109.863281
31.738281 107.421875
34.179688 107.421875
36.621094 104.980469
39.0625 102.539063
39.0625 100.097656
41.503906 97.65625
43.945313 97.65625
46.386719 95.214844
48.828125 95.214844
51.269531 92.773438
53.710938 92.773438
56.152344 90.332031
58.59375 90.332031
61.035156 87.890625
63.476563 85.449219
65.917969 83.007813
68.359375 80.566406
70.800781 78.125
73.242188 78.125
75.683594 75.683594
78.125 73.242188
80.566406 70.800781
83.007813 68.359375
85.449219 65.917969
87.890625 63.476563
90.332031 61.035156
90.332031 58.59375
92.773438 56.152344
95.214844 56.152344
97.65625 56.152344
100.097656 56.152344
102.539063 53.710938
104.980469 53.710938
107.421875 53.710938
109.863281 53.710938
112.304688 53.710938
114.746094 51.269531
117.1875 51.269531
119.628906 51.269531
122.070313 51.269531
124.511719 51.269531
126.953125 51.269531
129.394531 51.269531
131.835938 48.828125
134.277344 48.828125
136.71875 48.828125
139.160156 46.386719
141.601563 46.386719
144.042969 43.945313
146.484375 41.503906
148.925781 41.503906
151.367188 39.0625
153.808594 39.0625
156.25 36.621094
158.691406 34.179688
158.691406 31.738281
158.691406 29.296875
158.691406 26.855469
158.691406 24.414063
156.25 21.972656
153.808594 19.53125
151.367188 17.089844
148.925781 14.648438
146.484375 12.207031
144.042969 12.207031
141.601563 12.207031
139.160156 12.207031
136.71875 12.207031
134.277344 14.648438
131.835938 14.648438
129.394531 14.648438
126.953125 14.648438
124.511719 12.207031
122.070313 12.207031
119.628906 12.207031
117.1875 12.207031
114.746094 14.648438
112.304688 14.648438
109.863281 14.648438
107.421875 12.207031
104.980469 14.648438
102.539063 14.648438
100.097656 14.648438
97.65625 14.648438
95.214844 17.089844
