2.441406 24.414063
4.882813 24.414063
7.324219 24.414063
9.765625 24.414063
12.207031 24.414063
14.648438 24.414063
17.089844 24.414063
19.53125 24.414063
21.972656 24.414063
24.414063 24.414063
26.855469 26.855469
29.296875 26.855469
31.738281 26.855469
34.179688 26.855469
36.621094 26.855469
39.0625 26.855469
41.503906 26.855469
43.945313 26.855469
46.386719 26.855469
48.828125 26.855469
51.269531 26.855469
53.710938 26.855469
56.152344 26.855469
58.59375 26.855469
61.035156 26.855469
63.476563 26.855469
65.917969 26.855469
68.359375 26.855469
70.800781 26.855469
73.242188 26.855469
75.683594 24.414063
78.125 24.414063
80.566406 24.414063
83.007813 24.414063
85.449219 24.414063
87.890625 24.414063
90.332031 21.972656
92.773438 21.972656
95.214844 21.972656
97.65625 19.53125
100.097656 19.53125
102.539063 19.53125
104.980469 19.53125
107.421875 17.089844
109.863281 17.089844
112.304688 14.648438
119.628906 7.324219
117.1875 9.765625
114.746094 12.207031
