78.125 51.269531
78.125 48.828125
75.683594 46.386719
73.242188 46.386719
70.800781 43.945313
68.359375 43.945313
65.917969 41.503906
63.476563 41.503906
61.035156 39.0625
58.59375 36.621094
56.152344 36.621094
53.710938 34.179688
51.269531 31.738281
48.828125 31.738281
46.386719 29.296875
43.945313 26.855469
41.503906 24.414063
39.0625 21.972656
36.621094 21.972656
34.179688 19.53125
31.738281 19.53125
29.296875 19.53125
26.855469 17.089844
24.414063 17.089844
21.972656 17.089844
19.53125 14.648438
17.089844 14.648438
14.648438 12.207031
12.207031 12.207031
