4.882813 68.359375
7.324219 65.917969
9.765625 63.476563
12.207031 61.035156
14.648438 61.035156
17.089844 61.035156
19.53125 61.035156
21.972656 58.59375
24.414063 58.59375
26.855469 58.59375
29.296875 58.59375
31.738281 58.59375
34.179688 56.152344
36.621094 56.152344
39.0625 56.152344
41.503906 53.710938
43.945313 53.710938
46.386719 53.710938
48.828125 51.269531
51.269531 51.269531
53.710938 51.269531
56.152344 48.828125
58.59375 48.828125
61.035156 46.386719
63.476563 46.386719
65.917969 46.386719
68.359375 43.945313
70.800781 43.945313
73.242188 41.503906
75.683594 41.503906
78.125 39.0625
80.566406 39.0625
83.007813 36.621094
85.449219 34.179688
87.890625 34.179688
90.332031 31.738281
92.773438 31.738281
95.214844 29.296875
97.65625 29.296875
100.097656 26.855469
102.539063 24.414063
104.980469 24.414063
107.421875 21.972656
109.863281 19.53125
122.070313 7.324219
119.628906 9.765625
117.1875 12.207031
114.746094 14.648438
112.304688 17.089844
