2.441406 43.945313
4.882813 43.945313
7.324219 43.945313
9.765625 43.945313
12.207031 43.945313
14.648438 43.945313
17.089844 43.945313
19.53125 43.945313
21.972656 43.945313
24.414063 43.945313
26.855469 41.503906
29.296875 41.503906
31.738281 41.503906
34.179688 39.0625
36.621094 39.0625
39.0625 39.0625
41.503906 39.0625
43.945313 36.621094
46.386719 36.621094
48.828125 36.621094
51.269531 34.179688
53.710938 34.179688
56.152344 34.179688
58.59375 31.738281
61.035156 31.738281
63.476563 31.738281
65.917969 31.738281
68.359375 31.738281
70.800781 31.738281
73.242188 31.738281
75.683594 29.296875
78.125 29.296875
80.566406 29.296875
83.007813 29.296875
85.449219 26.855469
87.890625 26.855469
90.332031 26.855469
92.773438 26.855469
95.214844 26.855469
97.65625 26.855469
100.097656 26.855469
102.539063 26.855469
104.980469 26.855469
107.421875 26.855469
109.863281 26.855469
112.304688 26.855469
114.746094 26.855469
117.1875 26.855469
119.628906 29.296875
122.070313 29.296875
124.511719 29.296875
126.953125 29.296875
129.394531 29.296875
131.835938 29.296875
134.277344 29.296875
136.71875 29.296875
139.160156 29.296875
141.601563 29.296875
144.042969 29.296875
146.484375 26.855469
148.925781 26.855469
151.367188 26.855469
153.808594 24.414063
156.25 24.414063
158.691406 24.414063
161.132813 21.972656
163.574219 21.972656
166.015625 21.972656
168.457031 21.972656
170.898438 21.972656
173.339844 21.972656
175.78125 21.972656
178.222656 21.972656
180.664063 21.972656
183.105469 19.53125
185.546875 19.53125
187.988281 19.53125
190.429688 19.53125
192.871094 19.53125
195.3125 19.53125
197.753906 19.53125
200.195313 19.53125
202.636719 19.53125
205.078125 17.089844
207.519531 17.089844
209.960938 17.089844
212.402344 17.089844
214.84375 17.089844
217.285156 17.089844
219.726563 17.089844
222.167969 14.648438
224.609375 14.648438
227.050781 14.648438
229.492188 14.648438
231.933594 12.207031
239.257813 4.882813
236.816406 7.324219
234.375 9.765625
