131.835938 19.53125
129.394531 19.53125
126.953125 19.53125
124.511719 19.53125
122.070313 19.53125
119.628906 19.53125
117.1875 19.53125
114.746094 21.972656
112.304688 21.972656
109.863281 19.53125
107.421875 19.53125
104.980469 19.53125
102.539063 19.53125
100.097656 19.53125
97.65625 19.53125
95.214844 19.53125
92.773438 19.53125
90.332031 19.53125
87.890625 19.53125
85.449219 19.53125
83.007813 19.53125
80.566406 19.53125
78.125 19.53125
75.683594 19.53125
73.242188 19.53125
70.800781 19.53125
68.359375 19.53125
65.917969 17.089844
63.476563 17.089844
61.035156 17.089844
58.59375 17.089844
56.152344 17.089844
53.710938 17.089844
51.269531 17.089844
48.828125 17.089844
46.386719 17.089844
43.945313 17.089844
41.503906 17.089844
39.0625 17.089844
36.621094 19.53125
34.179688 19.53125
31.738281 19.53125
29.296875 19.53125
26.855469 19.53125
24.414063 21.972656
21.972656 21.972656
19.53125 24.414063
17.089844 24.414063
2.441406 24.414063
4.882813 24.414063
7.324219 24.414063
9.765625 24.414063
12.207031 24.414063
14.648438 24.414063
