4.882813 197.753906
7.324219 195.3125
9.765625 192.871094
12.207031 190.429688
14.648438 187.988281
17.089844 185.546875
19.53125 185.546875
21.972656 183.105469
24.414063 180.664063
26.855469 180.664063
29.296875 178.222656
31.738281 175.78125
34.179688 173.339844
36.621094 173.339844
39.0625 170.898438
41.503906 168.457031
43.945313 166.015625
46.386719 163.574219
48.828125 161.132813
51.269531 158.691406
53.710938 156.25
56.152344 153.808594
56.152344 151.367188
58.59375 148.925781
61.035156 146.484375
63.476563 144.042969
65.917969 141.601563
68.359375 139.160156
68.359375 136.71875
70.800781 134.277344
73.242188 131.835938
75.683594 129.394531
78.125 126.953125
78.125 124.511719
80.566406 122.070313
80.566406 119.628906
83.007813 117.1875
85.449219 114.746094
85.449219 112.304688
87.890625 109.863281
90.332031 107.421875
90.332031 104.980469
92.773438 102.539063
95.214844 100.097656
97.65625 97.65625
100.097656 95.214844
102.539063 92.773438
102.539063 90.332031
104.980469 87.890625
107.421875 85.449219
109.863281 83.007813
109.863281 80.566406
112.304688 78.125
114.746094 75.683594
117.1875 73.242188
119.628906 70.800781
122.070313 68.359375
124.511719 65.917969
124.511719 63.476563
126.953125 61.035156
129.394531 58.59375
131.835938 56.152344
134.277344 53.710938
136.71875 51.269531
139.160156 48.828125
139.160156 46.386719
141.601563 43.945313
144.042969 41.503906
146.484375 39.0625
146.484375 36.621094
148.925781 34.179688
151.367188 31.738281
153.808594 29.296875
156.25 26.855469
158.691406 26.855469
161.132813 24.414063
161.132813 21.972656
161.132813 2.441406
161.132813 4.882813
161.132813 7.324219
161.132813 9.765625
161.132813 12.207031
161.132813 14.648438
161.132813 17.089844
161.132813 19.53125
