166.015625 24.414063
163.574219 24.414063
161.132813 24.414063
158.691406 24.414063
156.25 24.414063
153.808594 24.414063
151.367188 24.414063
148.925781 21.972656
146.484375 21.972656
144.042969 21.972656
141.601563 21.972656
139.160156 21.972656
136.71875 21.972656
134.277344 21.972656
131.835938 21.972656
129.394531 21.972656
126.953125 19.53125
124.511719 19.53125
122.070313 19.53125
119.628906 19.53125
117.1875 19.53125
114.746094 19.53125
112.304688 17.089844
109.863281 17.089844
107.421875 17.089844
104.980469 17.089844
102.539063 17.089844
100.097656 17.089844
97.65625 17.089844
95.214844 14.648438
92.773438 14.648438
90.332031 14.648438
87.890625 14.648438
85.449219 14.648438
83.007813 14.648438
80.566406 14.648438
78.125 17.089844
75.683594 17.089844
73.242188 17.089844
70.800781 17.089844
68.359375 17.089844
65.917969 17.089844
63.476563 17.089844
61.035156 17.089844
58.59375 17.089844
56.152344 17.089844
53.710938 14.648438
51.269531 17.089844
48.828125 17.089844
46.386719 17.089844
43.945313 17.089844
41.503906 17.089844
39.0625 19.53125
36.621094 19.53125
34.179688 19.53125
31.738281 19.53125
29.296875 21.972656
26.855469 21.972656
24.414063 21.972656
21.972656 24.414063
19.53125 26.855469
17.089844 26.855469
14.648438 29.296875
4.882813 39.0625
7.324219 36.621094
9.765625 34.179688
12.207031 31.738281
