29.296875 68.359375
29.296875 65.917969
29.296875 63.476563
29.296875 61.035156
29.296875 58.59375
29.296875 56.152344
29.296875 53.710938
29.296875 51.269531
29.296875 48.828125
29.296875 46.386719
29.296875 43.945313
29.296875 41.503906
29.296875 39.0625
29.296875 36.621094
29.296875 34.179688
31.738281 31.738281
31.738281 29.296875
29.296875 26.855469
29.296875 24.414063
26.855469 21.972656
26.855469 19.53125
26.855469 17.089844
26.855469 14.648438
26.855469 2.441406
26.855469 4.882813
26.855469 7.324219
26.855469 9.765625
26.855469 12.207031
