31.738281 129.394531
31.738281 126.953125
29.296875 124.511719
29.296875 122.070313
29.296875 119.628906
29.296875 117.1875
29.296875 114.746094
26.855469 112.304688
26.855469 109.863281
26.855469 107.421875
26.855469 104.980469
26.855469 102.539063
26.855469 100.097656
26.855469 97.65625
26.855469 95.214844
26.855469 92.773438
24.414063 90.332031
24.414063 87.890625
24.414063 85.449219
24.414063 83.007813
24.414063 80.566406
21.972656 78.125
21.972656 75.683594
21.972656 73.242188
19.53125 70.800781
19.53125 68.359375
19.53125 65.917969
19.53125 63.476563
19.53125 61.035156
19.53125 58.59375
19.53125 56.152344
19.53125 53.710938
19.53125 51.269531
19.53125 48.828125
19.53125 46.386719
21.972656 43.945313
21.972656 41.503906
21.972656 39.0625
21.972656 36.621094
19.53125 34.179688
19.53125 31.738281
19.53125 29.296875
19.53125 26.855469
19.53125 24.414063
19.53125 21.972656
19.53125 19.53125
19.53125 17.089844
19.53125 14.648438
19.53125 12.207031
