4.882813 65.917969
7.324219 63.476563
9.765625 61.035156
12.207031 58.59375
14.648438 56.152344
17.089844 53.710938
19.53125 51.269531
21.972656 48.828125
24.414063 46.386719
26.855469 43.945313
29.296875 41.503906
31.738281 39.0625
34.179688 39.0625
36.621094 36.621094
39.0625 34.179688
41.503906 34.179688
43.945313 31.738281
46.386719 29.296875
48.828125 29.296875
51.269531 26.855469
53.710938 26.855469
56.152344 24.414063
58.59375 24.414063
61.035156 21.972656
63.476563 21.972656
65.917969 19.53125
68.359375 19.53125
70.800781 17.089844
73.242188 17.089844
75.683594 14.648438
78.125 14.648438
80.566406 14.648438
83.007813 14.648438
85.449219 12.207031
87.890625 12.207031
90.332031 12.207031
92.773438 12.207031
95.214844 12.207031
97.65625 12.207031
100.097656 12.207031
102.539063 9.765625
104.980469 7.324219
