109.863281 97.65625
107.421875 97.65625
104.980469 97.65625
102.539063 97.65625
100.097656 97.65625
97.65625 95.214844
95.214844 92.773438
92.773438 90.332031
90.332031 87.890625
87.890625 85.449219
87.890625 83.007813
85.449219 80.566406
85.449219 78.125
83.007813 75.683594
83.007813 73.242188
80.566406 70.800781
78.125 68.359375
78.125 65.917969
75.683594 63.476563
73.242188 61.035156
73.242188 58.59375
70.800781 56.152344
68.359375 53.710938
68.359375 51.269531
65.917969 48.828125
63.476563 46.386719
61.035156 43.945313
58.59375 41.503906
56.152344 39.0625
53.710938 36.621094
51.269531 34.179688
51.269531 31.738281
48.828125 29.296875
46.386719 26.855469
43.945313 24.414063
41.503906 21.972656
39.0625 21.972656
36.621094 19.53125
34.179688 19.53125
31.738281 17.089844
29.296875 17.089844
26.855469 17.089844
24.414063 17.089844
21.972656 14.648438
19.53125 14.648438
17.089844 14.648438
14.648438 17.089844
4.882813 26.855469
7.324219 24.414063
9.765625 21.972656
12.207031 19.53125
