19.53125 48.828125
21.972656 48.828125
24.414063 46.386719
26.855469 46.386719
29.296875 46.386719
31.738281 43.945313
34.179688 43.945313
36.621094 41.503906
39.0625 41.503906
41.503906 39.0625
43.945313 39.0625
46.386719 36.621094
48.828125 36.621094
51.269531 36.621094
53.710938 34.179688
56.152344 34.179688
58.59375 31.738281
61.035156 31.738281
63.476563 29.296875
65.917969 26.855469
65.917969 24.414063
68.359375 21.972656
70.800781 19.53125
73.242188 17.089844
75.683594 14.648438
78.125 12.207031
