21.972656 100.097656
21.972656 97.65625
21.972656 95.214844
21.972656 92.773438
21.972656 90.332031
21.972656 87.890625
21.972656 85.449219
21.972656 83.007813
21.972656 80.566406
21.972656 78.125
24.414063 75.683594
26.855469 73.242188
29.296875 70.800781
31.738281 68.359375
34.179688 65.917969
36.621094 65.917969
39.0625 63.476563
41.503906 61.035156
43.945313 61.035156
46.386719 58.59375
48.828125 56.152344
51.269531 53.710938
53.710938 53.710938
56.152344 53.710938
58.59375 51.269531
61.035156 51.269531
63.476563 48.828125
65.917969 48.828125
68.359375 46.386719
70.800781 46.386719
73.242188 43.945313
75.683594 43.945313
78.125 41.503906
80.566406 39.0625
83.007813 39.0625
85.449219 36.621094
87.890625 34.179688
90.332031 31.738281
92.773438 31.738281
95.214844 29.296875
97.65625 29.296875
100.097656 26.855469
102.539063 24.414063
104.980469 24.414063
107.421875 21.972656
109.863281 19.53125
112.304688 17.089844
114.746094 14.648438
122.070313 7.324219
119.628906 9.765625
117.1875 12.207031
