78.125 141.601563
78.125 139.160156
78.125 136.71875
78.125 134.277344
78.125 131.835938
78.125 129.394531
78.125 126.953125
75.683594 124.511719
75.683594 122.070313
75.683594 119.628906
75.683594 117.1875
75.683594 114.746094
73.242188 112.304688
73.242188 109.863281
70.800781 107.421875
70.800781 104.980469
70.800781 102.539063
68.359375 100.097656
65.917969 97.65625
65.917969 95.214844
63.476563 92.773438
61.035156 90.332031
61.035156 87.890625
58.59375 85.449219
58.59375 83.007813
56.152344 80.566406
56.152344 78.125
53.710938 75.683594
53.710938 73.242188
51.269531 70.800781
48.828125 68.359375
46.386719 65.917969
43.945313 63.476563
43.945313 61.035156
41.503906 58.59375
39.0625 56.152344
39.0625 53.710938
36.621094 51.269531
36.621094 48.828125
34.179688 46.386719
31.738281 43.945313
31.738281 41.503906
29.296875 39.0625
29.296875 36.621094
26.855469 34.179688
24.414063 31.738281
24.414063 29.296875
21.972656 26.855469
21.972656 24.414063
19.53125 21.972656
19.53125 19.53125
19.53125 17.089844
