112.304688 51.269531
109.863281 51.269531
107.421875 51.269531
104.980469 51.269531
102.539063 51.269531
100.097656 51.269531
97.65625 51.269531
95.214844 51.269531
92.773438 51.269531
90.332031 51.269531
87.890625 51.269531
85.449219 51.269531
83.007813 51.269531
80.566406 51.269531
78.125 51.269531
75.683594 48.828125
73.242188 48.828125
70.800781 48.828125
68.359375 48.828125
65.917969 48.828125
63.476563 48.828125
61.035156 48.828125
58.59375 48.828125
56.152344 48.828125
53.710938 46.386719
51.269531 46.386719
48.828125 43.945313
46.386719 43.945313
43.945313 41.503906
41.503906 41.503906
39.0625 39.0625
36.621094 39.0625
34.179688 36.621094
31.738281 34.179688
31.738281 31.738281
29.296875 29.296875
29.296875 26.855469
29.296875 2.441406
29.296875 4.882813
29.296875 7.324219
29.296875 9.765625
29.296875 12.207031
29.296875 14.648438
29.296875 17.089844
29.296875 19.53125
29.296875 21.972656
29.296875 24.414063
