324.707031 75.683594
324.707031 73.242188
322.265625 70.800781
319.824219 68.359375
317.382813 68.359375
314.941406 65.917969
312.5 65.917969
310.058594 63.476563
307.617188 63.476563
305.175781 61.035156
302.734375 61.035156
300.292969 58.59375
297.851563 56.152344
295.410156 56.152344
292.96875 53.710938
290.527344 53.710938
288.085938 53.710938
285.644531 53.710938
283.203125 51.269531
280.761719 51.269531
278.320313 51.269531
275.878906 51.269531
273.4375 51.269531
270.996094 51.269531
268.554688 51.269531
266.113281 51.269531
263.671875 48.828125
261.230469 48.828125
258.789063 48.828125
256.347656 48.828125
253.90625 48.828125
251.464844 48.828125
249.023438 48.828125
246.582031 48.828125
244.140625 46.386719
241.699219 46.386719
239.257813 46.386719
236.816406 46.386719
234.375 46.386719
231.933594 46.386719
229.492188 46.386719
227.050781 46.386719
224.609375 46.386719
222.167969 46.386719
219.726563 46.386719
217.285156 46.386719
214.84375 46.386719
212.402344 46.386719
209.960938 46.386719
207.519531 46.386719
205.078125 46.386719
202.636719 46.386719
200.195313 46.386719
197.753906 46.386719
195.3125 46.386719
192.871094 46.386719
190.429688 46.386719
187.988281 43.945313
185.546875 43.945313
183.105469 43.945313
180.664063 43.945313
178.222656 43.945313
175.78125 43.945313
173.339844 43.945313
170.898438 43.945313
168.457031 43.945313
166.015625 43.945313
163.574219 43.945313
161.132813 43.945313
158.691406 43.945313
156.25 43.945313
153.808594 43.945313
151.367188 43.945313
148.925781 43.945313
146.484375 43.945313
144.042969 43.945313
141.601563 43.945313
139.160156 43.945313
136.71875 43.945313
134.277344 43.945313
131.835938 43.945313
129.394531 43.945313
126.953125 43.945313
124.511719 43.945313
122.070313 43.945313
119.628906 46.386719
117.1875 48.828125
114.746094 51.269531
112.304688 53.710938
109.863281 56.152344
107.421875 58.59375
104.980469 61.035156
104.980469 63.476563
102.539063 65.917969
100.097656 68.359375
97.65625 70.800781
100.097656 73.242188
102.539063 75.683594
104.980469 78.125
107.421875 80.566406
109.863281 83.007813
112.304688 85.449219
114.746094 87.890625
117.1875 90.332031
119.628906 90.332031
122.070313 92.773438
124.511719 95.214844
126.953125 97.65625
129.394531 100.097656
131.835938 102.539063
134.277344 102.539063
136.71875 104.980469
139.160156 107.421875
141.601563 109.863281
144.042969 109.863281
146.484375 112.304688
148.925781 114.746094
151.367188 117.1875
153.808594 119.628906
156.25 122.070313
158.691406 124.511719
161.132813 124.511719
163.574219 126.953125
166.015625 126.953125
168.457031 129.394531
170.898438 129.394531
173.339844 131.835938
175.78125 134.277344
178.222656 134.277344
180.664063 136.71875
183.105469 136.71875
185.546875 139.160156
187.988281 139.160156
190.429688 141.601563
192.871094 144.042969
195.3125 146.484375
197.753906 146.484375
200.195313 148.925781
202.636719 151.367188
205.078125 153.808594
207.519531 156.25
209.960938 158.691406
212.402344 161.132813
214.84375 161.132813
217.285156 161.132813
219.726563 163.574219
219.726563 166.015625
