7.324219 119.628906
7.324219 117.1875
7.324219 114.746094
7.324219 112.304688
7.324219 109.863281
9.765625 107.421875
9.765625 104.980469
9.765625 102.539063
12.207031 100.097656
12.207031 97.65625
12.207031 95.214844
12.207031 92.773438
14.648438 90.332031
14.648438 87.890625
14.648438 85.449219
17.089844 83.007813
17.089844 80.566406
19.53125 78.125
19.53125 75.683594
19.53125 73.242188
21.972656 70.800781
21.972656 68.359375
21.972656 65.917969
21.972656 63.476563
24.414063 61.035156
24.414063 58.59375
26.855469 56.152344
29.296875 53.710938
29.296875 51.269531
31.738281 48.828125
34.179688 46.386719
36.621094 43.945313
36.621094 41.503906
39.0625 39.0625
39.0625 36.621094
41.503906 34.179688
43.945313 31.738281
43.945313 29.296875
46.386719 26.855469
46.386719 24.414063
46.386719 21.972656
46.386719 19.53125
46.386719 17.089844
46.386719 14.648438
46.386719 2.441406
46.386719 4.882813
46.386719 7.324219
46.386719 9.765625
46.386719 12.207031
