83.007813 183.105469
83.007813 180.664063
83.007813 178.222656
83.007813 175.78125
83.007813 173.339844
80.566406 170.898438
80.566406 168.457031
78.125 166.015625
78.125 163.574219
75.683594 161.132813
75.683594 158.691406
75.683594 156.25
73.242188 153.808594
73.242188 151.367188
73.242188 148.925781
70.800781 146.484375
70.800781 144.042969
68.359375 141.601563
68.359375 139.160156
65.917969 136.71875
63.476563 134.277344
63.476563 131.835938
61.035156 129.394531
61.035156 126.953125
58.59375 124.511719
58.59375 122.070313
58.59375 119.628906
56.152344 117.1875
56.152344 114.746094
56.152344 112.304688
56.152344 109.863281
53.710938 107.421875
53.710938 104.980469
51.269531 102.539063
48.828125 100.097656
48.828125 97.65625
46.386719 95.214844
46.386719 92.773438
43.945313 90.332031
43.945313 87.890625
41.503906 85.449219
41.503906 83.007813
39.0625 80.566406
39.0625 78.125
36.621094 75.683594
36.621094 73.242188
34.179688 70.800781
34.179688 68.359375
34.179688 65.917969
31.738281 63.476563
31.738281 61.035156
29.296875 58.59375
26.855469 56.152344
26.855469 53.710938
24.414063 51.269531
24.414063 48.828125
24.414063 46.386719
21.972656 43.945313
21.972656 41.503906
19.53125 39.0625
19.53125 36.621094
19.53125 34.179688
17.089844 31.738281
17.089844 29.296875
17.089844 26.855469
17.089844 24.414063
17.089844 21.972656
17.089844 19.53125
14.648438 17.089844
14.648438 14.648438
14.648438 12.207031
