107.421875 302.734375
107.421875 300.292969
107.421875 297.851563
107.421875 295.410156
107.421875 292.96875
107.421875 290.527344
107.421875 288.085938
107.421875 285.644531
104.980469 283.203125
104.980469 280.761719
104.980469 278.320313
104.980469 275.878906
102.539063 273.4375
102.539063 270.996094
102.539063 268.554688
102.539063 266.113281
102.539063 263.671875
100.097656 261.230469
100.097656 258.789063
100.097656 256.347656
97.65625 253.90625
97.65625 251.464844
97.65625 249.023438
97.65625 246.582031
95.214844 244.140625
95.214844 241.699219
95.214844 239.257813
95.214844 236.816406
92.773438 234.375
92.773438 231.933594
92.773438 229.492188
92.773438 227.050781
92.773438 224.609375
92.773438 222.167969
90.332031 219.726563
90.332031 217.285156
87.890625 214.84375
87.890625 212.402344
85.449219 209.960938
83.007813 207.519531
83.007813 205.078125
80.566406 202.636719
80.566406 200.195313
80.566406 197.753906
78.125 195.3125
75.683594 192.871094
75.683594 190.429688
73.242188 187.988281
73.242188 185.546875
73.242188 183.105469
70.800781 180.664063
68.359375 178.222656
68.359375 175.78125
65.917969 173.339844
63.476563 170.898438
63.476563 168.457031
61.035156 166.015625
61.035156 163.574219
58.59375 161.132813
58.59375 158.691406
58.59375 156.25
58.59375 153.808594
56.152344 151.367188
56.152344 148.925781
56.152344 146.484375
56.152344 144.042969
56.152344 141.601563
53.710938 139.160156
53.710938 136.71875
53.710938 134.277344
53.710938 131.835938
53.710938 129.394531
53.710938 126.953125
53.710938 124.511719
53.710938 122.070313
53.710938 119.628906
53.710938 117.1875
53.710938 114.746094
53.710938 112.304688
53.710938 109.863281
53.710938 107.421875
51.269531 104.980469
48.828125 102.539063
48.828125 100.097656
46.386719 97.65625
46.386719 95.214844
43.945313 92.773438
41.503906 90.332031
39.0625 87.890625
39.0625 85.449219
36.621094 83.007813
36.621094 80.566406
36.621094 78.125
36.621094 75.683594
34.179688 73.242188
34.179688 70.800781
34.179688 68.359375
31.738281 65.917969
31.738281 63.476563
29.296875 61.035156
29.296875 58.59375
29.296875 56.152344
26.855469 53.710938
26.855469 51.269531
26.855469 48.828125
26.855469 46.386719
24.414063 43.945313
24.414063 41.503906
24.414063 39.0625
21.972656 36.621094
21.972656 34.179688
21.972656 31.738281
19.53125 29.296875
19.53125 26.855469
19.53125 24.414063
17.089844 21.972656
17.089844 19.53125
17.089844 17.089844
17.089844 14.648438
