17.089844 109.863281
17.089844 107.421875
17.089844 104.980469
19.53125 102.539063
19.53125 100.097656
19.53125 97.65625
19.53125 95.214844
21.972656 92.773438
21.972656 90.332031
21.972656 87.890625
24.414063 85.449219
26.855469 83.007813
26.855469 80.566406
26.855469 78.125
26.855469 75.683594
26.855469 73.242188
29.296875 70.800781
29.296875 68.359375
29.296875 65.917969
29.296875 63.476563
29.296875 61.035156
29.296875 58.59375
29.296875 56.152344
29.296875 53.710938
31.738281 51.269531
31.738281 48.828125
31.738281 46.386719
31.738281 43.945313
34.179688 41.503906
34.179688 39.0625
34.179688 36.621094
36.621094 34.179688
36.621094 31.738281
36.621094 29.296875
36.621094 26.855469
36.621094 24.414063
39.0625 21.972656
39.0625 19.53125
39.0625 17.089844
39.0625 14.648438
39.0625 12.207031
39.0625 9.765625
