126.953125 200.195313
126.953125 197.753906
126.953125 195.3125
126.953125 192.871094
126.953125 190.429688
126.953125 187.988281
126.953125 185.546875
126.953125 183.105469
126.953125 180.664063
124.511719 178.222656
122.070313 175.78125
122.070313 173.339844
119.628906 170.898438
117.1875 168.457031
117.1875 166.015625
114.746094 163.574219
112.304688 161.132813
112.304688 158.691406
109.863281 156.25
109.863281 153.808594
107.421875 151.367188
107.421875 148.925781
104.980469 146.484375
104.980469 144.042969
102.539063 141.601563
102.539063 139.160156
100.097656 136.71875
100.097656 134.277344
97.65625 131.835938
97.65625 129.394531
95.214844 126.953125
95.214844 124.511719
92.773438 122.070313
90.332031 119.628906
87.890625 117.1875
85.449219 114.746094
83.007813 112.304688
83.007813 109.863281
80.566406 107.421875
78.125 104.980469
75.683594 102.539063
73.242188 100.097656
70.800781 97.65625
68.359375 95.214844
65.917969 92.773438
65.917969 90.332031
63.476563 87.890625
61.035156 85.449219
58.59375 83.007813
56.152344 80.566406
53.710938 78.125
51.269531 75.683594
51.269531 73.242188
48.828125 70.800781
46.386719 68.359375
43.945313 65.917969
41.503906 63.476563
41.503906 61.035156
39.0625 58.59375
36.621094 56.152344
36.621094 53.710938
34.179688 51.269531
34.179688 48.828125
31.738281 46.386719
29.296875 43.945313
29.296875 41.503906
26.855469 39.0625
26.855469 36.621094
24.414063 34.179688
24.414063 31.738281
21.972656 29.296875
21.972656 26.855469
21.972656 24.414063
19.53125 21.972656
19.53125 19.53125
19.53125 17.089844
19.53125 2.441406
19.53125 4.882813
19.53125 7.324219
19.53125 9.765625
19.53125 12.207031
19.53125 14.648438
