112.304688 236.816406
112.304688 234.375
109.863281 231.933594
109.863281 229.492188
109.863281 227.050781
109.863281 224.609375
109.863281 222.167969
109.863281 219.726563
109.863281 217.285156
107.421875 214.84375
107.421875 212.402344
107.421875 209.960938
107.421875 207.519531
107.421875 205.078125
107.421875 202.636719
107.421875 200.195313
107.421875 197.753906
104.980469 195.3125
104.980469 192.871094
102.539063 190.429688
102.539063 187.988281
100.097656 185.546875
100.097656 183.105469
97.65625 180.664063
95.214844 178.222656
95.214844 175.78125
92.773438 173.339844
90.332031 170.898438
90.332031 168.457031
90.332031 166.015625
90.332031 163.574219
87.890625 161.132813
87.890625 158.691406
87.890625 156.25
87.890625 153.808594
85.449219 151.367188
85.449219 148.925781
85.449219 146.484375
83.007813 144.042969
83.007813 141.601563
83.007813 139.160156
80.566406 136.71875
80.566406 134.277344
78.125 131.835938
78.125 129.394531
75.683594 126.953125
75.683594 124.511719
73.242188 122.070313
73.242188 119.628906
70.800781 117.1875
70.800781 114.746094
70.800781 112.304688
68.359375 109.863281
68.359375 107.421875
68.359375 104.980469
68.359375 102.539063
68.359375 100.097656
68.359375 97.65625
65.917969 95.214844
65.917969 92.773438
63.476563 90.332031
63.476563 87.890625
61.035156 85.449219
58.59375 83.007813
58.59375 80.566406
56.152344 78.125
53.710938 75.683594
51.269531 73.242188
51.269531 70.800781
48.828125 68.359375
48.828125 65.917969
46.386719 63.476563
46.386719 61.035156
43.945313 58.59375
43.945313 56.152344
41.503906 53.710938
41.503906 51.269531
39.0625 48.828125
39.0625 46.386719
36.621094 43.945313
34.179688 41.503906
34.179688 39.0625
31.738281 36.621094
29.296875 34.179688
26.855469 31.738281
26.855469 29.296875
24.414063 26.855469
21.972656 24.414063
21.972656 21.972656
19.53125 19.53125
17.089844 17.089844
14.648438 14.648438
14.648438 12.207031
