24.414063 554.199219
24.414063 551.757813
21.972656 549.316406
21.972656 546.875
21.972656 544.433594
21.972656 541.992188
21.972656 539.550781
21.972656 537.109375
21.972656 534.667969
21.972656 532.226563
21.972656 529.785156
21.972656 527.34375
21.972656 524.902344
21.972656 522.460938
24.414063 520.019531
24.414063 517.578125
24.414063 515.136719
24.414063 512.695313
24.414063 510.253906
24.414063 507.8125
24.414063 505.371094
24.414063 502.929688
24.414063 500.488281
24.414063 498.046875
24.414063 495.605469
24.414063 493.164063
24.414063 490.722656
24.414063 488.28125
24.414063 485.839844
24.414063 483.398438
24.414063 480.957031
24.414063 478.515625
24.414063 476.074219
24.414063 473.632813
24.414063 471.191406
24.414063 468.75
24.414063 466.308594
24.414063 463.867188
21.972656 461.425781
21.972656 458.984375
21.972656 456.542969
21.972656 454.101563
21.972656 451.660156
21.972656 449.21875
21.972656 446.777344
21.972656 444.335938
21.972656 441.894531
19.53125 439.453125
19.53125 437.011719
19.53125 434.570313
19.53125 432.128906
19.53125 429.6875
19.53125 427.246094
19.53125 424.804688
19.53125 422.363281
19.53125 419.921875
19.53125 417.480469
19.53125 415.039063
19.53125 412.597656
19.53125 410.15625
21.972656 407.714844
21.972656 405.273438
19.53125 402.832031
19.53125 400.390625
19.53125 397.949219
21.972656 395.507813
21.972656 393.066406
21.972656 390.625
21.972656 388.183594
21.972656 385.742188
19.53125 383.300781
19.53125 380.859375
19.53125 378.417969
19.53125 375.976563
19.53125 373.535156
19.53125 371.09375
19.53125 368.652344
19.53125 366.210938
21.972656 363.769531
21.972656 361.328125
21.972656 358.886719
21.972656 356.445313
24.414063 354.003906
24.414063 351.5625
24.414063 349.121094
24.414063 346.679688
24.414063 344.238281
24.414063 341.796875
26.855469 339.355469
26.855469 336.914063
26.855469 334.472656
26.855469 332.03125
29.296875 329.589844
29.296875 327.148438
29.296875 324.707031
31.738281 322.265625
31.738281 319.824219
31.738281 317.382813
31.738281 314.941406
34.179688 312.5
34.179688 310.058594
34.179688 307.617188
34.179688 305.175781
34.179688 302.734375
34.179688 300.292969
36.621094 297.851563
36.621094 295.410156
36.621094 292.96875
36.621094 290.527344
36.621094 288.085938
36.621094 285.644531
39.0625 283.203125
39.0625 280.761719
39.0625 278.320313
39.0625 275.878906
41.503906 273.4375
41.503906 270.996094
41.503906 268.554688
41.503906 266.113281
43.945313 263.671875
43.945313 261.230469
43.945313 258.789063
43.945313 256.347656
43.945313 253.90625
43.945313 251.464844
43.945313 249.023438
46.386719 246.582031
46.386719 244.140625
48.828125 241.699219
48.828125 239.257813
51.269531 236.816406
53.710938 234.375
53.710938 231.933594
56.152344 229.492188
58.59375 227.050781
58.59375 224.609375
58.59375 222.167969
61.035156 219.726563
61.035156 217.285156
61.035156 214.84375
58.59375 212.402344
58.59375 209.960938
58.59375 207.519531
61.035156 205.078125
61.035156 202.636719
61.035156 200.195313
61.035156 197.753906
63.476563 195.3125
63.476563 192.871094
63.476563 190.429688
63.476563 187.988281
65.917969 185.546875
65.917969 183.105469
65.917969 180.664063
65.917969 178.222656
68.359375 175.78125
68.359375 173.339844
68.359375 170.898438
68.359375 168.457031
68.359375 166.015625
70.800781 163.574219
70.800781 161.132813
70.800781 158.691406
70.800781 156.25
70.800781 153.808594
70.800781 151.367188
73.242188 148.925781
73.242188 146.484375
73.242188 144.042969
73.242188 141.601563
73.242188 139.160156
73.242188 136.71875
73.242188 134.277344
73.242188 131.835938
73.242188 129.394531
73.242188 126.953125
75.683594 124.511719
75.683594 122.070313
75.683594 119.628906
78.125 117.1875
78.125 114.746094
78.125 112.304688
78.125 109.863281
80.566406 107.421875
80.566406 104.980469
80.566406 102.539063
83.007813 100.097656
83.007813 97.65625
83.007813 95.214844
83.007813 92.773438
83.007813 90.332031
83.007813 87.890625
83.007813 85.449219
85.449219 83.007813
85.449219 80.566406
85.449219 78.125
85.449219 75.683594
85.449219 73.242188
85.449219 70.800781
87.890625 68.359375
87.890625 65.917969
90.332031 63.476563
90.332031 61.035156
90.332031 58.59375
92.773438 56.152344
92.773438 53.710938
92.773438 51.269531
92.773438 48.828125
95.214844 46.386719
95.214844 43.945313
95.214844 41.503906
97.65625 39.0625
97.65625 36.621094
100.097656 34.179688
100.097656 31.738281
100.097656 29.296875
102.539063 26.855469
102.539063 24.414063
104.980469 21.972656
107.421875 19.53125
107.421875 17.089844
