12.207031 19.53125
14.648438 19.53125
17.089844 19.53125
19.53125 19.53125
21.972656 19.53125
24.414063 19.53125
26.855469 19.53125
29.296875 19.53125
31.738281 19.53125
34.179688 19.53125
36.621094 19.53125
39.0625 19.53125
41.503906 19.53125
43.945313 19.53125
46.386719 19.53125
48.828125 19.53125
51.269531 19.53125
53.710938 17.089844
56.152344 17.089844
58.59375 17.089844
61.035156 17.089844
63.476563 17.089844
65.917969 17.089844
68.359375 14.648438
70.800781 14.648438
73.242188 17.089844
75.683594 14.648438
