65.917969 53.710938
63.476563 53.710938
61.035156 53.710938
58.59375 53.710938
56.152344 53.710938
53.710938 53.710938
51.269531 53.710938
48.828125 51.269531
46.386719 48.828125
43.945313 46.386719
41.503906 43.945313
39.0625 41.503906
36.621094 39.0625
34.179688 36.621094
31.738281 34.179688
29.296875 34.179688
26.855469 31.738281
24.414063 29.296875
21.972656 26.855469
19.53125 24.414063
19.53125 21.972656
17.089844 19.53125
17.089844 17.089844
14.648438 14.648438
12.207031 12.207031
12.207031 9.765625
12.207031 2.441406
12.207031 4.882813
12.207031 7.324219
