234.375 68.359375
231.933594 70.800781
229.492188 73.242188
227.050781 75.683594
224.609375 78.125
222.167969 78.125
219.726563 78.125
217.285156 78.125
214.84375 80.566406
212.402344 80.566406
209.960938 80.566406
207.519531 78.125
205.078125 78.125
202.636719 78.125
200.195313 75.683594
197.753906 75.683594
195.3125 78.125
192.871094 75.683594
190.429688 75.683594
187.988281 78.125
185.546875 78.125
183.105469 78.125
180.664063 80.566406
178.222656 80.566406
175.78125 80.566406
173.339844 80.566406
170.898438 83.007813
168.457031 83.007813
166.015625 83.007813
163.574219 83.007813
161.132813 83.007813
158.691406 83.007813
156.25 83.007813
153.808594 85.449219
151.367188 85.449219
148.925781 85.449219
146.484375 85.449219
144.042969 85.449219
141.601563 87.890625
139.160156 87.890625
136.71875 87.890625
134.277344 87.890625
131.835938 87.890625
129.394531 90.332031
126.953125 90.332031
124.511719 90.332031
122.070313 90.332031
119.628906 90.332031
117.1875 92.773438
114.746094 92.773438
112.304688 92.773438
109.863281 92.773438
107.421875 92.773438
104.980469 92.773438
102.539063 92.773438
100.097656 92.773438
97.65625 92.773438
95.214844 92.773438
92.773438 92.773438
90.332031 92.773438
87.890625 92.773438
85.449219 92.773438
83.007813 92.773438
80.566406 90.332031
78.125 87.890625
78.125 85.449219
75.683594 83.007813
73.242188 80.566406
70.800781 78.125
68.359375 75.683594
68.359375 73.242188
65.917969 70.800781
63.476563 68.359375
61.035156 65.917969
58.59375 63.476563
58.59375 61.035156
56.152344 58.59375
53.710938 56.152344
51.269531 53.710938
51.269531 51.269531
48.828125 48.828125
46.386719 46.386719
46.386719 43.945313
43.945313 41.503906
41.503906 41.503906
39.0625 39.0625
36.621094 36.621094
34.179688 34.179688
31.738281 31.738281
29.296875 29.296875
26.855469 26.855469
24.414063 24.414063
21.972656 24.414063
19.53125 21.972656
19.53125 19.53125
17.089844 17.089844
17.089844 14.648438
17.089844 2.441406
17.089844 4.882813
17.089844 7.324219
17.089844 9.765625
17.089844 12.207031
