114.746094 107.421875
112.304688 107.421875
109.863281 107.421875
107.421875 107.421875
104.980469 107.421875
102.539063 107.421875
100.097656 104.980469
97.65625 104.980469
95.214844 102.539063
92.773438 100.097656
90.332031 100.097656
87.890625 97.65625
85.449219 95.214844
83.007813 95.214844
80.566406 92.773438
78.125 92.773438
75.683594 90.332031
73.242188 90.332031
70.800781 87.890625
68.359375 85.449219
68.359375 83.007813
65.917969 80.566406
63.476563 78.125
61.035156 75.683594
58.59375 73.242188
56.152344 70.800781
53.710938 68.359375
51.269531 65.917969
48.828125 63.476563
46.386719 61.035156
46.386719 58.59375
43.945313 56.152344
41.503906 53.710938
39.0625 51.269531
39.0625 48.828125
36.621094 46.386719
36.621094 43.945313
34.179688 41.503906
31.738281 39.0625
31.738281 36.621094
29.296875 34.179688
26.855469 31.738281
26.855469 29.296875
24.414063 26.855469
24.414063 24.414063
21.972656 21.972656
19.53125 19.53125
17.089844 17.089844
14.648438 14.648438
12.207031 12.207031
9.765625 9.765625
9.765625 7.324219
9.765625 2.441406
9.765625 4.882813
