187.988281 117.1875
185.546875 119.628906
183.105469 117.1875
180.664063 117.1875
178.222656 117.1875
175.78125 117.1875
173.339844 117.1875
170.898438 114.746094
168.457031 114.746094
166.015625 114.746094
163.574219 114.746094
161.132813 114.746094
158.691406 114.746094
156.25 114.746094
153.808594 114.746094
151.367188 114.746094
148.925781 117.1875
146.484375 117.1875
144.042969 117.1875
141.601563 117.1875
139.160156 117.1875
136.71875 117.1875
134.277344 117.1875
131.835938 119.628906
129.394531 119.628906
126.953125 119.628906
124.511719 119.628906
122.070313 119.628906
119.628906 119.628906
117.1875 119.628906
114.746094 122.070313
112.304688 122.070313
109.863281 122.070313
107.421875 124.511719
104.980469 124.511719
102.539063 124.511719
100.097656 126.953125
97.65625 126.953125
95.214844 126.953125
92.773438 129.394531
90.332031 129.394531
87.890625 129.394531
85.449219 131.835938
83.007813 131.835938
80.566406 131.835938
78.125 131.835938
75.683594 131.835938
73.242188 134.277344
70.800781 134.277344
68.359375 134.277344
65.917969 131.835938
63.476563 129.394531
61.035156 126.953125
58.59375 124.511719
56.152344 122.070313
53.710938 119.628906
51.269531 117.1875
48.828125 114.746094
46.386719 112.304688
48.828125 109.863281
51.269531 107.421875
53.710938 104.980469
56.152344 102.539063
58.59375 100.097656
61.035156 97.65625
63.476563 95.214844
65.917969 92.773438
68.359375 90.332031
70.800781 87.890625
73.242188 85.449219
75.683594 83.007813
78.125 80.566406
80.566406 78.125
83.007813 75.683594
85.449219 73.242188
87.890625 70.800781
90.332031 68.359375
92.773438 65.917969
95.214844 63.476563
95.214844 61.035156
97.65625 58.59375
100.097656 56.152344
102.539063 53.710938
102.539063 51.269531
104.980469 48.828125
104.980469 46.386719
107.421875 43.945313
107.421875 41.503906
109.863281 39.0625
112.304688 36.621094
112.304688 34.179688
114.746094 31.738281
114.746094 29.296875
117.1875 26.855469
119.628906 24.414063
122.070313 24.414063
124.511719 21.972656
126.953125 19.53125
129.394531 17.089844
