2.441406 24.414063
4.882813 24.414063
7.324219 24.414063
9.765625 24.414063
12.207031 24.414063
14.648438 24.414063
17.089844 24.414063
19.53125 24.414063
21.972656 21.972656
24.414063 24.414063
26.855469 24.414063
29.296875 24.414063
31.738281 24.414063
34.179688 24.414063
36.621094 21.972656
39.0625 21.972656
41.503906 21.972656
43.945313 21.972656
46.386719 19.53125
48.828125 19.53125
51.269531 19.53125
53.710938 19.53125
56.152344 19.53125
58.59375 19.53125
61.035156 19.53125
63.476563 19.53125
65.917969 19.53125
68.359375 19.53125
70.800781 19.53125
73.242188 19.53125
75.683594 17.089844
78.125 17.089844
80.566406 17.089844
83.007813 17.089844
85.449219 17.089844
87.890625 17.089844
90.332031 14.648438
92.773438 14.648438
95.214844 14.648438
104.980469 14.648438
102.539063 14.648438
100.097656 14.648438
97.65625 14.648438
