31.738281 144.042969
31.738281 141.601563
31.738281 139.160156
31.738281 136.71875
31.738281 134.277344
31.738281 131.835938
29.296875 129.394531
26.855469 126.953125
24.414063 124.511719
24.414063 122.070313
21.972656 119.628906
21.972656 117.1875
19.53125 114.746094
19.53125 112.304688
19.53125 109.863281
19.53125 107.421875
19.53125 104.980469
17.089844 102.539063
17.089844 100.097656
17.089844 97.65625
17.089844 95.214844
17.089844 92.773438
17.089844 90.332031
17.089844 87.890625
17.089844 85.449219
17.089844 83.007813
17.089844 80.566406
17.089844 78.125
17.089844 75.683594
17.089844 73.242188
17.089844 70.800781
17.089844 68.359375
17.089844 65.917969
17.089844 63.476563
17.089844 61.035156
17.089844 58.59375
17.089844 56.152344
17.089844 53.710938
17.089844 51.269531
17.089844 48.828125
17.089844 46.386719
17.089844 43.945313
17.089844 41.503906
19.53125 39.0625
19.53125 36.621094
19.53125 34.179688
19.53125 31.738281
19.53125 29.296875
21.972656 26.855469
21.972656 24.414063
21.972656 21.972656
21.972656 19.53125
21.972656 17.089844
21.972656 2.441406
21.972656 4.882813
21.972656 7.324219
21.972656 9.765625
21.972656 12.207031
21.972656 14.648438
