41.503906 139.160156
41.503906 136.71875
41.503906 134.277344
41.503906 131.835938
41.503906 129.394531
41.503906 126.953125
41.503906 124.511719
41.503906 122.070313
41.503906 119.628906
39.0625 117.1875
39.0625 114.746094
39.0625 112.304688
36.621094 109.863281
36.621094 107.421875
36.621094 104.980469
34.179688 102.539063
34.179688 100.097656
34.179688 97.65625
31.738281 95.214844
31.738281 92.773438
31.738281 90.332031
31.738281 87.890625
31.738281 85.449219
31.738281 83.007813
31.738281 80.566406
31.738281 78.125
31.738281 75.683594
31.738281 73.242188
29.296875 70.800781
29.296875 68.359375
29.296875 65.917969
29.296875 63.476563
26.855469 61.035156
26.855469 58.59375
26.855469 56.152344
24.414063 53.710938
24.414063 51.269531
24.414063 48.828125
24.414063 46.386719
21.972656 43.945313
21.972656 41.503906
21.972656 39.0625
21.972656 36.621094
21.972656 34.179688
21.972656 31.738281
19.53125 29.296875
19.53125 26.855469
19.53125 24.414063
19.53125 21.972656
17.089844 19.53125
17.089844 17.089844
17.089844 14.648438
17.089844 2.441406
17.089844 4.882813
17.089844 7.324219
17.089844 9.765625
17.089844 12.207031
