2.441406 90.332031
4.882813 90.332031
7.324219 90.332031
9.765625 90.332031
12.207031 90.332031
14.648438 87.890625
17.089844 85.449219
19.53125 85.449219
21.972656 83.007813
24.414063 80.566406
26.855469 78.125
29.296875 75.683594
31.738281 73.242188
31.738281 70.800781
31.738281 68.359375
34.179688 65.917969
34.179688 63.476563
34.179688 61.035156
34.179688 58.59375
34.179688 56.152344
36.621094 53.710938
36.621094 51.269531
36.621094 48.828125
39.0625 46.386719
39.0625 43.945313
41.503906 41.503906
43.945313 39.0625
43.945313 36.621094
46.386719 34.179688
46.386719 31.738281
48.828125 29.296875
48.828125 26.855469
51.269531 24.414063
51.269531 21.972656
53.710938 19.53125
56.152344 17.089844
58.59375 14.648438
65.917969 7.324219
63.476563 9.765625
61.035156 12.207031
