114.746094 56.152344
112.304688 56.152344
109.863281 56.152344
107.421875 56.152344
104.980469 56.152344
102.539063 56.152344
100.097656 56.152344
97.65625 56.152344
95.214844 56.152344
92.773438 56.152344
90.332031 53.710938
87.890625 53.710938
85.449219 53.710938
83.007813 53.710938
80.566406 53.710938
78.125 53.710938
75.683594 53.710938
73.242188 53.710938
70.800781 51.269531
68.359375 51.269531
65.917969 51.269531
63.476563 48.828125
61.035156 48.828125
58.59375 46.386719
56.152344 43.945313
53.710938 43.945313
51.269531 41.503906
48.828125 39.0625
46.386719 39.0625
43.945313 36.621094
41.503906 34.179688
39.0625 31.738281
36.621094 31.738281
34.179688 29.296875
31.738281 26.855469
29.296875 26.855469
26.855469 24.414063
24.414063 21.972656
21.972656 21.972656
2.441406 21.972656
4.882813 21.972656
7.324219 21.972656
9.765625 21.972656
12.207031 21.972656
14.648438 21.972656
17.089844 21.972656
19.53125 21.972656
