112.304688 34.179688
109.863281 34.179688
107.421875 34.179688
104.980469 34.179688
102.539063 34.179688
100.097656 34.179688
97.65625 34.179688
95.214844 34.179688
92.773438 31.738281
90.332031 29.296875
87.890625 29.296875
85.449219 29.296875
83.007813 26.855469
80.566406 26.855469
78.125 26.855469
75.683594 26.855469
73.242188 26.855469
70.800781 24.414063
68.359375 24.414063
65.917969 24.414063
63.476563 24.414063
61.035156 24.414063
58.59375 24.414063
56.152344 21.972656
53.710938 21.972656
51.269531 21.972656
48.828125 21.972656
46.386719 19.53125
43.945313 19.53125
41.503906 17.089844
39.0625 17.089844
36.621094 17.089844
34.179688 17.089844
31.738281 14.648438
29.296875 14.648438
26.855469 14.648438
24.414063 14.648438
21.972656 14.648438
19.53125 14.648438
17.089844 14.648438
14.648438 14.648438
12.207031 14.648438
2.441406 14.648438
4.882813 14.648438
7.324219 14.648438
9.765625 14.648438
