109.863281 48.828125
107.421875 46.386719
104.980469 46.386719
102.539063 46.386719
100.097656 46.386719
97.65625 46.386719
95.214844 43.945313
92.773438 43.945313
90.332031 43.945313
87.890625 41.503906
85.449219 41.503906
83.007813 41.503906
80.566406 39.0625
78.125 39.0625
75.683594 36.621094
73.242188 34.179688
70.800781 34.179688
68.359375 31.738281
65.917969 31.738281
63.476563 31.738281
61.035156 31.738281
58.59375 31.738281
56.152344 29.296875
53.710938 26.855469
51.269531 26.855469
48.828125 24.414063
46.386719 21.972656
43.945313 21.972656
41.503906 19.53125
39.0625 19.53125
36.621094 19.53125
34.179688 17.089844
31.738281 17.089844
29.296875 17.089844
26.855469 17.089844
24.414063 14.648438
21.972656 14.648438
19.53125 14.648438
17.089844 12.207031
14.648438 12.207031
12.207031 12.207031
