2.441406 34.179688
4.882813 34.179688
7.324219 34.179688
9.765625 34.179688
12.207031 34.179688
14.648438 34.179688
17.089844 34.179688
19.53125 34.179688
21.972656 34.179688
24.414063 34.179688
26.855469 34.179688
29.296875 34.179688
31.738281 34.179688
34.179688 34.179688
36.621094 36.621094
36.621094 39.0625
39.0625 41.503906
41.503906 41.503906
43.945313 41.503906
46.386719 43.945313
48.828125 43.945313
51.269531 43.945313
53.710938 43.945313
56.152344 43.945313
58.59375 43.945313
61.035156 41.503906
63.476563 41.503906
65.917969 41.503906
68.359375 39.0625
70.800781 39.0625
73.242188 36.621094
73.242188 34.179688
73.242188 31.738281
73.242188 29.296875
73.242188 26.855469
73.242188 24.414063
73.242188 21.972656
73.242188 19.53125
73.242188 17.089844
73.242188 14.648438
73.242188 12.207031
73.242188 9.765625
73.242188 7.324219
73.242188 4.882813
73.242188 2.441406
