7.324219 68.359375
9.765625 65.917969
12.207031 63.476563
14.648438 61.035156
17.089844 58.59375
19.53125 56.152344
21.972656 56.152344
24.414063 56.152344
26.855469 56.152344
29.296875 53.710938
31.738281 53.710938
34.179688 53.710938
36.621094 51.269531
39.0625 51.269531
41.503906 51.269531
43.945313 48.828125
46.386719 48.828125
48.828125 46.386719
51.269531 43.945313
53.710938 43.945313
56.152344 41.503906
58.59375 41.503906
61.035156 41.503906
63.476563 39.0625
65.917969 36.621094
68.359375 36.621094
70.800781 34.179688
73.242188 31.738281
75.683594 31.738281
78.125 31.738281
80.566406 29.296875
83.007813 29.296875
85.449219 29.296875
87.890625 31.738281
90.332031 34.179688
92.773438 34.179688
95.214844 34.179688
114.746094 34.179688
112.304688 34.179688
109.863281 34.179688
107.421875 34.179688
104.980469 34.179688
102.539063 34.179688
100.097656 34.179688
97.65625 34.179688
