19.53125 141.601563
19.53125 139.160156
19.53125 136.71875
21.972656 134.277344
21.972656 131.835938
24.414063 129.394531
24.414063 126.953125
26.855469 124.511719
26.855469 122.070313
26.855469 119.628906
29.296875 117.1875
29.296875 114.746094
31.738281 112.304688
34.179688 109.863281
34.179688 107.421875
36.621094 104.980469
36.621094 102.539063
39.0625 100.097656
39.0625 97.65625
41.503906 95.214844
41.503906 92.773438
43.945313 90.332031
43.945313 87.890625
43.945313 85.449219
46.386719 83.007813
48.828125 80.566406
48.828125 78.125
48.828125 75.683594
51.269531 73.242188
51.269531 70.800781
51.269531 68.359375
53.710938 65.917969
53.710938 63.476563
56.152344 61.035156
56.152344 58.59375
58.59375 56.152344
58.59375 53.710938
61.035156 51.269531
61.035156 48.828125
63.476563 46.386719
65.917969 43.945313
65.917969 41.503906
68.359375 39.0625
70.800781 36.621094
73.242188 34.179688
75.683594 31.738281
75.683594 29.296875
78.125 26.855469
78.125 24.414063
80.566406 21.972656
