92.773438 268.554688
92.773438 266.113281
92.773438 263.671875
92.773438 261.230469
92.773438 258.789063
92.773438 256.347656
92.773438 253.90625
92.773438 251.464844
90.332031 249.023438
87.890625 246.582031
85.449219 244.140625
83.007813 241.699219
80.566406 239.257813
80.566406 236.816406
78.125 234.375
75.683594 231.933594
75.683594 229.492188
73.242188 227.050781
73.242188 224.609375
70.800781 222.167969
68.359375 219.726563
65.917969 217.285156
63.476563 214.84375
61.035156 212.402344
61.035156 209.960938
58.59375 207.519531
56.152344 205.078125
53.710938 202.636719
53.710938 200.195313
51.269531 197.753906
51.269531 195.3125
48.828125 192.871094
48.828125 190.429688
46.386719 187.988281
46.386719 185.546875
46.386719 183.105469
43.945313 180.664063
43.945313 178.222656
41.503906 175.78125
41.503906 173.339844
39.0625 170.898438
39.0625 168.457031
39.0625 166.015625
36.621094 163.574219
36.621094 161.132813
34.179688 158.691406
34.179688 156.25
34.179688 153.808594
31.738281 151.367188
31.738281 148.925781
31.738281 146.484375
29.296875 144.042969
29.296875 141.601563
29.296875 139.160156
29.296875 136.71875
26.855469 134.277344
26.855469 131.835938
26.855469 129.394531
26.855469 126.953125
26.855469 124.511719
24.414063 122.070313
24.414063 119.628906
24.414063 117.1875
21.972656 114.746094
21.972656 112.304688
21.972656 109.863281
21.972656 107.421875
19.53125 104.980469
19.53125 102.539063
19.53125 100.097656
19.53125 97.65625
19.53125 95.214844
19.53125 92.773438
19.53125 90.332031
19.53125 87.890625
19.53125 85.449219
19.53125 83.007813
19.53125 80.566406
19.53125 78.125
19.53125 75.683594
19.53125 73.242188
19.53125 70.800781
19.53125 68.359375
19.53125 65.917969
17.089844 63.476563
17.089844 61.035156
17.089844 58.59375
17.089844 56.152344
17.089844 53.710938
17.089844 51.269531
17.089844 48.828125
17.089844 46.386719
17.089844 43.945313
19.53125 41.503906
19.53125 39.0625
19.53125 36.621094
19.53125 34.179688
19.53125 31.738281
19.53125 29.296875
19.53125 26.855469
19.53125 24.414063
19.53125 21.972656
19.53125 19.53125
17.089844 17.089844
17.089844 14.648438
17.089844 2.441406
17.089844 4.882813
17.089844 7.324219
17.089844 9.765625
17.089844 12.207031
