136.71875 122.070313
134.277344 122.070313
131.835938 122.070313
129.394531 122.070313
126.953125 122.070313
124.511719 122.070313
122.070313 122.070313
119.628906 119.628906
119.628906 117.1875
117.1875 114.746094
114.746094 112.304688
112.304688 109.863281
109.863281 107.421875
109.863281 104.980469
107.421875 102.539063
104.980469 100.097656
102.539063 97.65625
100.097656 95.214844
97.65625 92.773438
97.65625 90.332031
95.214844 87.890625
92.773438 85.449219
90.332031 83.007813
90.332031 80.566406
87.890625 78.125
85.449219 75.683594
83.007813 73.242188
83.007813 70.800781
80.566406 68.359375
78.125 65.917969
75.683594 63.476563
75.683594 61.035156
73.242188 58.59375
70.800781 56.152344
68.359375 53.710938
65.917969 51.269531
63.476563 48.828125
61.035156 46.386719
58.59375 43.945313
56.152344 41.503906
53.710938 39.0625
51.269531 39.0625
48.828125 36.621094
46.386719 34.179688
43.945313 31.738281
41.503906 31.738281
39.0625 29.296875
36.621094 26.855469
34.179688 24.414063
31.738281 24.414063
29.296875 21.972656
26.855469 19.53125
24.414063 19.53125
21.972656 17.089844
19.53125 17.089844
17.089844 14.648438
14.648438 12.207031
12.207031 12.207031
2.441406 12.207031
4.882813 12.207031
7.324219 12.207031
9.765625 12.207031
