80.566406 34.179688
78.125 34.179688
75.683594 34.179688
73.242188 34.179688
70.800781 34.179688
68.359375 34.179688
65.917969 34.179688
63.476563 34.179688
61.035156 34.179688
58.59375 34.179688
56.152344 34.179688
53.710938 31.738281
51.269531 31.738281
48.828125 31.738281
46.386719 31.738281
43.945313 29.296875
41.503906 29.296875
39.0625 29.296875
36.621094 26.855469
34.179688 26.855469
31.738281 26.855469
29.296875 24.414063
26.855469 24.414063
24.414063 24.414063
2.441406 24.414063
4.882813 24.414063
7.324219 24.414063
9.765625 24.414063
12.207031 24.414063
14.648438 24.414063
17.089844 24.414063
19.53125 24.414063
21.972656 24.414063
