17.089844 168.457031
17.089844 166.015625
17.089844 163.574219
17.089844 161.132813
17.089844 158.691406
17.089844 156.25
17.089844 153.808594
17.089844 151.367188
19.53125 148.925781
21.972656 146.484375
21.972656 144.042969
21.972656 141.601563
24.414063 139.160156
24.414063 136.71875
24.414063 134.277344
24.414063 131.835938
24.414063 129.394531
24.414063 126.953125
24.414063 124.511719
24.414063 122.070313
24.414063 119.628906
26.855469 117.1875
26.855469 114.746094
26.855469 112.304688
26.855469 109.863281
26.855469 107.421875
26.855469 104.980469
26.855469 102.539063
26.855469 100.097656
26.855469 97.65625
26.855469 95.214844
26.855469 92.773438
29.296875 90.332031
29.296875 87.890625
29.296875 85.449219
29.296875 83.007813
29.296875 80.566406
29.296875 78.125
29.296875 75.683594
31.738281 73.242188
31.738281 70.800781
31.738281 68.359375
31.738281 65.917969
31.738281 63.476563
31.738281 61.035156
34.179688 58.59375
34.179688 56.152344
34.179688 53.710938
34.179688 51.269531
34.179688 48.828125
34.179688 46.386719
36.621094 43.945313
36.621094 41.503906
36.621094 39.0625
36.621094 36.621094
39.0625 34.179688
39.0625 31.738281
39.0625 29.296875
39.0625 26.855469
39.0625 24.414063
39.0625 21.972656
39.0625 19.53125
39.0625 17.089844
39.0625 14.648438
36.621094 12.207031
36.621094 9.765625
36.621094 2.441406
36.621094 4.882813
36.621094 7.324219
