2.441406 70.800781
4.882813 70.800781
7.324219 70.800781
9.765625 70.800781
12.207031 70.800781
14.648438 70.800781
17.089844 70.800781
19.53125 70.800781
21.972656 70.800781
24.414063 68.359375
26.855469 68.359375
29.296875 68.359375
31.738281 68.359375
34.179688 65.917969
36.621094 65.917969
39.0625 65.917969
41.503906 65.917969
43.945313 65.917969
46.386719 65.917969
48.828125 65.917969
51.269531 65.917969
53.710938 65.917969
56.152344 65.917969
58.59375 65.917969
61.035156 65.917969
63.476563 65.917969
65.917969 65.917969
68.359375 65.917969
70.800781 65.917969
73.242188 65.917969
75.683594 65.917969
78.125 65.917969
80.566406 65.917969
83.007813 65.917969
85.449219 65.917969
87.890625 65.917969
90.332031 65.917969
92.773438 65.917969
95.214844 65.917969
97.65625 65.917969
100.097656 65.917969
102.539063 65.917969
104.980469 65.917969
107.421875 65.917969
109.863281 65.917969
112.304688 65.917969
114.746094 63.476563
117.1875 63.476563
119.628906 63.476563
122.070313 63.476563
124.511719 61.035156
126.953125 61.035156
129.394531 61.035156
131.835938 61.035156
134.277344 61.035156
136.71875 61.035156
139.160156 61.035156
141.601563 61.035156
144.042969 61.035156
146.484375 61.035156
148.925781 61.035156
151.367188 58.59375
153.808594 58.59375
156.25 58.59375
158.691406 58.59375
161.132813 58.59375
163.574219 58.59375
166.015625 56.152344
168.457031 56.152344
170.898438 56.152344
173.339844 56.152344
175.78125 53.710938
178.222656 53.710938
180.664063 53.710938
183.105469 51.269531
185.546875 51.269531
187.988281 48.828125
190.429688 48.828125
192.871094 46.386719
195.3125 46.386719
197.753906 43.945313
200.195313 43.945313
202.636719 41.503906
205.078125 41.503906
207.519531 39.0625
209.960938 39.0625
212.402344 39.0625
214.84375 36.621094
217.285156 36.621094
219.726563 34.179688
222.167969 34.179688
224.609375 34.179688
227.050781 31.738281
229.492188 31.738281
231.933594 29.296875
234.375 29.296875
236.816406 29.296875
239.257813 26.855469
241.699219 26.855469
244.140625 24.414063
246.582031 24.414063
249.023438 21.972656
251.464844 21.972656
253.90625 19.53125
256.347656 19.53125
258.789063 17.089844
261.230469 17.089844
263.671875 17.089844
266.113281 14.648438
273.4375 7.324219
270.996094 9.765625
268.554688 12.207031
