73.242188 36.621094
70.800781 36.621094
68.359375 36.621094
65.917969 36.621094
63.476563 36.621094
61.035156 36.621094
58.59375 34.179688
56.152344 31.738281
53.710938 29.296875
51.269531 26.855469
48.828125 24.414063
46.386719 24.414063
43.945313 24.414063
41.503906 24.414063
39.0625 24.414063
36.621094 24.414063
34.179688 24.414063
31.738281 24.414063
29.296875 24.414063
26.855469 24.414063
24.414063 24.414063
21.972656 24.414063
19.53125 24.414063
2.441406 24.414063
4.882813 24.414063
7.324219 24.414063
9.765625 24.414063
12.207031 24.414063
14.648438 24.414063
17.089844 24.414063
