26.855469 90.332031
26.855469 87.890625
26.855469 85.449219
29.296875 83.007813
29.296875 80.566406
29.296875 78.125
29.296875 75.683594
29.296875 73.242188
29.296875 70.800781
29.296875 68.359375
29.296875 65.917969
29.296875 63.476563
26.855469 61.035156
26.855469 58.59375
26.855469 56.152344
26.855469 53.710938
26.855469 51.269531
26.855469 48.828125
26.855469 46.386719
26.855469 43.945313
24.414063 41.503906
24.414063 39.0625
24.414063 36.621094
24.414063 34.179688
21.972656 31.738281
21.972656 29.296875
21.972656 26.855469
19.53125 24.414063
19.53125 21.972656
17.089844 19.53125
17.089844 17.089844
14.648438 14.648438
14.648438 12.207031
