4.882813 73.242188
7.324219 70.800781
9.765625 68.359375
12.207031 68.359375
14.648438 65.917969
17.089844 65.917969
19.53125 65.917969
21.972656 63.476563
24.414063 63.476563
26.855469 61.035156
29.296875 61.035156
31.738281 58.59375
34.179688 56.152344
36.621094 53.710938
39.0625 53.710938
41.503906 51.269531
43.945313 48.828125
46.386719 48.828125
48.828125 46.386719
51.269531 46.386719
53.710938 43.945313
56.152344 43.945313
58.59375 41.503906
61.035156 41.503906
63.476563 39.0625
65.917969 39.0625
68.359375 36.621094
70.800781 36.621094
73.242188 34.179688
75.683594 34.179688
78.125 31.738281
80.566406 31.738281
83.007813 31.738281
85.449219 29.296875
87.890625 26.855469
90.332031 26.855469
92.773438 24.414063
95.214844 24.414063
97.65625 24.414063
100.097656 21.972656
102.539063 21.972656
104.980469 19.53125
107.421875 19.53125
109.863281 19.53125
112.304688 17.089844
114.746094 17.089844
117.1875 17.089844
119.628906 17.089844
122.070313 14.648438
124.511719 14.648438
136.71875 14.648438
134.277344 14.648438
131.835938 14.648438
129.394531 14.648438
126.953125 14.648438
