17.089844 68.359375
17.089844 65.917969
19.53125 63.476563
21.972656 61.035156
24.414063 61.035156
26.855469 58.59375
29.296875 58.59375
31.738281 58.59375
34.179688 56.152344
36.621094 56.152344
39.0625 53.710938
41.503906 53.710938
43.945313 51.269531
46.386719 51.269531
48.828125 51.269531
51.269531 48.828125
53.710938 48.828125
56.152344 46.386719
58.59375 46.386719
61.035156 43.945313
63.476563 43.945313
65.917969 41.503906
68.359375 39.0625
70.800781 36.621094
73.242188 34.179688
75.683594 34.179688
78.125 31.738281
80.566406 29.296875
83.007813 29.296875
85.449219 26.855469
87.890625 24.414063
90.332031 21.972656
92.773438 21.972656
95.214844 19.53125
97.65625 19.53125
100.097656 17.089844
102.539063 17.089844
