7.324219 158.691406
9.765625 156.25
12.207031 153.808594
14.648438 151.367188
17.089844 148.925781
19.53125 146.484375
21.972656 144.042969
24.414063 141.601563
26.855469 139.160156
29.296875 136.71875
31.738281 136.71875
34.179688 134.277344
36.621094 131.835938
39.0625 129.394531
41.503906 126.953125
43.945313 124.511719
46.386719 122.070313
48.828125 119.628906
51.269531 119.628906
53.710938 117.1875
56.152344 114.746094
58.59375 112.304688
61.035156 109.863281
63.476563 109.863281
65.917969 107.421875
68.359375 104.980469
70.800781 102.539063
73.242188 102.539063
75.683594 100.097656
78.125 100.097656
80.566406 97.65625
83.007813 95.214844
85.449219 95.214844
87.890625 92.773438
90.332031 90.332031
92.773438 87.890625
95.214844 85.449219
97.65625 83.007813
100.097656 80.566406
102.539063 80.566406
104.980469 78.125
107.421875 75.683594
109.863281 73.242188
112.304688 73.242188
114.746094 70.800781
117.1875 68.359375
119.628906 65.917969
122.070313 63.476563
124.511719 63.476563
126.953125 61.035156
129.394531 61.035156
131.835938 58.59375
134.277344 56.152344
136.71875 56.152344
139.160156 53.710938
141.601563 51.269531
144.042969 51.269531
146.484375 48.828125
148.925781 46.386719
151.367188 43.945313
153.808594 43.945313
156.25 41.503906
158.691406 39.0625
161.132813 39.0625
163.574219 36.621094
166.015625 34.179688
168.457031 34.179688
170.898438 31.738281
173.339844 31.738281
175.78125 29.296875
178.222656 26.855469
180.664063 26.855469
183.105469 24.414063
185.546875 24.414063
187.988281 24.414063
190.429688 21.972656
192.871094 19.53125
195.3125 19.53125
197.753906 19.53125
200.195313 17.089844
209.960938 7.324219
207.519531 9.765625
205.078125 12.207031
202.636719 14.648438
