2.441406 61.035156
4.882813 61.035156
7.324219 61.035156
9.765625 61.035156
12.207031 61.035156
14.648438 61.035156
17.089844 61.035156
19.53125 58.59375
21.972656 61.035156
24.414063 61.035156
26.855469 61.035156
29.296875 61.035156
31.738281 61.035156
34.179688 58.59375
36.621094 58.59375
39.0625 58.59375
41.503906 58.59375
43.945313 58.59375
46.386719 58.59375
48.828125 58.59375
51.269531 58.59375
53.710938 56.152344
56.152344 56.152344
58.59375 56.152344
61.035156 56.152344
63.476563 56.152344
65.917969 53.710938
68.359375 53.710938
70.800781 53.710938
73.242188 51.269531
75.683594 51.269531
78.125 48.828125
80.566406 48.828125
83.007813 46.386719
85.449219 46.386719
87.890625 46.386719
90.332031 46.386719
92.773438 43.945313
95.214844 43.945313
97.65625 43.945313
100.097656 43.945313
102.539063 43.945313
104.980469 43.945313
107.421875 43.945313
109.863281 43.945313
112.304688 43.945313
114.746094 43.945313
117.1875 43.945313
119.628906 43.945313
122.070313 43.945313
124.511719 43.945313
126.953125 43.945313
129.394531 43.945313
131.835938 43.945313
134.277344 43.945313
136.71875 41.503906
139.160156 41.503906
141.601563 41.503906
144.042969 41.503906
146.484375 39.0625
148.925781 39.0625
151.367188 39.0625
153.808594 36.621094
156.25 36.621094
158.691406 36.621094
161.132813 36.621094
163.574219 34.179688
166.015625 34.179688
168.457031 34.179688
170.898438 31.738281
173.339844 31.738281
175.78125 31.738281
178.222656 29.296875
180.664063 29.296875
183.105469 29.296875
185.546875 29.296875
187.988281 29.296875
190.429688 29.296875
192.871094 26.855469
195.3125 26.855469
197.753906 26.855469
200.195313 26.855469
202.636719 26.855469
205.078125 26.855469
207.519531 26.855469
209.960938 26.855469
212.402344 26.855469
214.84375 26.855469
217.285156 26.855469
219.726563 26.855469
222.167969 26.855469
224.609375 26.855469
227.050781 26.855469
229.492188 26.855469
231.933594 26.855469
234.375 26.855469
236.816406 26.855469
239.257813 24.414063
241.699219 24.414063
244.140625 24.414063
246.582031 21.972656
249.023438 21.972656
251.464844 21.972656
253.90625 21.972656
256.347656 21.972656
258.789063 21.972656
261.230469 21.972656
263.671875 21.972656
266.113281 21.972656
268.554688 21.972656
270.996094 21.972656
273.4375 21.972656
275.878906 19.53125
278.320313 19.53125
280.761719 17.089844
288.085938 9.765625
285.644531 12.207031
283.203125 14.648438
