17.089844 78.125
17.089844 75.683594
17.089844 73.242188
17.089844 70.800781
17.089844 68.359375
17.089844 65.917969
17.089844 63.476563
17.089844 61.035156
19.53125 58.59375
21.972656 58.59375
24.414063 56.152344
26.855469 56.152344
29.296875 56.152344
31.738281 53.710938
34.179688 53.710938
36.621094 51.269531
39.0625 51.269531
41.503906 51.269531
43.945313 48.828125
46.386719 48.828125
48.828125 48.828125
51.269531 46.386719
53.710938 46.386719
56.152344 46.386719
58.59375 43.945313
61.035156 43.945313
63.476563 43.945313
65.917969 41.503906
68.359375 41.503906
70.800781 41.503906
73.242188 39.0625
75.683594 39.0625
78.125 36.621094
80.566406 36.621094
83.007813 34.179688
85.449219 34.179688
87.890625 31.738281
90.332031 31.738281
92.773438 29.296875
95.214844 26.855469
97.65625 26.855469
100.097656 24.414063
102.539063 24.414063
104.980469 21.972656
107.421875 21.972656
109.863281 21.972656
112.304688 19.53125
114.746094 17.089844
117.1875 17.089844
119.628906 17.089844
122.070313 14.648438
129.394531 7.324219
126.953125 9.765625
124.511719 12.207031
