21.972656 141.601563
21.972656 139.160156
21.972656 136.71875
21.972656 134.277344
21.972656 131.835938
21.972656 129.394531
24.414063 126.953125
21.972656 124.511719
21.972656 122.070313
21.972656 119.628906
24.414063 117.1875
24.414063 114.746094
24.414063 112.304688
21.972656 109.863281
21.972656 107.421875
21.972656 104.980469
21.972656 102.539063
21.972656 100.097656
21.972656 97.65625
21.972656 95.214844
21.972656 92.773438
21.972656 90.332031
21.972656 87.890625
21.972656 85.449219
21.972656 83.007813
21.972656 80.566406
21.972656 78.125
21.972656 75.683594
21.972656 73.242188
24.414063 70.800781
24.414063 68.359375
24.414063 65.917969
24.414063 63.476563
24.414063 61.035156
24.414063 58.59375
26.855469 56.152344
26.855469 53.710938
24.414063 51.269531
24.414063 48.828125
24.414063 46.386719
26.855469 43.945313
24.414063 41.503906
24.414063 39.0625
26.855469 36.621094
26.855469 34.179688
24.414063 31.738281
24.414063 29.296875
24.414063 26.855469
24.414063 24.414063
21.972656 21.972656
21.972656 19.53125
21.972656 2.441406
21.972656 4.882813
21.972656 7.324219
21.972656 9.765625
21.972656 12.207031
21.972656 14.648438
21.972656 17.089844
