43.945313 85.449219
41.503906 83.007813
41.503906 80.566406
39.0625 78.125
39.0625 75.683594
39.0625 73.242188
39.0625 70.800781
39.0625 68.359375
36.621094 65.917969
36.621094 63.476563
34.179688 61.035156
34.179688 58.59375
34.179688 56.152344
31.738281 53.710938
31.738281 51.269531
31.738281 48.828125
29.296875 46.386719
29.296875 43.945313
26.855469 41.503906
26.855469 39.0625
26.855469 36.621094
26.855469 34.179688
24.414063 31.738281
24.414063 29.296875
24.414063 26.855469
24.414063 24.414063
21.972656 21.972656
21.972656 19.53125
