24.414063 68.359375
24.414063 65.917969
24.414063 63.476563
26.855469 61.035156
29.296875 58.59375
31.738281 56.152344
34.179688 53.710938
36.621094 53.710938
39.0625 51.269531
41.503906 48.828125
43.945313 46.386719
46.386719 46.386719
48.828125 43.945313
51.269531 41.503906
53.710938 41.503906
56.152344 39.0625
58.59375 39.0625
61.035156 36.621094
63.476563 34.179688
65.917969 34.179688
68.359375 31.738281
70.800781 31.738281
73.242188 29.296875
75.683594 29.296875
78.125 26.855469
80.566406 26.855469
83.007813 24.414063
85.449219 24.414063
87.890625 24.414063
90.332031 21.972656
92.773438 21.972656
95.214844 19.53125
97.65625 17.089844
100.097656 14.648438
102.539063 12.207031
104.980469 9.765625
