2.441406 41.503906
4.882813 41.503906
7.324219 41.503906
9.765625 41.503906
12.207031 41.503906
14.648438 41.503906
17.089844 41.503906
19.53125 39.0625
21.972656 39.0625
24.414063 39.0625
26.855469 39.0625
29.296875 39.0625
31.738281 39.0625
34.179688 36.621094
36.621094 36.621094
39.0625 36.621094
41.503906 36.621094
43.945313 36.621094
46.386719 36.621094
48.828125 36.621094
51.269531 36.621094
53.710938 34.179688
56.152344 34.179688
58.59375 31.738281
61.035156 29.296875
63.476563 29.296875
65.917969 26.855469
68.359375 26.855469
70.800781 26.855469
73.242188 26.855469
75.683594 26.855469
100.097656 26.855469
97.65625 26.855469
95.214844 26.855469
92.773438 26.855469
90.332031 26.855469
87.890625 26.855469
85.449219 26.855469
83.007813 26.855469
80.566406 26.855469
78.125 26.855469
