2.441406 29.296875
4.882813 29.296875
7.324219 29.296875
9.765625 29.296875
12.207031 31.738281
14.648438 31.738281
17.089844 34.179688
19.53125 34.179688
21.972656 34.179688
24.414063 34.179688
26.855469 34.179688
29.296875 34.179688
31.738281 34.179688
34.179688 36.621094
34.179688 39.0625
34.179688 41.503906
31.738281 43.945313
31.738281 46.386719
31.738281 48.828125
29.296875 51.269531
29.296875 53.710938
29.296875 75.683594
29.296875 73.242188
29.296875 70.800781
29.296875 68.359375
29.296875 65.917969
29.296875 63.476563
29.296875 61.035156
29.296875 58.59375
29.296875 56.152344
