92.773438 39.0625
90.332031 39.0625
87.890625 39.0625
85.449219 39.0625
83.007813 39.0625
80.566406 39.0625
78.125 39.0625
75.683594 39.0625
73.242188 36.621094
70.800781 36.621094
68.359375 34.179688
65.917969 34.179688
63.476563 34.179688
61.035156 31.738281
58.59375 31.738281
56.152344 31.738281
53.710938 29.296875
51.269531 26.855469
48.828125 26.855469
46.386719 24.414063
43.945313 24.414063
41.503906 21.972656
39.0625 21.972656
36.621094 21.972656
34.179688 19.53125
31.738281 19.53125
29.296875 19.53125
26.855469 19.53125
24.414063 17.089844
21.972656 17.089844
19.53125 14.648438
17.089844 14.648438
14.648438 14.648438
12.207031 12.207031
9.765625 12.207031
2.441406 12.207031
4.882813 12.207031
7.324219 12.207031
