136.71875 109.863281
136.71875 107.421875
136.71875 104.980469
136.71875 102.539063
136.71875 100.097656
134.277344 97.65625
134.277344 95.214844
131.835938 92.773438
129.394531 90.332031
126.953125 87.890625
126.953125 85.449219
124.511719 83.007813
122.070313 80.566406
122.070313 78.125
119.628906 75.683594
119.628906 73.242188
117.1875 70.800781
114.746094 68.359375
112.304688 65.917969
109.863281 63.476563
109.863281 61.035156
107.421875 58.59375
104.980469 56.152344
102.539063 53.710938
102.539063 51.269531
100.097656 48.828125
97.65625 46.386719
95.214844 43.945313
92.773438 43.945313
90.332031 43.945313
87.890625 43.945313
85.449219 46.386719
83.007813 43.945313
80.566406 41.503906
78.125 41.503906
75.683594 41.503906
73.242188 39.0625
70.800781 36.621094
68.359375 36.621094
65.917969 36.621094
63.476563 36.621094
61.035156 36.621094
58.59375 36.621094
56.152344 36.621094
53.710938 36.621094
51.269531 36.621094
48.828125 36.621094
46.386719 36.621094
43.945313 36.621094
41.503906 34.179688
39.0625 34.179688
36.621094 31.738281
34.179688 31.738281
31.738281 29.296875
29.296875 26.855469
26.855469 26.855469
24.414063 24.414063
21.972656 24.414063
19.53125 21.972656
17.089844 21.972656
14.648438 19.53125
