19.53125 219.726563
19.53125 217.285156
19.53125 214.84375
19.53125 212.402344
19.53125 209.960938
19.53125 207.519531
19.53125 205.078125
19.53125 202.636719
19.53125 200.195313
21.972656 197.753906
24.414063 195.3125
26.855469 195.3125
29.296875 192.871094
31.738281 190.429688
34.179688 190.429688
36.621094 187.988281
39.0625 185.546875
41.503906 183.105469
43.945313 183.105469
46.386719 180.664063
48.828125 178.222656
51.269531 175.78125
53.710938 175.78125
56.152344 173.339844
58.59375 173.339844
61.035156 173.339844
63.476563 170.898438
65.917969 168.457031
68.359375 168.457031
70.800781 168.457031
73.242188 166.015625
75.683594 163.574219
78.125 161.132813
80.566406 158.691406
83.007813 158.691406
85.449219 156.25
87.890625 156.25
90.332031 153.808594
92.773438 153.808594
95.214844 151.367188
97.65625 148.925781
100.097656 148.925781
102.539063 146.484375
104.980469 144.042969
107.421875 144.042969
109.863281 141.601563
112.304688 141.601563
114.746094 139.160156
117.1875 139.160156
119.628906 136.71875
122.070313 136.71875
124.511719 134.277344
126.953125 131.835938
129.394531 131.835938
131.835938 129.394531
134.277344 126.953125
136.71875 124.511719
139.160156 122.070313
141.601563 119.628906
144.042969 117.1875
146.484375 114.746094
148.925781 112.304688
151.367188 109.863281
153.808594 107.421875
156.25 107.421875
158.691406 104.980469
161.132813 102.539063
163.574219 100.097656
166.015625 97.65625
168.457031 95.214844
170.898438 92.773438
173.339844 90.332031
175.78125 87.890625
178.222656 85.449219
178.222656 83.007813
180.664063 80.566406
183.105469 78.125
185.546875 75.683594
185.546875 73.242188
187.988281 70.800781
190.429688 68.359375
192.871094 65.917969
195.3125 63.476563
197.753906 61.035156
197.753906 58.59375
200.195313 56.152344
202.636719 53.710938
205.078125 51.269531
205.078125 48.828125
207.519531 46.386719
209.960938 43.945313
212.402344 41.503906
214.84375 39.0625
217.285156 36.621094
217.285156 34.179688
219.726563 31.738281
222.167969 29.296875
222.167969 26.855469
224.609375 24.414063
227.050781 21.972656
227.050781 19.53125
229.492188 17.089844
241.699219 4.882813
239.257813 7.324219
236.816406 9.765625
234.375 12.207031
231.933594 14.648438
