19.53125 124.511719
19.53125 122.070313
19.53125 119.628906
19.53125 117.1875
19.53125 114.746094
19.53125 112.304688
19.53125 109.863281
19.53125 107.421875
19.53125 104.980469
21.972656 102.539063
21.972656 100.097656
21.972656 97.65625
24.414063 95.214844
24.414063 92.773438
24.414063 90.332031
24.414063 87.890625
26.855469 85.449219
26.855469 83.007813
29.296875 80.566406
29.296875 78.125
29.296875 75.683594
29.296875 73.242188
29.296875 70.800781
31.738281 68.359375
31.738281 65.917969
31.738281 63.476563
31.738281 61.035156
31.738281 58.59375
31.738281 56.152344
31.738281 53.710938
34.179688 51.269531
34.179688 48.828125
34.179688 46.386719
34.179688 43.945313
36.621094 41.503906
36.621094 39.0625
36.621094 36.621094
39.0625 34.179688
39.0625 31.738281
39.0625 29.296875
39.0625 26.855469
39.0625 24.414063
41.503906 21.972656
41.503906 19.53125
41.503906 17.089844
41.503906 14.648438
41.503906 12.207031
41.503906 9.765625
41.503906 2.441406
41.503906 4.882813
41.503906 7.324219
