17.089844 122.070313
17.089844 119.628906
17.089844 117.1875
17.089844 114.746094
19.53125 112.304688
19.53125 109.863281
21.972656 107.421875
21.972656 104.980469
24.414063 102.539063
24.414063 100.097656
24.414063 97.65625
26.855469 95.214844
26.855469 92.773438
26.855469 90.332031
29.296875 87.890625
29.296875 85.449219
29.296875 83.007813
31.738281 80.566406
31.738281 78.125
31.738281 75.683594
31.738281 73.242188
34.179688 70.800781
36.621094 68.359375
36.621094 65.917969
39.0625 63.476563
39.0625 61.035156
41.503906 58.59375
43.945313 56.152344
43.945313 53.710938
46.386719 51.269531
48.828125 48.828125
51.269531 46.386719
51.269531 43.945313
51.269531 41.503906
53.710938 39.0625
56.152344 36.621094
56.152344 34.179688
58.59375 31.738281
58.59375 29.296875
61.035156 26.855469
61.035156 24.414063
63.476563 21.972656
65.917969 19.53125
68.359375 17.089844
70.800781 14.648438
