58.59375 102.539063
58.59375 100.097656
56.152344 97.65625
53.710938 95.214844
53.710938 92.773438
51.269531 90.332031
51.269531 87.890625
51.269531 85.449219
48.828125 83.007813
48.828125 80.566406
46.386719 78.125
46.386719 75.683594
43.945313 73.242188
43.945313 70.800781
41.503906 68.359375
41.503906 65.917969
39.0625 63.476563
39.0625 61.035156
39.0625 58.59375
36.621094 56.152344
36.621094 53.710938
34.179688 51.269531
34.179688 48.828125
31.738281 46.386719
29.296875 43.945313
26.855469 41.503906
26.855469 39.0625
26.855469 36.621094
24.414063 34.179688
24.414063 31.738281
24.414063 29.296875
21.972656 26.855469
21.972656 24.414063
21.972656 21.972656
21.972656 19.53125
