56.152344 78.125
56.152344 75.683594
56.152344 73.242188
56.152344 70.800781
56.152344 68.359375
56.152344 65.917969
56.152344 63.476563
56.152344 61.035156
56.152344 58.59375
56.152344 56.152344
53.710938 53.710938
51.269531 51.269531
51.269531 48.828125
48.828125 46.386719
46.386719 46.386719
43.945313 43.945313
41.503906 41.503906
39.0625 41.503906
36.621094 39.0625
34.179688 36.621094
31.738281 34.179688
31.738281 31.738281
29.296875 29.296875
26.855469 26.855469
26.855469 24.414063
24.414063 21.972656
21.972656 21.972656
2.441406 21.972656
4.882813 21.972656
7.324219 21.972656
9.765625 21.972656
12.207031 21.972656
14.648438 21.972656
17.089844 21.972656
19.53125 21.972656
