17.089844 244.140625
17.089844 241.699219
19.53125 239.257813
19.53125 236.816406
19.53125 234.375
21.972656 231.933594
21.972656 229.492188
21.972656 227.050781
24.414063 224.609375
24.414063 222.167969
24.414063 219.726563
24.414063 217.285156
26.855469 214.84375
26.855469 212.402344
26.855469 209.960938
26.855469 207.519531
26.855469 205.078125
29.296875 202.636719
29.296875 200.195313
29.296875 197.753906
31.738281 195.3125
31.738281 192.871094
31.738281 190.429688
34.179688 187.988281
34.179688 185.546875
34.179688 183.105469
36.621094 180.664063
36.621094 178.222656
36.621094 175.78125
39.0625 173.339844
39.0625 170.898438
39.0625 168.457031
41.503906 166.015625
41.503906 163.574219
43.945313 161.132813
43.945313 158.691406
46.386719 156.25
46.386719 153.808594
46.386719 151.367188
48.828125 148.925781
51.269531 146.484375
51.269531 144.042969
53.710938 141.601563
53.710938 139.160156
53.710938 136.71875
56.152344 134.277344
56.152344 131.835938
58.59375 129.394531
58.59375 126.953125
58.59375 124.511719
61.035156 122.070313
61.035156 119.628906
63.476563 117.1875
63.476563 114.746094
63.476563 112.304688
65.917969 109.863281
65.917969 107.421875
68.359375 104.980469
70.800781 102.539063
70.800781 100.097656
73.242188 97.65625
73.242188 95.214844
75.683594 92.773438
75.683594 90.332031
78.125 87.890625
78.125 85.449219
80.566406 83.007813
83.007813 80.566406
83.007813 78.125
85.449219 75.683594
85.449219 73.242188
87.890625 70.800781
87.890625 68.359375
90.332031 65.917969
90.332031 63.476563
92.773438 61.035156
92.773438 58.59375
95.214844 56.152344
97.65625 53.710938
100.097656 51.269531
102.539063 48.828125
102.539063 46.386719
104.980469 43.945313
107.421875 41.503906
109.863281 39.0625
109.863281 36.621094
112.304688 34.179688
114.746094 31.738281
117.1875 29.296875
117.1875 26.855469
119.628906 24.414063
122.070313 21.972656
124.511719 19.53125
126.953125 17.089844
126.953125 14.648438
129.394531 12.207031
131.835938 9.765625
131.835938 7.324219
