14.648438 122.070313
17.089844 119.628906
19.53125 117.1875
21.972656 114.746094
24.414063 112.304688
24.414063 109.863281
26.855469 107.421875
26.855469 104.980469
26.855469 102.539063
29.296875 100.097656
29.296875 97.65625
31.738281 95.214844
34.179688 92.773438
34.179688 90.332031
36.621094 87.890625
39.0625 85.449219
39.0625 83.007813
41.503906 80.566406
41.503906 78.125
43.945313 75.683594
46.386719 73.242188
46.386719 70.800781
48.828125 68.359375
48.828125 65.917969
51.269531 63.476563
51.269531 61.035156
53.710938 58.59375
53.710938 56.152344
56.152344 53.710938
56.152344 51.269531
58.59375 48.828125
58.59375 46.386719
58.59375 43.945313
61.035156 41.503906
61.035156 39.0625
63.476563 36.621094
63.476563 34.179688
63.476563 31.738281
65.917969 29.296875
65.917969 26.855469
65.917969 24.414063
65.917969 21.972656
65.917969 19.53125
