48.828125 124.511719
48.828125 122.070313
48.828125 119.628906
48.828125 117.1875
48.828125 114.746094
48.828125 112.304688
48.828125 109.863281
48.828125 107.421875
48.828125 104.980469
46.386719 102.539063
46.386719 100.097656
46.386719 97.65625
46.386719 95.214844
46.386719 92.773438
46.386719 90.332031
46.386719 87.890625
46.386719 85.449219
46.386719 83.007813
46.386719 80.566406
46.386719 78.125
46.386719 75.683594
46.386719 73.242188
46.386719 70.800781
46.386719 68.359375
46.386719 65.917969
46.386719 63.476563
46.386719 61.035156
43.945313 58.59375
43.945313 56.152344
43.945313 53.710938
43.945313 51.269531
41.503906 48.828125
41.503906 46.386719
39.0625 43.945313
39.0625 41.503906
36.621094 39.0625
34.179688 36.621094
31.738281 34.179688
31.738281 31.738281
29.296875 29.296875
26.855469 26.855469
26.855469 24.414063
24.414063 21.972656
21.972656 19.53125
19.53125 17.089844
17.089844 17.089844
2.441406 17.089844
4.882813 17.089844
7.324219 17.089844
9.765625 17.089844
12.207031 17.089844
14.648438 17.089844
