17.089844 158.691406
17.089844 156.25
17.089844 153.808594
17.089844 151.367188
17.089844 148.925781
19.53125 146.484375
19.53125 144.042969
19.53125 141.601563
19.53125 139.160156
19.53125 136.71875
19.53125 134.277344
21.972656 131.835938
21.972656 129.394531
21.972656 126.953125
21.972656 124.511719
21.972656 122.070313
21.972656 119.628906
24.414063 117.1875
24.414063 114.746094
24.414063 112.304688
24.414063 109.863281
24.414063 107.421875
24.414063 104.980469
24.414063 102.539063
24.414063 100.097656
24.414063 97.65625
24.414063 95.214844
26.855469 92.773438
26.855469 90.332031
26.855469 87.890625
26.855469 85.449219
26.855469 83.007813
29.296875 80.566406
29.296875 78.125
29.296875 75.683594
31.738281 73.242188
34.179688 70.800781
34.179688 68.359375
36.621094 65.917969
39.0625 63.476563
41.503906 61.035156
43.945313 58.59375
46.386719 56.152344
46.386719 53.710938
48.828125 51.269531
51.269531 48.828125
53.710938 46.386719
53.710938 43.945313
56.152344 41.503906
58.59375 39.0625
61.035156 36.621094
61.035156 34.179688
63.476563 31.738281
65.917969 29.296875
68.359375 26.855469
70.800781 26.855469
73.242188 24.414063
75.683594 21.972656
78.125 19.53125
80.566406 17.089844
