53.710938 107.421875
53.710938 104.980469
53.710938 102.539063
53.710938 100.097656
53.710938 97.65625
53.710938 95.214844
53.710938 92.773438
51.269531 90.332031
51.269531 87.890625
51.269531 85.449219
51.269531 83.007813
51.269531 80.566406
51.269531 78.125
48.828125 75.683594
48.828125 73.242188
48.828125 70.800781
46.386719 68.359375
46.386719 65.917969
46.386719 63.476563
43.945313 61.035156
43.945313 58.59375
43.945313 56.152344
41.503906 53.710938
41.503906 51.269531
39.0625 48.828125
36.621094 46.386719
36.621094 43.945313
34.179688 41.503906
34.179688 39.0625
31.738281 36.621094
31.738281 34.179688
29.296875 31.738281
26.855469 29.296875
26.855469 26.855469
24.414063 24.414063
24.414063 21.972656
21.972656 19.53125
19.53125 17.089844
17.089844 14.648438
14.648438 14.648438
2.441406 14.648438
4.882813 14.648438
7.324219 14.648438
9.765625 14.648438
12.207031 14.648438
