12.207031 14.648438
14.648438 14.648438
17.089844 14.648438
19.53125 17.089844
21.972656 17.089844
24.414063 19.53125
26.855469 19.53125
29.296875 19.53125
31.738281 19.53125
34.179688 19.53125
36.621094 21.972656
39.0625 21.972656
41.503906 21.972656
43.945313 21.972656
46.386719 21.972656
48.828125 21.972656
51.269531 19.53125
53.710938 19.53125
56.152344 19.53125
58.59375 19.53125
61.035156 19.53125
63.476563 19.53125
65.917969 19.53125
68.359375 19.53125
70.800781 19.53125
73.242188 19.53125
75.683594 19.53125
78.125 19.53125
80.566406 19.53125
83.007813 19.53125
85.449219 17.089844
87.890625 17.089844
90.332031 17.089844
92.773438 14.648438
95.214844 14.648438
97.65625 14.648438
100.097656 14.648438
102.539063 14.648438
104.980469 14.648438
107.421875 14.648438
109.863281 14.648438
112.304688 12.207031
114.746094 12.207031
117.1875 12.207031
119.628906 12.207031
122.070313 12.207031
124.511719 9.765625
