7.324219 73.242188
9.765625 75.683594
12.207031 78.125
14.648438 80.566406
17.089844 83.007813
19.53125 80.566406
21.972656 83.007813
24.414063 80.566406
26.855469 80.566406
29.296875 80.566406
31.738281 80.566406
34.179688 78.125
36.621094 78.125
39.0625 75.683594
41.503906 75.683594
43.945313 73.242188
46.386719 70.800781
48.828125 70.800781
51.269531 68.359375
53.710938 65.917969
56.152344 63.476563
58.59375 61.035156
61.035156 58.59375
63.476563 56.152344
65.917969 53.710938
68.359375 53.710938
70.800781 51.269531
73.242188 48.828125
75.683594 48.828125
78.125 46.386719
80.566406 43.945313
83.007813 43.945313
85.449219 41.503906
87.890625 39.0625
90.332031 36.621094
92.773438 34.179688
95.214844 31.738281
97.65625 29.296875
100.097656 26.855469
102.539063 26.855469
104.980469 24.414063
107.421875 21.972656
109.863281 21.972656
112.304688 19.53125
114.746094 19.53125
117.1875 19.53125
119.628906 17.089844
122.070313 17.089844
124.511719 17.089844
136.71875 17.089844
134.277344 17.089844
131.835938 17.089844
129.394531 17.089844
126.953125 17.089844
