26.855469 153.808594
26.855469 151.367188
26.855469 148.925781
26.855469 146.484375
26.855469 144.042969
26.855469 141.601563
26.855469 139.160156
26.855469 136.71875
26.855469 134.277344
26.855469 131.835938
24.414063 129.394531
24.414063 126.953125
24.414063 124.511719
21.972656 122.070313
21.972656 119.628906
21.972656 117.1875
21.972656 114.746094
21.972656 112.304688
19.53125 109.863281
19.53125 107.421875
19.53125 104.980469
19.53125 102.539063
19.53125 100.097656
19.53125 97.65625
19.53125 95.214844
19.53125 92.773438
19.53125 90.332031
19.53125 87.890625
19.53125 85.449219
19.53125 83.007813
19.53125 80.566406
19.53125 78.125
19.53125 75.683594
19.53125 73.242188
19.53125 70.800781
21.972656 68.359375
21.972656 65.917969
21.972656 63.476563
21.972656 61.035156
21.972656 58.59375
24.414063 56.152344
24.414063 53.710938
21.972656 51.269531
24.414063 48.828125
24.414063 46.386719
24.414063 43.945313
24.414063 41.503906
24.414063 39.0625
24.414063 36.621094
26.855469 34.179688
26.855469 31.738281
26.855469 29.296875
24.414063 26.855469
24.414063 24.414063
26.855469 21.972656
26.855469 19.53125
26.855469 17.089844
26.855469 14.648438
26.855469 12.207031
26.855469 9.765625
29.296875 7.324219
29.296875 4.882813
29.296875 2.441406
