158.691406 170.898438
156.25 170.898438
153.808594 170.898438
151.367188 170.898438
148.925781 170.898438
146.484375 168.457031
144.042969 166.015625
141.601563 166.015625
139.160156 163.574219
136.71875 163.574219
134.277344 161.132813
131.835938 158.691406
129.394531 156.25
126.953125 156.25
124.511719 153.808594
122.070313 151.367188
119.628906 148.925781
117.1875 146.484375
114.746094 144.042969
112.304688 141.601563
109.863281 139.160156
107.421875 136.71875
104.980469 134.277344
102.539063 131.835938
100.097656 129.394531
97.65625 126.953125
95.214844 124.511719
92.773438 122.070313
90.332031 119.628906
90.332031 117.1875
87.890625 114.746094
85.449219 112.304688
83.007813 109.863281
80.566406 107.421875
80.566406 104.980469
78.125 102.539063
75.683594 100.097656
75.683594 97.65625
73.242188 95.214844
70.800781 92.773438
68.359375 90.332031
65.917969 87.890625
63.476563 85.449219
61.035156 83.007813
58.59375 80.566406
56.152344 78.125
53.710938 75.683594
51.269531 73.242188
48.828125 70.800781
46.386719 68.359375
46.386719 65.917969
43.945313 63.476563
43.945313 61.035156
41.503906 58.59375
39.0625 56.152344
36.621094 53.710938
36.621094 51.269531
34.179688 48.828125
31.738281 46.386719
31.738281 43.945313
29.296875 41.503906
29.296875 39.0625
26.855469 36.621094
24.414063 34.179688
21.972656 31.738281
21.972656 29.296875
21.972656 26.855469
19.53125 24.414063
19.53125 21.972656
17.089844 19.53125
17.089844 17.089844
17.089844 14.648438
17.089844 2.441406
17.089844 4.882813
17.089844 7.324219
17.089844 9.765625
17.089844 12.207031
