104.980469 119.628906
102.539063 117.1875
100.097656 114.746094
97.65625 112.304688
95.214844 109.863281
92.773438 107.421875
90.332031 104.980469
87.890625 102.539063
87.890625 100.097656
87.890625 97.65625
85.449219 95.214844
83.007813 92.773438
83.007813 90.332031
80.566406 87.890625
78.125 85.449219
78.125 83.007813
75.683594 80.566406
75.683594 78.125
73.242188 75.683594
73.242188 73.242188
70.800781 70.800781
68.359375 68.359375
65.917969 65.917969
63.476563 63.476563
61.035156 61.035156
61.035156 58.59375
58.59375 56.152344
56.152344 53.710938
53.710938 51.269531
51.269531 48.828125
48.828125 46.386719
46.386719 43.945313
43.945313 41.503906
41.503906 39.0625
39.0625 36.621094
36.621094 34.179688
34.179688 31.738281
31.738281 29.296875
29.296875 26.855469
26.855469 24.414063
24.414063 24.414063
21.972656 21.972656
19.53125 19.53125
19.53125 17.089844
19.53125 2.441406
19.53125 4.882813
19.53125 7.324219
19.53125 9.765625
19.53125 12.207031
19.53125 14.648438
