14.648438 56.152344
17.089844 53.710938
19.53125 53.710938
21.972656 51.269531
24.414063 48.828125
26.855469 46.386719
29.296875 43.945313
31.738281 43.945313
34.179688 41.503906
36.621094 39.0625
39.0625 39.0625
41.503906 36.621094
43.945313 36.621094
46.386719 34.179688
48.828125 31.738281
51.269531 31.738281
53.710938 29.296875
56.152344 26.855469
58.59375 26.855469
61.035156 24.414063
63.476563 24.414063
65.917969 21.972656
68.359375 19.53125
70.800781 19.53125
73.242188 19.53125
75.683594 17.089844
78.125 14.648438
80.566406 14.648438
