17.089844 41.503906
19.53125 41.503906
21.972656 39.0625
24.414063 39.0625
26.855469 39.0625
29.296875 39.0625
31.738281 39.0625
34.179688 36.621094
36.621094 36.621094
39.0625 36.621094
41.503906 34.179688
43.945313 34.179688
46.386719 34.179688
48.828125 31.738281
51.269531 31.738281
53.710938 29.296875
56.152344 29.296875
58.59375 26.855469
61.035156 26.855469
63.476563 24.414063
65.917969 24.414063
68.359375 21.972656
70.800781 21.972656
73.242188 19.53125
75.683594 19.53125
78.125 19.53125
80.566406 19.53125
83.007813 19.53125
85.449219 19.53125
87.890625 19.53125
90.332031 17.089844
92.773438 17.089844
95.214844 17.089844
97.65625 17.089844
100.097656 17.089844
