139.160156 195.3125
139.160156 192.871094
139.160156 190.429688
139.160156 187.988281
139.160156 185.546875
136.71875 183.105469
134.277344 180.664063
134.277344 178.222656
131.835938 175.78125
129.394531 173.339844
126.953125 170.898438
124.511719 168.457031
124.511719 166.015625
122.070313 163.574219
122.070313 161.132813
119.628906 158.691406
117.1875 156.25
117.1875 153.808594
114.746094 151.367188
114.746094 148.925781
112.304688 146.484375
112.304688 144.042969
109.863281 141.601563
109.863281 139.160156
107.421875 136.71875
107.421875 134.277344
104.980469 131.835938
104.980469 129.394531
102.539063 126.953125
102.539063 124.511719
100.097656 122.070313
97.65625 119.628906
97.65625 117.1875
95.214844 114.746094
92.773438 112.304688
92.773438 109.863281
90.332031 107.421875
87.890625 104.980469
87.890625 102.539063
85.449219 100.097656
85.449219 97.65625
83.007813 95.214844
80.566406 92.773438
80.566406 90.332031
78.125 87.890625
75.683594 85.449219
73.242188 83.007813
70.800781 80.566406
68.359375 78.125
65.917969 75.683594
63.476563 73.242188
61.035156 70.800781
58.59375 68.359375
58.59375 65.917969
56.152344 63.476563
53.710938 61.035156
51.269531 58.59375
51.269531 56.152344
48.828125 53.710938
46.386719 51.269531
43.945313 48.828125
41.503906 46.386719
41.503906 43.945313
39.0625 41.503906
36.621094 39.0625
34.179688 36.621094
31.738281 34.179688
29.296875 31.738281
29.296875 29.296875
26.855469 26.855469
24.414063 24.414063
21.972656 21.972656
19.53125 19.53125
17.089844 17.089844
17.089844 14.648438
17.089844 2.441406
17.089844 4.882813
17.089844 7.324219
17.089844 9.765625
17.089844 12.207031
