12.207031 48.828125
12.207031 46.386719
12.207031 43.945313
12.207031 41.503906
12.207031 39.0625
12.207031 36.621094
14.648438 34.179688
17.089844 31.738281
19.53125 29.296875
21.972656 29.296875
24.414063 26.855469
26.855469 26.855469
29.296875 26.855469
31.738281 24.414063
34.179688 24.414063
36.621094 24.414063
39.0625 24.414063
41.503906 24.414063
43.945313 21.972656
46.386719 21.972656
48.828125 21.972656
51.269531 21.972656
53.710938 21.972656
56.152344 21.972656
58.59375 21.972656
61.035156 21.972656
63.476563 21.972656
65.917969 19.53125
68.359375 19.53125
70.800781 17.089844
73.242188 17.089844
75.683594 17.089844
78.125 17.089844
90.332031 17.089844
87.890625 17.089844
85.449219 17.089844
83.007813 17.089844
80.566406 17.089844
