9.765625 119.628906
9.765625 117.1875
9.765625 114.746094
9.765625 112.304688
9.765625 109.863281
12.207031 107.421875
14.648438 104.980469
14.648438 102.539063
17.089844 100.097656
19.53125 97.65625
21.972656 95.214844
24.414063 92.773438
24.414063 90.332031
26.855469 87.890625
29.296875 87.890625
31.738281 85.449219
31.738281 83.007813
34.179688 80.566406
36.621094 78.125
39.0625 75.683594
41.503906 73.242188
43.945313 70.800781
46.386719 68.359375
48.828125 65.917969
51.269531 63.476563
53.710938 61.035156
56.152344 61.035156
58.59375 58.59375
61.035156 58.59375
63.476563 56.152344
65.917969 53.710938
68.359375 53.710938
70.800781 53.710938
73.242188 51.269531
75.683594 48.828125
78.125 46.386719
80.566406 46.386719
83.007813 43.945313
85.449219 41.503906
87.890625 41.503906
90.332031 39.0625
92.773438 36.621094
95.214844 34.179688
97.65625 34.179688
100.097656 31.738281
102.539063 29.296875
104.980469 29.296875
107.421875 26.855469
109.863281 26.855469
112.304688 26.855469
114.746094 26.855469
117.1875 24.414063
119.628906 24.414063
122.070313 24.414063
124.511719 21.972656
126.953125 21.972656
129.394531 21.972656
131.835938 21.972656
134.277344 19.53125
136.71875 19.53125
139.160156 19.53125
141.601563 17.089844
144.042969 17.089844
146.484375 17.089844
148.925781 14.648438
151.367188 14.648438
153.808594 14.648438
156.25 14.648438
158.691406 12.207031
161.132813 12.207031
170.898438 12.207031
168.457031 12.207031
166.015625 12.207031
163.574219 12.207031
