63.476563 100.097656
63.476563 97.65625
63.476563 95.214844
63.476563 92.773438
61.035156 90.332031
61.035156 87.890625
58.59375 85.449219
56.152344 85.449219
53.710938 83.007813
51.269531 80.566406
48.828125 78.125
46.386719 75.683594
43.945313 73.242188
41.503906 70.800781
39.0625 68.359375
39.0625 65.917969
36.621094 63.476563
34.179688 61.035156
34.179688 58.59375
34.179688 56.152344
34.179688 53.710938
34.179688 51.269531
34.179688 48.828125
31.738281 46.386719
29.296875 43.945313
26.855469 41.503906
24.414063 39.0625
24.414063 36.621094
21.972656 34.179688
21.972656 31.738281
19.53125 29.296875
19.53125 26.855469
19.53125 24.414063
19.53125 21.972656
19.53125 19.53125
17.089844 17.089844
