21.972656 131.835938
21.972656 129.394531
21.972656 126.953125
21.972656 124.511719
21.972656 122.070313
21.972656 119.628906
21.972656 117.1875
21.972656 114.746094
21.972656 112.304688
21.972656 109.863281
21.972656 107.421875
21.972656 104.980469
21.972656 102.539063
21.972656 100.097656
21.972656 97.65625
21.972656 95.214844
21.972656 92.773438
21.972656 90.332031
21.972656 87.890625
24.414063 85.449219
24.414063 83.007813
24.414063 80.566406
24.414063 78.125
24.414063 75.683594
26.855469 73.242188
26.855469 70.800781
26.855469 68.359375
29.296875 65.917969
29.296875 63.476563
29.296875 61.035156
31.738281 58.59375
31.738281 56.152344
34.179688 53.710938
34.179688 51.269531
34.179688 48.828125
36.621094 46.386719
36.621094 43.945313
36.621094 41.503906
36.621094 39.0625
36.621094 36.621094
39.0625 34.179688
39.0625 31.738281
39.0625 29.296875
39.0625 26.855469
39.0625 24.414063
39.0625 21.972656
39.0625 19.53125
39.0625 17.089844
39.0625 14.648438
39.0625 2.441406
39.0625 4.882813
39.0625 7.324219
39.0625 9.765625
39.0625 12.207031
