36.621094 100.097656
36.621094 97.65625
36.621094 95.214844
36.621094 92.773438
34.179688 90.332031
31.738281 87.890625
31.738281 85.449219
31.738281 83.007813
31.738281 80.566406
29.296875 78.125
29.296875 75.683594
29.296875 73.242188
26.855469 70.800781
26.855469 68.359375
26.855469 65.917969
26.855469 63.476563
26.855469 61.035156
26.855469 58.59375
24.414063 56.152344
24.414063 53.710938
24.414063 51.269531
21.972656 48.828125
21.972656 46.386719
21.972656 43.945313
19.53125 41.503906
19.53125 39.0625
19.53125 36.621094
19.53125 34.179688
19.53125 31.738281
17.089844 29.296875
17.089844 26.855469
17.089844 24.414063
17.089844 21.972656
14.648438 19.53125
14.648438 17.089844
14.648438 14.648438
14.648438 12.207031
