178.222656 114.746094
175.78125 114.746094
173.339844 112.304688
170.898438 112.304688
168.457031 109.863281
166.015625 109.863281
163.574219 107.421875
161.132813 107.421875
158.691406 107.421875
156.25 104.980469
153.808594 104.980469
151.367188 104.980469
148.925781 102.539063
146.484375 100.097656
144.042969 100.097656
141.601563 97.65625
139.160156 97.65625
136.71875 95.214844
134.277344 92.773438
131.835938 92.773438
129.394531 90.332031
126.953125 87.890625
124.511719 87.890625
122.070313 85.449219
119.628906 85.449219
117.1875 83.007813
114.746094 80.566406
112.304688 78.125
109.863281 78.125
107.421875 75.683594
104.980469 75.683594
102.539063 73.242188
100.097656 70.800781
97.65625 70.800781
95.214844 68.359375
92.773438 65.917969
90.332031 63.476563
87.890625 61.035156
85.449219 61.035156
83.007813 58.59375
80.566406 58.59375
78.125 56.152344
75.683594 56.152344
73.242188 56.152344
70.800781 56.152344
68.359375 56.152344
65.917969 56.152344
63.476563 53.710938
61.035156 51.269531
58.59375 48.828125
56.152344 46.386719
53.710938 43.945313
51.269531 41.503906
48.828125 39.0625
46.386719 36.621094
43.945313 34.179688
43.945313 31.738281
41.503906 29.296875
39.0625 26.855469
36.621094 24.414063
34.179688 24.414063
31.738281 21.972656
29.296875 21.972656
26.855469 21.972656
24.414063 19.53125
21.972656 17.089844
19.53125 17.089844
17.089844 17.089844
14.648438 14.648438
12.207031 12.207031
12.207031 9.765625
