19.53125 78.125
19.53125 75.683594
21.972656 73.242188
24.414063 70.800781
26.855469 68.359375
29.296875 65.917969
31.738281 65.917969
34.179688 65.917969
36.621094 65.917969
39.0625 65.917969
41.503906 65.917969
43.945313 65.917969
46.386719 63.476563
48.828125 63.476563
51.269531 63.476563
53.710938 61.035156
56.152344 61.035156
58.59375 61.035156
61.035156 58.59375
63.476563 58.59375
65.917969 56.152344
68.359375 56.152344
70.800781 56.152344
73.242188 53.710938
75.683594 53.710938
78.125 51.269531
80.566406 51.269531
83.007813 51.269531
85.449219 48.828125
87.890625 48.828125
90.332031 46.386719
92.773438 46.386719
95.214844 43.945313
97.65625 43.945313
100.097656 41.503906
102.539063 41.503906
104.980469 39.0625
107.421875 36.621094
109.863281 34.179688
112.304688 31.738281
114.746094 29.296875
117.1875 26.855469
119.628906 24.414063
119.628906 21.972656
122.070313 19.53125
124.511719 17.089844
126.953125 14.648438
