139.160156 26.855469
136.71875 26.855469
134.277344 26.855469
131.835938 26.855469
129.394531 26.855469
126.953125 26.855469
124.511719 26.855469
122.070313 29.296875
119.628906 29.296875
117.1875 29.296875
114.746094 29.296875
112.304688 29.296875
109.863281 29.296875
107.421875 29.296875
104.980469 29.296875
102.539063 29.296875
100.097656 29.296875
97.65625 29.296875
95.214844 29.296875
92.773438 29.296875
90.332031 26.855469
87.890625 26.855469
85.449219 26.855469
83.007813 26.855469
80.566406 26.855469
78.125 26.855469
75.683594 26.855469
73.242188 26.855469
70.800781 26.855469
68.359375 26.855469
65.917969 26.855469
63.476563 26.855469
61.035156 26.855469
58.59375 26.855469
56.152344 26.855469
53.710938 26.855469
51.269531 26.855469
48.828125 26.855469
46.386719 26.855469
43.945313 26.855469
41.503906 26.855469
39.0625 26.855469
36.621094 24.414063
34.179688 24.414063
31.738281 24.414063
29.296875 21.972656
26.855469 21.972656
24.414063 19.53125
21.972656 19.53125
19.53125 19.53125
2.441406 19.53125
4.882813 19.53125
7.324219 19.53125
9.765625 19.53125
12.207031 19.53125
14.648438 19.53125
17.089844 19.53125
