126.953125 51.269531
124.511719 51.269531
122.070313 51.269531
119.628906 48.828125
117.1875 48.828125
114.746094 48.828125
112.304688 48.828125
109.863281 48.828125
107.421875 48.828125
104.980469 46.386719
102.539063 46.386719
100.097656 46.386719
97.65625 46.386719
95.214844 43.945313
92.773438 43.945313
90.332031 41.503906
87.890625 41.503906
85.449219 39.0625
83.007813 39.0625
80.566406 36.621094
78.125 36.621094
75.683594 34.179688
73.242188 34.179688
70.800781 31.738281
68.359375 31.738281
65.917969 31.738281
63.476563 29.296875
61.035156 29.296875
58.59375 29.296875
56.152344 29.296875
53.710938 26.855469
51.269531 26.855469
48.828125 26.855469
46.386719 24.414063
43.945313 24.414063
41.503906 24.414063
39.0625 24.414063
36.621094 24.414063
34.179688 24.414063
31.738281 24.414063
29.296875 21.972656
26.855469 21.972656
24.414063 21.972656
