24.414063 85.449219
24.414063 83.007813
24.414063 80.566406
24.414063 78.125
24.414063 75.683594
21.972656 73.242188
21.972656 70.800781
21.972656 68.359375
21.972656 65.917969
21.972656 63.476563
21.972656 61.035156
21.972656 58.59375
21.972656 56.152344
19.53125 53.710938
19.53125 51.269531
19.53125 48.828125
19.53125 46.386719
19.53125 43.945313
19.53125 41.503906
17.089844 39.0625
17.089844 36.621094
17.089844 34.179688
14.648438 31.738281
14.648438 29.296875
14.648438 26.855469
14.648438 24.414063
14.648438 21.972656
14.648438 19.53125
14.648438 17.089844
14.648438 14.648438
14.648438 12.207031
