78.125 290.527344
78.125 288.085938
78.125 285.644531
78.125 283.203125
78.125 280.761719
78.125 278.320313
78.125 275.878906
78.125 273.4375
78.125 270.996094
78.125 268.554688
78.125 266.113281
75.683594 263.671875
75.683594 261.230469
75.683594 258.789063
75.683594 256.347656
73.242188 253.90625
73.242188 251.464844
73.242188 249.023438
73.242188 246.582031
73.242188 244.140625
70.800781 241.699219
70.800781 239.257813
70.800781 236.816406
70.800781 234.375
70.800781 231.933594
70.800781 229.492188
70.800781 227.050781
68.359375 224.609375
68.359375 222.167969
68.359375 219.726563
68.359375 217.285156
65.917969 214.84375
65.917969 212.402344
65.917969 209.960938
65.917969 207.519531
65.917969 205.078125
65.917969 202.636719
65.917969 200.195313
65.917969 197.753906
65.917969 195.3125
65.917969 192.871094
65.917969 190.429688
63.476563 187.988281
63.476563 185.546875
63.476563 183.105469
63.476563 180.664063
63.476563 178.222656
61.035156 175.78125
61.035156 173.339844
61.035156 170.898438
61.035156 168.457031
61.035156 166.015625
61.035156 163.574219
61.035156 161.132813
61.035156 158.691406
58.59375 156.25
58.59375 153.808594
58.59375 151.367188
58.59375 148.925781
56.152344 146.484375
56.152344 144.042969
56.152344 141.601563
53.710938 139.160156
53.710938 136.71875
53.710938 134.277344
53.710938 131.835938
51.269531 129.394531
51.269531 126.953125
51.269531 124.511719
51.269531 122.070313
48.828125 119.628906
48.828125 117.1875
46.386719 114.746094
46.386719 112.304688
43.945313 109.863281
43.945313 107.421875
41.503906 104.980469
41.503906 102.539063
41.503906 100.097656
41.503906 97.65625
41.503906 95.214844
39.0625 92.773438
39.0625 90.332031
39.0625 87.890625
36.621094 85.449219
36.621094 83.007813
36.621094 80.566406
36.621094 78.125
34.179688 75.683594
34.179688 73.242188
31.738281 70.800781
31.738281 68.359375
31.738281 65.917969
29.296875 63.476563
29.296875 61.035156
26.855469 58.59375
26.855469 56.152344
26.855469 53.710938
24.414063 51.269531
24.414063 48.828125
24.414063 46.386719
21.972656 43.945313
21.972656 41.503906
21.972656 39.0625
19.53125 36.621094
19.53125 34.179688
19.53125 31.738281
19.53125 29.296875
17.089844 26.855469
17.089844 24.414063
17.089844 21.972656
14.648438 19.53125
14.648438 17.089844
14.648438 14.648438
12.207031 12.207031
12.207031 9.765625
12.207031 2.441406
12.207031 4.882813
12.207031 7.324219
