4.882813 192.871094
7.324219 190.429688
9.765625 187.988281
12.207031 185.546875
14.648438 183.105469
14.648438 180.664063
17.089844 178.222656
19.53125 175.78125
21.972656 173.339844
24.414063 170.898438
26.855469 168.457031
26.855469 166.015625
29.296875 163.574219
29.296875 161.132813
31.738281 158.691406
34.179688 156.25
34.179688 153.808594
36.621094 151.367188
36.621094 148.925781
39.0625 146.484375
39.0625 144.042969
41.503906 141.601563
41.503906 139.160156
43.945313 136.71875
46.386719 134.277344
46.386719 131.835938
48.828125 129.394531
48.828125 126.953125
51.269531 124.511719
51.269531 122.070313
53.710938 119.628906
56.152344 117.1875
58.59375 114.746094
58.59375 112.304688
61.035156 109.863281
61.035156 107.421875
63.476563 104.980469
65.917969 102.539063
68.359375 100.097656
70.800781 97.65625
73.242188 95.214844
75.683594 92.773438
75.683594 90.332031
78.125 87.890625
78.125 85.449219
80.566406 83.007813
80.566406 80.566406
83.007813 78.125
85.449219 75.683594
87.890625 73.242188
87.890625 70.800781
90.332031 68.359375
92.773438 65.917969
95.214844 63.476563
95.214844 61.035156
97.65625 58.59375
100.097656 56.152344
100.097656 53.710938
102.539063 51.269531
102.539063 48.828125
104.980469 46.386719
104.980469 43.945313
107.421875 41.503906
107.421875 39.0625
109.863281 36.621094
109.863281 34.179688
112.304688 31.738281
112.304688 29.296875
114.746094 26.855469
117.1875 24.414063
119.628906 24.414063
122.070313 21.972656
124.511719 21.972656
126.953125 19.53125
129.394531 19.53125
131.835938 19.53125
134.277344 17.089844
136.71875 17.089844
139.160156 17.089844
141.601563 17.089844
144.042969 17.089844
146.484375 17.089844
158.691406 17.089844
156.25 17.089844
153.808594 17.089844
151.367188 17.089844
148.925781 17.089844
