7.324219 217.285156
7.324219 214.84375
7.324219 212.402344
7.324219 209.960938
9.765625 207.519531
9.765625 205.078125
9.765625 202.636719
12.207031 200.195313
12.207031 197.753906
14.648438 195.3125
14.648438 192.871094
14.648438 190.429688
17.089844 187.988281
19.53125 185.546875
19.53125 183.105469
19.53125 180.664063
21.972656 178.222656
24.414063 175.78125
24.414063 173.339844
26.855469 170.898438
29.296875 168.457031
31.738281 166.015625
34.179688 163.574219
36.621094 161.132813
36.621094 158.691406
39.0625 156.25
41.503906 153.808594
41.503906 151.367188
41.503906 148.925781
43.945313 146.484375
46.386719 144.042969
48.828125 141.601563
51.269531 139.160156
53.710938 136.71875
56.152344 134.277344
56.152344 131.835938
58.59375 129.394531
61.035156 126.953125
63.476563 124.511719
65.917969 124.511719
68.359375 122.070313
70.800781 122.070313
73.242188 122.070313
75.683594 119.628906
78.125 117.1875
80.566406 114.746094
83.007813 112.304688
85.449219 109.863281
87.890625 107.421875
90.332031 104.980469
92.773438 102.539063
95.214844 100.097656
97.65625 97.65625
100.097656 95.214844
102.539063 95.214844
104.980469 92.773438
107.421875 90.332031
109.863281 87.890625
112.304688 85.449219
114.746094 85.449219
117.1875 83.007813
119.628906 80.566406
122.070313 78.125
124.511719 75.683594
126.953125 73.242188
129.394531 70.800781
131.835938 68.359375
134.277344 65.917969
136.71875 63.476563
139.160156 61.035156
141.601563 58.59375
144.042969 58.59375
146.484375 56.152344
148.925781 53.710938
151.367188 51.269531
153.808594 48.828125
156.25 46.386719
158.691406 46.386719
161.132813 43.945313
163.574219 41.503906
166.015625 41.503906
168.457031 39.0625
170.898438 39.0625
173.339844 36.621094
175.78125 34.179688
178.222656 31.738281
180.664063 29.296875
180.664063 26.855469
183.105469 24.414063
185.546875 24.414063
187.988281 21.972656
190.429688 19.53125
192.871094 17.089844
195.3125 14.648438
197.753906 14.648438
200.195313 12.207031
202.636719 12.207031
205.078125 12.207031
207.519531 9.765625
209.960938 9.765625
212.402344 7.324219
214.84375 4.882813
