161.132813 173.339844
161.132813 170.898438
161.132813 168.457031
161.132813 166.015625
161.132813 163.574219
158.691406 161.132813
156.25 158.691406
156.25 156.25
156.25 153.808594
153.808594 151.367188
151.367188 148.925781
148.925781 146.484375
148.925781 144.042969
146.484375 141.601563
144.042969 139.160156
141.601563 136.71875
139.160156 134.277344
136.71875 131.835938
134.277344 129.394531
131.835938 126.953125
129.394531 124.511719
126.953125 122.070313
126.953125 119.628906
124.511719 117.1875
122.070313 114.746094
119.628906 112.304688
117.1875 109.863281
114.746094 107.421875
112.304688 104.980469
109.863281 102.539063
107.421875 100.097656
104.980469 97.65625
102.539063 95.214844
100.097656 92.773438
97.65625 90.332031
95.214844 87.890625
92.773438 87.890625
90.332031 85.449219
87.890625 83.007813
85.449219 80.566406
83.007813 78.125
80.566406 78.125
78.125 75.683594
75.683594 73.242188
73.242188 70.800781
70.800781 68.359375
68.359375 65.917969
65.917969 63.476563
63.476563 61.035156
61.035156 61.035156
58.59375 58.59375
56.152344 56.152344
53.710938 53.710938
51.269531 51.269531
48.828125 48.828125
46.386719 46.386719
43.945313 43.945313
41.503906 41.503906
39.0625 41.503906
36.621094 39.0625
34.179688 39.0625
31.738281 36.621094
29.296875 34.179688
26.855469 31.738281
24.414063 29.296875
21.972656 26.855469
21.972656 24.414063
19.53125 21.972656
19.53125 19.53125
19.53125 17.089844
19.53125 14.648438
