80.566406 100.097656
83.007813 100.097656
85.449219 97.65625
87.890625 97.65625
90.332031 97.65625
92.773438 95.214844
95.214844 95.214844
97.65625 92.773438
100.097656 90.332031
102.539063 87.890625
104.980469 85.449219
104.980469 83.007813
104.980469 80.566406
104.980469 78.125
102.539063 75.683594
100.097656 73.242188
97.65625 70.800781
95.214844 68.359375
92.773438 65.917969
90.332031 63.476563
87.890625 61.035156
85.449219 58.59375
83.007813 58.59375
80.566406 56.152344
78.125 58.59375
75.683594 56.152344
73.242188 56.152344
70.800781 56.152344
68.359375 56.152344
65.917969 53.710938
63.476563 53.710938
61.035156 53.710938
58.59375 51.269531
56.152344 48.828125
53.710938 48.828125
51.269531 46.386719
48.828125 43.945313
46.386719 43.945313
43.945313 41.503906
41.503906 41.503906
39.0625 39.0625
36.621094 41.503906
34.179688 43.945313
31.738281 46.386719
29.296875 48.828125
12.207031 65.917969
14.648438 63.476563
17.089844 61.035156
19.53125 58.59375
21.972656 56.152344
24.414063 53.710938
26.855469 51.269531
