178.222656 63.476563
175.78125 61.035156
173.339844 58.59375
170.898438 56.152344
168.457031 53.710938
166.015625 51.269531
163.574219 48.828125
161.132813 48.828125
158.691406 46.386719
156.25 43.945313
153.808594 41.503906
151.367188 41.503906
148.925781 39.0625
146.484375 39.0625
144.042969 39.0625
141.601563 39.0625
139.160156 39.0625
136.71875 36.621094
134.277344 36.621094
131.835938 36.621094
129.394531 36.621094
126.953125 34.179688
124.511719 34.179688
122.070313 34.179688
119.628906 34.179688
117.1875 31.738281
114.746094 31.738281
112.304688 29.296875
109.863281 29.296875
107.421875 26.855469
104.980469 26.855469
102.539063 24.414063
100.097656 24.414063
97.65625 21.972656
95.214844 21.972656
92.773438 21.972656
90.332031 21.972656
87.890625 21.972656
85.449219 19.53125
83.007813 19.53125
80.566406 19.53125
78.125 19.53125
75.683594 19.53125
73.242188 17.089844
70.800781 17.089844
68.359375 17.089844
65.917969 19.53125
63.476563 19.53125
61.035156 19.53125
58.59375 17.089844
56.152344 17.089844
53.710938 17.089844
51.269531 17.089844
48.828125 17.089844
46.386719 17.089844
43.945313 17.089844
41.503906 17.089844
39.0625 17.089844
36.621094 17.089844
34.179688 17.089844
31.738281 17.089844
29.296875 17.089844
26.855469 19.53125
24.414063 19.53125
21.972656 19.53125
19.53125 19.53125
17.089844 21.972656
14.648438 21.972656
2.441406 21.972656
4.882813 21.972656
7.324219 21.972656
9.765625 21.972656
12.207031 21.972656
