7.324219 41.503906
9.765625 39.0625
12.207031 36.621094
14.648438 34.179688
17.089844 31.738281
19.53125 29.296875
21.972656 29.296875
24.414063 29.296875
26.855469 29.296875
29.296875 29.296875
31.738281 29.296875
34.179688 29.296875
36.621094 26.855469
39.0625 26.855469
41.503906 24.414063
43.945313 24.414063
46.386719 21.972656
48.828125 21.972656
51.269531 19.53125
53.710938 19.53125
56.152344 21.972656
58.59375 19.53125
61.035156 19.53125
63.476563 19.53125
65.917969 19.53125
68.359375 17.089844
70.800781 17.089844
85.449219 17.089844
83.007813 17.089844
80.566406 17.089844
78.125 17.089844
75.683594 17.089844
73.242188 17.089844
