14.648438 92.773438
14.648438 90.332031
14.648438 87.890625
14.648438 85.449219
14.648438 83.007813
14.648438 80.566406
14.648438 78.125
14.648438 75.683594
17.089844 73.242188
17.089844 70.800781
19.53125 68.359375
19.53125 65.917969
21.972656 63.476563
24.414063 61.035156
26.855469 58.59375
29.296875 56.152344
31.738281 53.710938
34.179688 51.269531
34.179688 48.828125
36.621094 46.386719
39.0625 43.945313
41.503906 41.503906
41.503906 39.0625
43.945313 36.621094
43.945313 34.179688
46.386719 31.738281
46.386719 29.296875
48.828125 26.855469
48.828125 24.414063
51.269531 21.972656
51.269531 19.53125
51.269531 2.441406
51.269531 4.882813
51.269531 7.324219
51.269531 9.765625
51.269531 12.207031
51.269531 14.648438
51.269531 17.089844
