4.882813 178.222656
7.324219 175.78125
9.765625 173.339844
12.207031 170.898438
14.648438 168.457031
17.089844 166.015625
19.53125 163.574219
21.972656 161.132813
24.414063 158.691406
26.855469 156.25
29.296875 153.808594
29.296875 151.367188
31.738281 148.925781
34.179688 146.484375
34.179688 144.042969
36.621094 141.601563
36.621094 139.160156
39.0625 136.71875
39.0625 134.277344
41.503906 131.835938
43.945313 129.394531
43.945313 126.953125
46.386719 124.511719
46.386719 122.070313
48.828125 119.628906
48.828125 117.1875
51.269531 114.746094
51.269531 112.304688
53.710938 109.863281
56.152344 107.421875
56.152344 104.980469
58.59375 102.539063
61.035156 100.097656
63.476563 97.65625
63.476563 95.214844
65.917969 92.773438
65.917969 90.332031
68.359375 87.890625
68.359375 85.449219
70.800781 83.007813
73.242188 80.566406
73.242188 78.125
73.242188 75.683594
75.683594 73.242188
78.125 70.800781
78.125 68.359375
80.566406 65.917969
83.007813 63.476563
85.449219 61.035156
87.890625 58.59375
90.332031 56.152344
90.332031 53.710938
92.773438 51.269531
95.214844 48.828125
95.214844 46.386719
95.214844 43.945313
97.65625 41.503906
97.65625 39.0625
97.65625 36.621094
100.097656 34.179688
100.097656 31.738281
102.539063 29.296875
102.539063 26.855469
104.980469 24.414063
104.980469 21.972656
107.421875 19.53125
109.863281 17.089844
112.304688 14.648438
114.746094 14.648438
117.1875 12.207031
122.070313 7.324219
119.628906 9.765625
