39.0625 129.394531
39.0625 126.953125
39.0625 124.511719
39.0625 122.070313
39.0625 119.628906
39.0625 117.1875
39.0625 114.746094
39.0625 112.304688
39.0625 109.863281
39.0625 107.421875
39.0625 104.980469
39.0625 102.539063
39.0625 100.097656
36.621094 97.65625
36.621094 95.214844
36.621094 92.773438
36.621094 90.332031
36.621094 87.890625
36.621094 85.449219
36.621094 83.007813
34.179688 80.566406
34.179688 78.125
34.179688 75.683594
34.179688 73.242188
34.179688 70.800781
34.179688 68.359375
34.179688 65.917969
31.738281 63.476563
31.738281 61.035156
31.738281 58.59375
31.738281 56.152344
29.296875 53.710938
26.855469 51.269531
26.855469 48.828125
26.855469 46.386719
24.414063 43.945313
24.414063 41.503906
24.414063 39.0625
24.414063 36.621094
21.972656 34.179688
21.972656 31.738281
21.972656 29.296875
21.972656 26.855469
19.53125 24.414063
19.53125 21.972656
19.53125 19.53125
19.53125 2.441406
19.53125 4.882813
19.53125 7.324219
19.53125 9.765625
19.53125 12.207031
19.53125 14.648438
19.53125 17.089844
