31.738281 231.933594
31.738281 229.492188
31.738281 227.050781
31.738281 224.609375
31.738281 222.167969
29.296875 219.726563
26.855469 217.285156
26.855469 214.84375
26.855469 212.402344
26.855469 209.960938
26.855469 207.519531
26.855469 205.078125
26.855469 202.636719
26.855469 200.195313
26.855469 197.753906
26.855469 195.3125
26.855469 192.871094
26.855469 190.429688
26.855469 187.988281
26.855469 185.546875
26.855469 183.105469
26.855469 180.664063
26.855469 178.222656
26.855469 175.78125
26.855469 173.339844
26.855469 170.898438
29.296875 168.457031
29.296875 166.015625
29.296875 163.574219
29.296875 161.132813
29.296875 158.691406
31.738281 156.25
31.738281 153.808594
31.738281 151.367188
34.179688 148.925781
34.179688 146.484375
34.179688 144.042969
34.179688 141.601563
34.179688 139.160156
36.621094 136.71875
36.621094 134.277344
36.621094 131.835938
36.621094 129.394531
39.0625 126.953125
39.0625 124.511719
39.0625 122.070313
39.0625 119.628906
41.503906 117.1875
41.503906 114.746094
41.503906 112.304688
43.945313 109.863281
43.945313 107.421875
43.945313 104.980469
41.503906 102.539063
41.503906 100.097656
41.503906 97.65625
39.0625 95.214844
39.0625 92.773438
39.0625 90.332031
36.621094 87.890625
36.621094 85.449219
36.621094 83.007813
34.179688 80.566406
34.179688 78.125
31.738281 75.683594
31.738281 73.242188
31.738281 70.800781
31.738281 68.359375
31.738281 65.917969
29.296875 63.476563
29.296875 61.035156
29.296875 58.59375
29.296875 56.152344
29.296875 53.710938
26.855469 51.269531
26.855469 48.828125
24.414063 46.386719
24.414063 43.945313
21.972656 41.503906
21.972656 39.0625
21.972656 36.621094
21.972656 34.179688
19.53125 31.738281
19.53125 29.296875
19.53125 26.855469
19.53125 24.414063
17.089844 21.972656
17.089844 19.53125
14.648438 17.089844
14.648438 14.648438
12.207031 12.207031
12.207031 9.765625
12.207031 2.441406
12.207031 4.882813
12.207031 7.324219
