14.648438 29.296875
17.089844 26.855469
19.53125 26.855469
21.972656 26.855469
24.414063 26.855469
26.855469 26.855469
29.296875 26.855469
31.738281 24.414063
34.179688 24.414063
36.621094 24.414063
39.0625 21.972656
41.503906 21.972656
43.945313 21.972656
46.386719 21.972656
48.828125 21.972656
51.269531 19.53125
53.710938 19.53125
56.152344 19.53125
58.59375 19.53125
61.035156 19.53125
63.476563 17.089844
65.917969 17.089844
68.359375 17.089844
70.800781 17.089844
73.242188 17.089844
75.683594 17.089844
78.125 17.089844
80.566406 17.089844
83.007813 17.089844
85.449219 17.089844
87.890625 17.089844
