156.25 56.152344
153.808594 56.152344
151.367188 56.152344
148.925781 56.152344
146.484375 56.152344
144.042969 56.152344
141.601563 56.152344
139.160156 56.152344
136.71875 53.710938
134.277344 53.710938
131.835938 53.710938
129.394531 53.710938
126.953125 51.269531
124.511719 51.269531
122.070313 51.269531
119.628906 51.269531
117.1875 51.269531
114.746094 51.269531
112.304688 51.269531
109.863281 48.828125
107.421875 48.828125
104.980469 48.828125
102.539063 46.386719
100.097656 46.386719
97.65625 43.945313
95.214844 43.945313
92.773438 41.503906
90.332031 41.503906
87.890625 41.503906
85.449219 41.503906
83.007813 39.0625
80.566406 39.0625
78.125 36.621094
75.683594 36.621094
73.242188 36.621094
70.800781 36.621094
68.359375 34.179688
65.917969 34.179688
63.476563 34.179688
61.035156 34.179688
58.59375 34.179688
56.152344 31.738281
53.710938 31.738281
51.269531 31.738281
48.828125 31.738281
46.386719 29.296875
43.945313 29.296875
41.503906 29.296875
39.0625 26.855469
36.621094 26.855469
34.179688 26.855469
31.738281 24.414063
29.296875 24.414063
26.855469 21.972656
24.414063 19.53125
21.972656 19.53125
19.53125 17.089844
17.089844 14.648438
14.648438 14.648438
2.441406 14.648438
4.882813 14.648438
7.324219 14.648438
9.765625 14.648438
12.207031 14.648438
