17.089844 131.835938
17.089844 129.394531
19.53125 126.953125
21.972656 124.511719
21.972656 122.070313
21.972656 119.628906
24.414063 117.1875
24.414063 114.746094
24.414063 112.304688
26.855469 109.863281
26.855469 107.421875
29.296875 104.980469
31.738281 102.539063
34.179688 100.097656
36.621094 97.65625
39.0625 95.214844
41.503906 92.773438
41.503906 90.332031
41.503906 87.890625
43.945313 85.449219
43.945313 83.007813
43.945313 80.566406
43.945313 78.125
46.386719 75.683594
46.386719 73.242188
48.828125 70.800781
51.269531 68.359375
53.710938 65.917969
53.710938 63.476563
56.152344 61.035156
58.59375 58.59375
61.035156 56.152344
63.476563 53.710938
65.917969 51.269531
68.359375 48.828125
70.800781 46.386719
73.242188 43.945313
75.683594 41.503906
78.125 41.503906
80.566406 41.503906
83.007813 39.0625
85.449219 39.0625
87.890625 39.0625
90.332031 36.621094
92.773438 36.621094
95.214844 36.621094
97.65625 36.621094
100.097656 34.179688
102.539063 34.179688
104.980469 31.738281
107.421875 31.738281
109.863281 31.738281
112.304688 29.296875
114.746094 29.296875
117.1875 26.855469
119.628906 26.855469
122.070313 26.855469
124.511719 24.414063
126.953125 24.414063
129.394531 24.414063
131.835938 24.414063
134.277344 21.972656
136.71875 21.972656
139.160156 21.972656
141.601563 19.53125
144.042969 19.53125
146.484375 19.53125
148.925781 19.53125
151.367188 19.53125
153.808594 19.53125
156.25 19.53125
158.691406 17.089844
161.132813 17.089844
163.574219 17.089844
166.015625 14.648438
168.457031 14.648438
170.898438 12.207031
173.339844 9.765625
