4.882813 75.683594
7.324219 73.242188
9.765625 70.800781
12.207031 68.359375
14.648438 65.917969
17.089844 63.476563
19.53125 61.035156
21.972656 61.035156
24.414063 58.59375
26.855469 58.59375
29.296875 56.152344
31.738281 53.710938
34.179688 53.710938
36.621094 51.269531
39.0625 48.828125
41.503906 46.386719
43.945313 43.945313
46.386719 43.945313
48.828125 41.503906
51.269531 41.503906
53.710938 39.0625
56.152344 39.0625
58.59375 36.621094
61.035156 34.179688
63.476563 34.179688
65.917969 31.738281
68.359375 31.738281
70.800781 29.296875
73.242188 26.855469
75.683594 26.855469
78.125 24.414063
80.566406 24.414063
83.007813 21.972656
85.449219 21.972656
87.890625 19.53125
90.332031 17.089844
102.539063 4.882813
100.097656 7.324219
97.65625 9.765625
95.214844 12.207031
92.773438 14.648438
