14.648438 92.773438
17.089844 90.332031
19.53125 87.890625
21.972656 87.890625
24.414063 87.890625
26.855469 85.449219
29.296875 85.449219
31.738281 83.007813
34.179688 83.007813
36.621094 80.566406
39.0625 78.125
41.503906 78.125
43.945313 78.125
46.386719 75.683594
48.828125 75.683594
51.269531 73.242188
53.710938 73.242188
56.152344 70.800781
58.59375 68.359375
61.035156 68.359375
63.476563 65.917969
65.917969 65.917969
68.359375 65.917969
70.800781 63.476563
73.242188 63.476563
75.683594 61.035156
78.125 61.035156
80.566406 61.035156
83.007813 58.59375
85.449219 58.59375
87.890625 58.59375
90.332031 56.152344
92.773438 56.152344
95.214844 53.710938
97.65625 53.710938
100.097656 53.710938
102.539063 53.710938
104.980469 51.269531
107.421875 48.828125
109.863281 48.828125
112.304688 48.828125
114.746094 48.828125
117.1875 48.828125
119.628906 46.386719
122.070313 46.386719
124.511719 46.386719
126.953125 43.945313
129.394531 43.945313
131.835938 43.945313
134.277344 43.945313
136.71875 41.503906
139.160156 41.503906
141.601563 39.0625
144.042969 39.0625
146.484375 39.0625
148.925781 36.621094
151.367188 36.621094
153.808594 36.621094
156.25 34.179688
158.691406 34.179688
161.132813 34.179688
163.574219 31.738281
166.015625 31.738281
168.457031 29.296875
170.898438 29.296875
173.339844 29.296875
175.78125 29.296875
178.222656 29.296875
180.664063 29.296875
183.105469 29.296875
185.546875 29.296875
187.988281 26.855469
190.429688 26.855469
192.871094 26.855469
195.3125 24.414063
197.753906 24.414063
200.195313 21.972656
202.636719 21.972656
205.078125 19.53125
