102.539063 68.359375
100.097656 68.359375
97.65625 65.917969
95.214844 68.359375
92.773438 65.917969
90.332031 65.917969
87.890625 65.917969
85.449219 65.917969
83.007813 63.476563
80.566406 63.476563
78.125 61.035156
75.683594 58.59375
73.242188 58.59375
70.800781 56.152344
68.359375 53.710938
65.917969 51.269531
65.917969 48.828125
63.476563 46.386719
61.035156 43.945313
58.59375 41.503906
56.152344 39.0625
53.710938 36.621094
51.269531 34.179688
48.828125 31.738281
46.386719 31.738281
43.945313 29.296875
41.503906 26.855469
39.0625 26.855469
36.621094 24.414063
34.179688 21.972656
31.738281 21.972656
29.296875 21.972656
26.855469 19.53125
24.414063 19.53125
21.972656 19.53125
19.53125 19.53125
