153.808594 14.648438
151.367188 17.089844
148.925781 19.53125
146.484375 21.972656
144.042969 21.972656
141.601563 21.972656
139.160156 24.414063
136.71875 24.414063
134.277344 24.414063
131.835938 24.414063
129.394531 24.414063
126.953125 24.414063
124.511719 24.414063
122.070313 24.414063
119.628906 26.855469
117.1875 26.855469
114.746094 26.855469
112.304688 26.855469
109.863281 26.855469
107.421875 26.855469
104.980469 29.296875
102.539063 29.296875
100.097656 29.296875
97.65625 29.296875
95.214844 29.296875
92.773438 29.296875
90.332031 29.296875
87.890625 26.855469
85.449219 26.855469
83.007813 26.855469
80.566406 26.855469
78.125 26.855469
75.683594 26.855469
73.242188 24.414063
70.800781 24.414063
68.359375 24.414063
65.917969 26.855469
63.476563 26.855469
61.035156 26.855469
58.59375 26.855469
56.152344 26.855469
53.710938 26.855469
51.269531 26.855469
48.828125 26.855469
46.386719 26.855469
43.945313 24.414063
41.503906 24.414063
39.0625 21.972656
36.621094 21.972656
34.179688 21.972656
31.738281 21.972656
29.296875 19.53125
26.855469 19.53125
24.414063 19.53125
21.972656 19.53125
19.53125 17.089844
7.324219 4.882813
9.765625 7.324219
12.207031 9.765625
14.648438 12.207031
17.089844 14.648438
