141.601563 63.476563
139.160156 65.917969
136.71875 68.359375
134.277344 70.800781
131.835938 73.242188
129.394531 73.242188
126.953125 73.242188
124.511719 70.800781
122.070313 70.800781
119.628906 70.800781
117.1875 70.800781
114.746094 70.800781
112.304688 70.800781
109.863281 68.359375
107.421875 68.359375
104.980469 68.359375
102.539063 65.917969
100.097656 65.917969
97.65625 63.476563
95.214844 63.476563
92.773438 63.476563
90.332031 63.476563
87.890625 63.476563
85.449219 61.035156
83.007813 61.035156
80.566406 58.59375
78.125 58.59375
75.683594 56.152344
73.242188 53.710938
70.800781 51.269531
68.359375 51.269531
65.917969 48.828125
63.476563 46.386719
61.035156 46.386719
58.59375 46.386719
56.152344 43.945313
53.710938 43.945313
51.269531 43.945313
48.828125 43.945313
46.386719 41.503906
43.945313 39.0625
41.503906 36.621094
39.0625 34.179688
36.621094 34.179688
34.179688 31.738281
31.738281 29.296875
29.296875 26.855469
26.855469 26.855469
24.414063 24.414063
21.972656 24.414063
19.53125 21.972656
17.089844 19.53125
14.648438 17.089844
14.648438 14.648438
12.207031 12.207031
12.207031 9.765625
12.207031 2.441406
12.207031 4.882813
12.207031 7.324219
