104.980469 227.050781
104.980469 224.609375
104.980469 222.167969
104.980469 219.726563
104.980469 217.285156
104.980469 214.84375
104.980469 212.402344
104.980469 209.960938
104.980469 207.519531
104.980469 205.078125
102.539063 202.636719
100.097656 200.195313
100.097656 197.753906
97.65625 195.3125
97.65625 192.871094
95.214844 190.429688
92.773438 187.988281
92.773438 185.546875
92.773438 183.105469
92.773438 180.664063
92.773438 178.222656
90.332031 175.78125
90.332031 173.339844
90.332031 170.898438
90.332031 168.457031
90.332031 166.015625
90.332031 163.574219
90.332031 161.132813
90.332031 158.691406
87.890625 156.25
85.449219 153.808594
83.007813 151.367188
80.566406 148.925781
80.566406 146.484375
78.125 144.042969
78.125 141.601563
75.683594 139.160156
75.683594 136.71875
73.242188 134.277344
73.242188 131.835938
70.800781 129.394531
68.359375 126.953125
65.917969 124.511719
63.476563 122.070313
63.476563 119.628906
61.035156 117.1875
58.59375 114.746094
56.152344 112.304688
53.710938 109.863281
53.710938 107.421875
51.269531 104.980469
51.269531 102.539063
48.828125 100.097656
48.828125 97.65625
48.828125 95.214844
48.828125 92.773438
46.386719 90.332031
46.386719 87.890625
46.386719 85.449219
43.945313 83.007813
43.945313 80.566406
43.945313 78.125
41.503906 75.683594
41.503906 73.242188
39.0625 70.800781
39.0625 68.359375
39.0625 65.917969
39.0625 63.476563
36.621094 61.035156
36.621094 58.59375
36.621094 56.152344
34.179688 53.710938
34.179688 51.269531
34.179688 48.828125
31.738281 46.386719
31.738281 43.945313
29.296875 41.503906
29.296875 39.0625
26.855469 36.621094
24.414063 34.179688
21.972656 31.738281
21.972656 29.296875
19.53125 26.855469
19.53125 24.414063
17.089844 21.972656
17.089844 19.53125
17.089844 17.089844
17.089844 14.648438
17.089844 12.207031
17.089844 9.765625
17.089844 7.324219
