39.0625 156.25
39.0625 153.808594
39.0625 151.367188
39.0625 148.925781
39.0625 146.484375
39.0625 144.042969
41.503906 141.601563
39.0625 139.160156
39.0625 136.71875
39.0625 134.277344
39.0625 131.835938
39.0625 129.394531
39.0625 126.953125
36.621094 124.511719
36.621094 122.070313
36.621094 119.628906
36.621094 117.1875
36.621094 114.746094
34.179688 112.304688
34.179688 109.863281
34.179688 107.421875
31.738281 104.980469
31.738281 102.539063
31.738281 100.097656
31.738281 97.65625
31.738281 95.214844
31.738281 92.773438
31.738281 90.332031
31.738281 87.890625
29.296875 85.449219
29.296875 83.007813
29.296875 80.566406
26.855469 78.125
26.855469 75.683594
26.855469 73.242188
26.855469 70.800781
24.414063 68.359375
24.414063 65.917969
24.414063 63.476563
24.414063 61.035156
21.972656 58.59375
21.972656 56.152344
21.972656 53.710938
21.972656 51.269531
21.972656 48.828125
19.53125 46.386719
19.53125 43.945313
19.53125 41.503906
19.53125 39.0625
19.53125 36.621094
17.089844 34.179688
17.089844 31.738281
17.089844 29.296875
17.089844 26.855469
17.089844 24.414063
17.089844 21.972656
17.089844 19.53125
17.089844 17.089844
17.089844 14.648438
17.089844 2.441406
17.089844 4.882813
17.089844 7.324219
17.089844 9.765625
17.089844 12.207031
