34.179688 197.753906
31.738281 195.3125
29.296875 192.871094
26.855469 190.429688
24.414063 187.988281
21.972656 185.546875
21.972656 183.105469
21.972656 180.664063
21.972656 178.222656
21.972656 175.78125
21.972656 173.339844
19.53125 170.898438
19.53125 168.457031
19.53125 166.015625
19.53125 163.574219
19.53125 161.132813
19.53125 158.691406
19.53125 156.25
19.53125 153.808594
19.53125 151.367188
19.53125 148.925781
19.53125 146.484375
19.53125 144.042969
19.53125 141.601563
19.53125 139.160156
19.53125 136.71875
21.972656 134.277344
21.972656 131.835938
21.972656 129.394531
24.414063 126.953125
24.414063 124.511719
24.414063 122.070313
24.414063 119.628906
24.414063 117.1875
26.855469 114.746094
26.855469 112.304688
24.414063 109.863281
24.414063 107.421875
24.414063 104.980469
24.414063 102.539063
21.972656 100.097656
21.972656 97.65625
21.972656 95.214844
21.972656 92.773438
21.972656 90.332031
21.972656 87.890625
24.414063 85.449219
24.414063 83.007813
24.414063 80.566406
24.414063 78.125
24.414063 75.683594
21.972656 73.242188
21.972656 70.800781
21.972656 68.359375
21.972656 65.917969
21.972656 63.476563
21.972656 61.035156
21.972656 58.59375
21.972656 56.152344
21.972656 53.710938
21.972656 51.269531
19.53125 48.828125
19.53125 46.386719
19.53125 43.945313
19.53125 41.503906
19.53125 39.0625
19.53125 36.621094
19.53125 34.179688
19.53125 31.738281
19.53125 29.296875
19.53125 26.855469
19.53125 24.414063
17.089844 21.972656
17.089844 19.53125
14.648438 17.089844
14.648438 14.648438
14.648438 12.207031
12.207031 9.765625
12.207031 7.324219
12.207031 2.441406
12.207031 4.882813
