4.882813 129.394531
7.324219 126.953125
9.765625 124.511719
12.207031 122.070313
14.648438 119.628906
17.089844 117.1875
19.53125 114.746094
21.972656 114.746094
24.414063 114.746094
26.855469 112.304688
29.296875 109.863281
31.738281 109.863281
34.179688 107.421875
36.621094 104.980469
39.0625 102.539063
41.503906 102.539063
43.945313 100.097656
46.386719 97.65625
48.828125 97.65625
51.269531 95.214844
53.710938 92.773438
56.152344 90.332031
58.59375 87.890625
61.035156 85.449219
63.476563 83.007813
65.917969 80.566406
68.359375 78.125
70.800781 75.683594
70.800781 73.242188
73.242188 70.800781
75.683594 68.359375
78.125 65.917969
80.566406 63.476563
83.007813 61.035156
85.449219 58.59375
85.449219 56.152344
87.890625 53.710938
90.332031 51.269531
92.773438 48.828125
92.773438 46.386719
95.214844 43.945313
97.65625 41.503906
100.097656 39.0625
102.539063 36.621094
104.980469 34.179688
107.421875 31.738281
109.863281 29.296875
109.863281 26.855469
112.304688 24.414063
112.304688 21.972656
114.746094 19.53125
114.746094 17.089844
114.746094 2.441406
114.746094 4.882813
114.746094 7.324219
114.746094 9.765625
114.746094 12.207031
114.746094 14.648438
