12.207031 19.53125
14.648438 17.089844
17.089844 14.648438
19.53125 14.648438
21.972656 14.648438
24.414063 14.648438
26.855469 14.648438
29.296875 14.648438
31.738281 17.089844
34.179688 17.089844
36.621094 17.089844
39.0625 19.53125
41.503906 19.53125
43.945313 19.53125
46.386719 19.53125
48.828125 19.53125
51.269531 19.53125
53.710938 19.53125
56.152344 19.53125
58.59375 19.53125
61.035156 19.53125
63.476563 21.972656
65.917969 21.972656
68.359375 21.972656
70.800781 19.53125
73.242188 19.53125
75.683594 19.53125
78.125 17.089844
80.566406 14.648438
83.007813 14.648438
85.449219 14.648438
87.890625 14.648438
90.332031 14.648438
92.773438 12.207031
