2.441406 36.621094
4.882813 36.621094
7.324219 36.621094
9.765625 36.621094
12.207031 36.621094
14.648438 36.621094
17.089844 36.621094
19.53125 36.621094
21.972656 36.621094
24.414063 36.621094
26.855469 36.621094
29.296875 36.621094
31.738281 36.621094
34.179688 34.179688
36.621094 34.179688
39.0625 34.179688
41.503906 31.738281
43.945313 31.738281
46.386719 31.738281
48.828125 29.296875
51.269531 29.296875
53.710938 26.855469
56.152344 24.414063
58.59375 21.972656
61.035156 19.53125
63.476563 19.53125
65.917969 17.089844
68.359375 14.648438
70.800781 12.207031
70.800781 9.765625
70.800781 2.441406
70.800781 4.882813
70.800781 7.324219
