63.476563 85.449219
63.476563 83.007813
63.476563 80.566406
63.476563 78.125
63.476563 75.683594
63.476563 73.242188
63.476563 70.800781
61.035156 68.359375
58.59375 65.917969
56.152344 63.476563
53.710938 61.035156
51.269531 58.59375
48.828125 56.152344
46.386719 53.710938
43.945313 51.269531
41.503906 48.828125
41.503906 46.386719
39.0625 43.945313
36.621094 41.503906
34.179688 39.0625
31.738281 36.621094
29.296875 34.179688
26.855469 31.738281
24.414063 29.296875
24.414063 26.855469
21.972656 24.414063
21.972656 21.972656
19.53125 19.53125
17.089844 17.089844
17.089844 14.648438
