4.882813 92.773438
7.324219 90.332031
9.765625 87.890625
12.207031 85.449219
14.648438 83.007813
17.089844 80.566406
19.53125 78.125
21.972656 78.125
24.414063 75.683594
24.414063 73.242188
26.855469 70.800781
29.296875 68.359375
31.738281 65.917969
34.179688 63.476563
36.621094 63.476563
39.0625 61.035156
41.503906 58.59375
43.945313 58.59375
46.386719 56.152344
48.828125 53.710938
51.269531 51.269531
53.710938 48.828125
56.152344 46.386719
58.59375 46.386719
61.035156 43.945313
63.476563 41.503906
65.917969 39.0625
68.359375 36.621094
70.800781 34.179688
73.242188 34.179688
75.683594 31.738281
78.125 31.738281
80.566406 29.296875
83.007813 26.855469
85.449219 26.855469
87.890625 26.855469
90.332031 26.855469
92.773438 24.414063
95.214844 24.414063
97.65625 21.972656
100.097656 21.972656
102.539063 19.53125
104.980469 19.53125
107.421875 17.089844
109.863281 17.089844
112.304688 14.648438
114.746094 12.207031
119.628906 7.324219
117.1875 9.765625
