263.671875 100.097656
261.230469 97.65625
258.789063 95.214844
256.347656 92.773438
253.90625 90.332031
251.464844 87.890625
249.023438 87.890625
246.582031 87.890625
244.140625 87.890625
241.699219 87.890625
239.257813 87.890625
236.816406 85.449219
234.375 85.449219
231.933594 85.449219
229.492188 83.007813
227.050781 80.566406
224.609375 80.566406
222.167969 80.566406
219.726563 78.125
217.285156 78.125
214.84375 75.683594
212.402344 75.683594
209.960938 75.683594
207.519531 73.242188
205.078125 73.242188
202.636719 73.242188
200.195313 70.800781
197.753906 70.800781
195.3125 70.800781
192.871094 68.359375
190.429688 68.359375
187.988281 65.917969
185.546875 65.917969
183.105469 65.917969
180.664063 63.476563
178.222656 63.476563
175.78125 63.476563
173.339844 63.476563
170.898438 63.476563
168.457031 61.035156
166.015625 61.035156
163.574219 61.035156
161.132813 61.035156
158.691406 61.035156
156.25 61.035156
153.808594 61.035156
151.367188 61.035156
148.925781 58.59375
146.484375 58.59375
144.042969 58.59375
141.601563 56.152344
139.160156 56.152344
136.71875 56.152344
134.277344 56.152344
131.835938 53.710938
129.394531 53.710938
126.953125 53.710938
124.511719 51.269531
122.070313 51.269531
119.628906 51.269531
117.1875 48.828125
114.746094 48.828125
112.304688 48.828125
109.863281 48.828125
107.421875 48.828125
104.980469 48.828125
102.539063 48.828125
100.097656 46.386719
97.65625 46.386719
95.214844 46.386719
92.773438 46.386719
90.332031 43.945313
87.890625 43.945313
85.449219 43.945313
83.007813 43.945313
80.566406 41.503906
78.125 41.503906
75.683594 39.0625
73.242188 39.0625
70.800781 39.0625
68.359375 36.621094
65.917969 36.621094
63.476563 36.621094
61.035156 34.179688
58.59375 34.179688
56.152344 34.179688
53.710938 34.179688
51.269531 31.738281
48.828125 31.738281
46.386719 31.738281
43.945313 31.738281
41.503906 31.738281
39.0625 29.296875
36.621094 29.296875
34.179688 26.855469
31.738281 26.855469
29.296875 26.855469
26.855469 24.414063
24.414063 24.414063
2.441406 24.414063
4.882813 24.414063
7.324219 24.414063
9.765625 24.414063
12.207031 24.414063
14.648438 24.414063
17.089844 24.414063
19.53125 24.414063
21.972656 24.414063
