12.207031 36.621094
14.648438 34.179688
17.089844 31.738281
19.53125 31.738281
21.972656 31.738281
24.414063 31.738281
26.855469 31.738281
29.296875 31.738281
31.738281 29.296875
34.179688 29.296875
36.621094 29.296875
39.0625 29.296875
41.503906 29.296875
43.945313 29.296875
46.386719 29.296875
48.828125 29.296875
51.269531 26.855469
53.710938 26.855469
56.152344 26.855469
58.59375 26.855469
61.035156 26.855469
63.476563 26.855469
65.917969 26.855469
68.359375 26.855469
70.800781 26.855469
73.242188 26.855469
75.683594 24.414063
78.125 24.414063
80.566406 24.414063
83.007813 21.972656
85.449219 21.972656
87.890625 21.972656
90.332031 21.972656
92.773438 21.972656
95.214844 19.53125
97.65625 19.53125
100.097656 19.53125
102.539063 17.089844
