9.765625 63.476563
9.765625 61.035156
12.207031 58.59375
12.207031 56.152344
14.648438 53.710938
14.648438 51.269531
17.089844 48.828125
17.089844 46.386719
19.53125 43.945313
19.53125 41.503906
21.972656 39.0625
24.414063 36.621094
26.855469 34.179688
26.855469 31.738281
29.296875 29.296875
31.738281 26.855469
34.179688 24.414063
34.179688 21.972656
36.621094 19.53125
36.621094 17.089844
39.0625 14.648438
39.0625 12.207031
41.503906 9.765625
43.945313 7.324219
46.386719 4.882813
48.828125 2.441406
