7.324219 56.152344
9.765625 53.710938
12.207031 51.269531
14.648438 48.828125
17.089844 46.386719
19.53125 48.828125
21.972656 46.386719
24.414063 46.386719
26.855469 46.386719
29.296875 46.386719
31.738281 43.945313
34.179688 43.945313
36.621094 41.503906
39.0625 39.0625
41.503906 39.0625
43.945313 39.0625
46.386719 39.0625
48.828125 36.621094
51.269531 36.621094
53.710938 36.621094
56.152344 36.621094
58.59375 34.179688
61.035156 34.179688
63.476563 31.738281
65.917969 31.738281
68.359375 31.738281
70.800781 29.296875
73.242188 29.296875
75.683594 29.296875
78.125 29.296875
80.566406 26.855469
83.007813 24.414063
85.449219 24.414063
87.890625 21.972656
90.332031 21.972656
92.773438 19.53125
95.214844 19.53125
97.65625 17.089844
100.097656 14.648438
102.539063 12.207031
107.421875 7.324219
104.980469 9.765625
