14.648438 148.925781
14.648438 146.484375
14.648438 144.042969
14.648438 141.601563
14.648438 139.160156
14.648438 136.71875
14.648438 134.277344
14.648438 131.835938
14.648438 129.394531
17.089844 126.953125
17.089844 124.511719
17.089844 122.070313
17.089844 119.628906
17.089844 117.1875
17.089844 114.746094
19.53125 112.304688
19.53125 109.863281
19.53125 107.421875
21.972656 104.980469
21.972656 102.539063
24.414063 100.097656
24.414063 97.65625
24.414063 95.214844
26.855469 92.773438
26.855469 90.332031
26.855469 87.890625
26.855469 85.449219
29.296875 83.007813
29.296875 80.566406
29.296875 78.125
31.738281 75.683594
31.738281 73.242188
34.179688 70.800781
34.179688 68.359375
34.179688 65.917969
34.179688 63.476563
36.621094 61.035156
36.621094 58.59375
39.0625 56.152344
39.0625 53.710938
41.503906 51.269531
41.503906 48.828125
41.503906 46.386719
43.945313 43.945313
43.945313 41.503906
46.386719 39.0625
46.386719 36.621094
48.828125 34.179688
51.269531 31.738281
51.269531 29.296875
51.269531 26.855469
53.710938 24.414063
53.710938 21.972656
56.152344 19.53125
56.152344 17.089844
56.152344 14.648438
56.152344 2.441406
56.152344 4.882813
56.152344 7.324219
56.152344 9.765625
56.152344 12.207031
