17.089844 80.566406
17.089844 78.125
19.53125 75.683594
21.972656 73.242188
24.414063 70.800781
26.855469 68.359375
29.296875 65.917969
31.738281 63.476563
34.179688 61.035156
36.621094 61.035156
39.0625 58.59375
41.503906 56.152344
43.945313 56.152344
46.386719 53.710938
48.828125 51.269531
51.269531 48.828125
53.710938 48.828125
56.152344 46.386719
58.59375 43.945313
61.035156 41.503906
63.476563 41.503906
65.917969 39.0625
68.359375 36.621094
70.800781 34.179688
73.242188 31.738281
75.683594 29.296875
78.125 29.296875
80.566406 29.296875
83.007813 26.855469
85.449219 26.855469
87.890625 26.855469
90.332031 24.414063
92.773438 24.414063
95.214844 21.972656
97.65625 21.972656
100.097656 19.53125
102.539063 19.53125
104.980469 17.089844
