4.882813 21.972656
7.324219 19.53125
9.765625 17.089844
12.207031 17.089844
14.648438 17.089844
17.089844 14.648438
19.53125 14.648438
21.972656 14.648438
24.414063 12.207031
26.855469 12.207031
29.296875 12.207031
31.738281 12.207031
34.179688 12.207031
36.621094 12.207031
39.0625 12.207031
41.503906 12.207031
43.945313 9.765625
46.386719 9.765625
48.828125 9.765625
51.269531 9.765625
53.710938 9.765625
56.152344 9.765625
65.917969 9.765625
63.476563 9.765625
61.035156 9.765625
58.59375 9.765625
