9.765625 95.214844
9.765625 92.773438
12.207031 90.332031
14.648438 87.890625
14.648438 85.449219
17.089844 83.007813
17.089844 80.566406
19.53125 78.125
19.53125 75.683594
21.972656 73.242188
24.414063 70.800781
24.414063 68.359375
24.414063 65.917969
21.972656 63.476563
21.972656 61.035156
21.972656 58.59375
24.414063 56.152344
24.414063 53.710938
26.855469 51.269531
26.855469 48.828125
26.855469 46.386719
29.296875 43.945313
29.296875 41.503906
29.296875 39.0625
29.296875 36.621094
31.738281 34.179688
34.179688 31.738281
36.621094 29.296875
36.621094 26.855469
39.0625 24.414063
39.0625 21.972656
41.503906 19.53125
41.503906 17.089844
41.503906 14.648438
43.945313 12.207031
43.945313 9.765625
