131.835938 29.296875
129.394531 31.738281
126.953125 34.179688
124.511719 36.621094
122.070313 39.0625
119.628906 41.503906
117.1875 43.945313
114.746094 46.386719
112.304688 46.386719
109.863281 46.386719
107.421875 46.386719
104.980469 46.386719
102.539063 46.386719
100.097656 46.386719
97.65625 43.945313
95.214844 43.945313
92.773438 43.945313
90.332031 41.503906
87.890625 41.503906
85.449219 41.503906
83.007813 41.503906
80.566406 41.503906
78.125 41.503906
75.683594 39.0625
73.242188 39.0625
70.800781 39.0625
68.359375 39.0625
65.917969 39.0625
63.476563 36.621094
61.035156 36.621094
58.59375 34.179688
56.152344 34.179688
53.710938 31.738281
51.269531 31.738281
48.828125 29.296875
46.386719 29.296875
43.945313 29.296875
41.503906 26.855469
39.0625 26.855469
36.621094 24.414063
34.179688 24.414063
31.738281 21.972656
29.296875 21.972656
26.855469 19.53125
24.414063 19.53125
21.972656 19.53125
19.53125 17.089844
17.089844 17.089844
2.441406 17.089844
4.882813 17.089844
7.324219 17.089844
9.765625 17.089844
12.207031 17.089844
14.648438 17.089844
