21.972656 170.898438
21.972656 168.457031
24.414063 166.015625
26.855469 163.574219
29.296875 161.132813
29.296875 158.691406
31.738281 156.25
31.738281 153.808594
34.179688 151.367188
34.179688 148.925781
36.621094 146.484375
39.0625 144.042969
41.503906 141.601563
41.503906 139.160156
41.503906 136.71875
43.945313 134.277344
43.945313 131.835938
46.386719 129.394531
46.386719 126.953125
48.828125 124.511719
48.828125 122.070313
51.269531 119.628906
51.269531 117.1875
51.269531 114.746094
53.710938 112.304688
53.710938 109.863281
53.710938 107.421875
53.710938 104.980469
56.152344 102.539063
58.59375 100.097656
61.035156 97.65625
61.035156 95.214844
63.476563 92.773438
63.476563 90.332031
65.917969 87.890625
65.917969 85.449219
65.917969 83.007813
68.359375 80.566406
68.359375 78.125
70.800781 75.683594
70.800781 73.242188
73.242188 70.800781
75.683594 68.359375
75.683594 65.917969
78.125 63.476563
80.566406 61.035156
80.566406 58.59375
83.007813 56.152344
83.007813 53.710938
85.449219 51.269531
85.449219 48.828125
87.890625 46.386719
90.332031 43.945313
90.332031 41.503906
90.332031 39.0625
92.773438 36.621094
92.773438 34.179688
92.773438 31.738281
92.773438 29.296875
95.214844 26.855469
95.214844 24.414063
97.65625 21.972656
100.097656 19.53125
102.539063 17.089844
104.980469 14.648438
104.980469 12.207031
107.421875 9.765625
