2.441406 41.503906
4.882813 41.503906
7.324219 41.503906
9.765625 41.503906
12.207031 41.503906
14.648438 41.503906
17.089844 41.503906
19.53125 41.503906
21.972656 41.503906
24.414063 41.503906
26.855469 41.503906
29.296875 41.503906
31.738281 41.503906
34.179688 41.503906
36.621094 41.503906
39.0625 41.503906
41.503906 41.503906
43.945313 41.503906
46.386719 41.503906
48.828125 39.0625
51.269531 39.0625
53.710938 39.0625
56.152344 36.621094
58.59375 34.179688
61.035156 34.179688
63.476563 31.738281
65.917969 31.738281
68.359375 29.296875
70.800781 29.296875
73.242188 29.296875
75.683594 29.296875
78.125 26.855469
80.566406 26.855469
83.007813 26.855469
85.449219 24.414063
87.890625 24.414063
90.332031 24.414063
92.773438 21.972656
95.214844 21.972656
97.65625 21.972656
100.097656 21.972656
102.539063 19.53125
104.980469 19.53125
107.421875 17.089844
107.421875 14.648438
107.421875 2.441406
107.421875 4.882813
107.421875 7.324219
107.421875 9.765625
107.421875 12.207031
