4.882813 34.179688
7.324219 31.738281
9.765625 29.296875
12.207031 26.855469
14.648438 26.855469
17.089844 26.855469
19.53125 24.414063
21.972656 24.414063
24.414063 21.972656
26.855469 21.972656
29.296875 21.972656
31.738281 19.53125
34.179688 19.53125
36.621094 19.53125
39.0625 19.53125
41.503906 17.089844
43.945313 17.089844
46.386719 17.089844
48.828125 17.089844
51.269531 17.089844
53.710938 14.648438
56.152344 14.648438
58.59375 14.648438
61.035156 12.207031
63.476563 12.207031
65.917969 12.207031
