19.53125 97.65625
19.53125 95.214844
19.53125 92.773438
19.53125 90.332031
19.53125 87.890625
19.53125 85.449219
19.53125 83.007813
19.53125 80.566406
19.53125 78.125
19.53125 75.683594
21.972656 73.242188
21.972656 70.800781
24.414063 68.359375
24.414063 65.917969
24.414063 63.476563
24.414063 61.035156
24.414063 58.59375
24.414063 56.152344
24.414063 53.710938
24.414063 51.269531
26.855469 48.828125
26.855469 46.386719
26.855469 43.945313
26.855469 41.503906
26.855469 39.0625
29.296875 36.621094
29.296875 34.179688
29.296875 31.738281
29.296875 29.296875
29.296875 26.855469
29.296875 24.414063
31.738281 21.972656
31.738281 19.53125
31.738281 17.089844
31.738281 14.648438
31.738281 12.207031
31.738281 2.441406
31.738281 4.882813
31.738281 7.324219
31.738281 9.765625
