14.648438 61.035156
17.089844 58.59375
19.53125 58.59375
21.972656 58.59375
24.414063 58.59375
26.855469 58.59375
29.296875 56.152344
31.738281 56.152344
34.179688 56.152344
36.621094 56.152344
39.0625 53.710938
41.503906 53.710938
43.945313 53.710938
46.386719 53.710938
48.828125 53.710938
51.269531 51.269531
53.710938 51.269531
56.152344 48.828125
58.59375 48.828125
61.035156 48.828125
63.476563 46.386719
65.917969 46.386719
68.359375 46.386719
70.800781 46.386719
73.242188 46.386719
75.683594 46.386719
78.125 46.386719
80.566406 46.386719
83.007813 46.386719
85.449219 43.945313
87.890625 43.945313
90.332031 43.945313
92.773438 41.503906
95.214844 41.503906
97.65625 39.0625
100.097656 39.0625
102.539063 39.0625
104.980469 39.0625
107.421875 39.0625
109.863281 39.0625
112.304688 36.621094
114.746094 36.621094
117.1875 36.621094
119.628906 36.621094
122.070313 34.179688
124.511719 34.179688
126.953125 34.179688
129.394531 31.738281
131.835938 31.738281
134.277344 31.738281
136.71875 31.738281
139.160156 29.296875
141.601563 29.296875
144.042969 26.855469
146.484375 26.855469
148.925781 26.855469
151.367188 26.855469
153.808594 26.855469
156.25 24.414063
158.691406 24.414063
161.132813 24.414063
163.574219 21.972656
166.015625 19.53125
168.457031 17.089844
