2.441406 29.296875
4.882813 29.296875
7.324219 29.296875
9.765625 29.296875
12.207031 29.296875
14.648438 29.296875
17.089844 29.296875
19.53125 29.296875
21.972656 29.296875
24.414063 29.296875
26.855469 29.296875
29.296875 29.296875
31.738281 29.296875
34.179688 29.296875
36.621094 29.296875
39.0625 29.296875
41.503906 29.296875
43.945313 29.296875
46.386719 29.296875
48.828125 29.296875
51.269531 31.738281
53.710938 31.738281
56.152344 29.296875
58.59375 29.296875
61.035156 29.296875
63.476563 29.296875
65.917969 29.296875
68.359375 29.296875
70.800781 29.296875
73.242188 29.296875
75.683594 29.296875
78.125 29.296875
80.566406 29.296875
83.007813 31.738281
85.449219 31.738281
87.890625 31.738281
90.332031 31.738281
92.773438 34.179688
95.214844 34.179688
97.65625 34.179688
100.097656 34.179688
102.539063 36.621094
104.980469 36.621094
107.421875 36.621094
109.863281 36.621094
112.304688 39.0625
114.746094 39.0625
117.1875 39.0625
119.628906 39.0625
122.070313 39.0625
124.511719 41.503906
126.953125 41.503906
129.394531 41.503906
131.835938 41.503906
134.277344 39.0625
136.71875 39.0625
139.160156 36.621094
141.601563 36.621094
144.042969 36.621094
146.484375 36.621094
148.925781 34.179688
151.367188 34.179688
153.808594 31.738281
156.25 31.738281
158.691406 29.296875
161.132813 26.855469
163.574219 24.414063
166.015625 24.414063
168.457031 21.972656
170.898438 21.972656
173.339844 19.53125
173.339844 17.089844
173.339844 2.441406
173.339844 4.882813
173.339844 7.324219
173.339844 9.765625
173.339844 12.207031
173.339844 14.648438
