17.089844 85.449219
17.089844 83.007813
17.089844 80.566406
17.089844 78.125
17.089844 75.683594
17.089844 73.242188
17.089844 70.800781
17.089844 68.359375
17.089844 65.917969
17.089844 63.476563
17.089844 61.035156
17.089844 58.59375
19.53125 56.152344
19.53125 53.710938
19.53125 51.269531
19.53125 48.828125
19.53125 46.386719
19.53125 43.945313
19.53125 41.503906
19.53125 39.0625
19.53125 36.621094
19.53125 34.179688
19.53125 31.738281
19.53125 29.296875
19.53125 26.855469
19.53125 24.414063
19.53125 21.972656
19.53125 19.53125
19.53125 17.089844
17.089844 14.648438
9.765625 7.324219
12.207031 9.765625
14.648438 12.207031
