19.53125 122.070313
21.972656 119.628906
24.414063 117.1875
24.414063 114.746094
26.855469 112.304688
26.855469 109.863281
29.296875 107.421875
29.296875 104.980469
29.296875 102.539063
31.738281 100.097656
31.738281 97.65625
34.179688 95.214844
34.179688 92.773438
36.621094 90.332031
39.0625 87.890625
41.503906 85.449219
43.945313 83.007813
46.386719 80.566406
48.828125 78.125
51.269531 75.683594
51.269531 73.242188
53.710938 70.800781
56.152344 68.359375
58.59375 65.917969
61.035156 63.476563
63.476563 61.035156
63.476563 58.59375
65.917969 56.152344
68.359375 53.710938
70.800781 51.269531
73.242188 48.828125
75.683594 46.386719
75.683594 43.945313
78.125 41.503906
80.566406 39.0625
83.007813 36.621094
85.449219 34.179688
87.890625 31.738281
90.332031 29.296875
92.773438 26.855469
92.773438 24.414063
95.214844 21.972656
97.65625 19.53125
100.097656 17.089844
102.539063 14.648438
