73.242188 131.835938
73.242188 129.394531
73.242188 126.953125
73.242188 124.511719
73.242188 122.070313
73.242188 119.628906
73.242188 117.1875
73.242188 114.746094
73.242188 112.304688
73.242188 109.863281
73.242188 107.421875
73.242188 104.980469
73.242188 102.539063
73.242188 100.097656
70.800781 97.65625
70.800781 95.214844
70.800781 92.773438
70.800781 90.332031
70.800781 87.890625
68.359375 85.449219
68.359375 83.007813
68.359375 80.566406
65.917969 78.125
65.917969 75.683594
65.917969 73.242188
65.917969 70.800781
63.476563 68.359375
63.476563 65.917969
61.035156 63.476563
58.59375 61.035156
58.59375 58.59375
56.152344 56.152344
53.710938 53.710938
51.269531 53.710938
48.828125 51.269531
46.386719 48.828125
43.945313 46.386719
41.503906 43.945313
39.0625 41.503906
36.621094 41.503906
34.179688 39.0625
31.738281 36.621094
29.296875 34.179688
29.296875 31.738281
26.855469 29.296875
26.855469 26.855469
24.414063 24.414063
21.972656 21.972656
21.972656 19.53125
19.53125 17.089844
17.089844 17.089844
2.441406 17.089844
4.882813 17.089844
7.324219 17.089844
9.765625 17.089844
12.207031 17.089844
14.648438 17.089844
