122.070313 183.105469
122.070313 180.664063
122.070313 178.222656
119.628906 175.78125
119.628906 173.339844
119.628906 170.898438
117.1875 168.457031
117.1875 166.015625
114.746094 163.574219
112.304688 161.132813
112.304688 158.691406
109.863281 156.25
109.863281 153.808594
107.421875 151.367188
107.421875 148.925781
107.421875 146.484375
107.421875 144.042969
107.421875 141.601563
107.421875 139.160156
104.980469 136.71875
104.980469 134.277344
102.539063 131.835938
102.539063 129.394531
102.539063 126.953125
102.539063 124.511719
102.539063 122.070313
100.097656 119.628906
97.65625 117.1875
97.65625 114.746094
97.65625 112.304688
95.214844 109.863281
95.214844 107.421875
95.214844 104.980469
92.773438 102.539063
92.773438 100.097656
92.773438 97.65625
90.332031 95.214844
90.332031 92.773438
87.890625 90.332031
87.890625 87.890625
87.890625 85.449219
87.890625 83.007813
85.449219 80.566406
85.449219 78.125
85.449219 75.683594
85.449219 73.242188
83.007813 70.800781
83.007813 68.359375
80.566406 65.917969
83.007813 63.476563
85.449219 61.035156
87.890625 58.59375
90.332031 56.152344
92.773438 53.710938
95.214844 51.269531
97.65625 48.828125
100.097656 46.386719
102.539063 43.945313
104.980469 43.945313
107.421875 46.386719
109.863281 48.828125
112.304688 51.269531
114.746094 53.710938
117.1875 56.152344
119.628906 58.59375
122.070313 61.035156
124.511719 63.476563
126.953125 65.917969
126.953125 68.359375
129.394531 70.800781
129.394531 73.242188
129.394531 75.683594
131.835938 78.125
134.277344 80.566406
134.277344 83.007813
136.71875 85.449219
136.71875 87.890625
136.71875 90.332031
139.160156 92.773438
139.160156 95.214844
141.601563 97.65625
141.601563 100.097656
144.042969 102.539063
144.042969 104.980469
146.484375 107.421875
146.484375 109.863281
146.484375 112.304688
146.484375 114.746094
146.484375 117.1875
148.925781 119.628906
148.925781 122.070313
151.367188 124.511719
151.367188 126.953125
151.367188 129.394531
151.367188 131.835938
153.808594 134.277344
153.808594 136.71875
153.808594 139.160156
153.808594 141.601563
153.808594 144.042969
156.25 146.484375
156.25 148.925781
156.25 151.367188
158.691406 153.808594
158.691406 156.25
161.132813 158.691406
161.132813 161.132813
163.574219 163.574219
163.574219 166.015625
163.574219 168.457031
166.015625 170.898438
166.015625 173.339844
166.015625 175.78125
166.015625 178.222656
166.015625 180.664063
