17.089844 410.15625
17.089844 407.714844
19.53125 405.273438
19.53125 402.832031
19.53125 400.390625
19.53125 397.949219
19.53125 395.507813
19.53125 393.066406
19.53125 390.625
19.53125 388.183594
19.53125 385.742188
19.53125 383.300781
19.53125 380.859375
19.53125 378.417969
19.53125 375.976563
19.53125 373.535156
19.53125 371.09375
19.53125 368.652344
19.53125 366.210938
19.53125 363.769531
21.972656 361.328125
21.972656 358.886719
21.972656 356.445313
21.972656 354.003906
21.972656 351.5625
21.972656 349.121094
21.972656 346.679688
24.414063 344.238281
24.414063 341.796875
24.414063 339.355469
24.414063 336.914063
24.414063 334.472656
24.414063 332.03125
24.414063 329.589844
24.414063 327.148438
24.414063 324.707031
26.855469 322.265625
26.855469 319.824219
26.855469 317.382813
26.855469 314.941406
26.855469 312.5
26.855469 310.058594
26.855469 307.617188
26.855469 305.175781
26.855469 302.734375
26.855469 300.292969
26.855469 297.851563
26.855469 295.410156
29.296875 292.96875
29.296875 290.527344
29.296875 288.085938
29.296875 285.644531
29.296875 283.203125
29.296875 280.761719
29.296875 278.320313
31.738281 275.878906
31.738281 273.4375
31.738281 270.996094
31.738281 268.554688
31.738281 266.113281
31.738281 263.671875
31.738281 261.230469
34.179688 258.789063
34.179688 256.347656
34.179688 253.90625
34.179688 251.464844
36.621094 249.023438
36.621094 246.582031
39.0625 244.140625
39.0625 241.699219
39.0625 239.257813
39.0625 236.816406
39.0625 234.375
39.0625 231.933594
39.0625 229.492188
39.0625 227.050781
39.0625 224.609375
41.503906 222.167969
41.503906 219.726563
41.503906 217.285156
41.503906 214.84375
41.503906 212.402344
41.503906 209.960938
43.945313 207.519531
43.945313 205.078125
43.945313 202.636719
43.945313 200.195313
43.945313 197.753906
43.945313 195.3125
46.386719 192.871094
46.386719 190.429688
46.386719 187.988281
48.828125 185.546875
48.828125 183.105469
48.828125 180.664063
48.828125 178.222656
48.828125 175.78125
51.269531 173.339844
51.269531 170.898438
51.269531 168.457031
51.269531 166.015625
51.269531 163.574219
53.710938 161.132813
56.152344 158.691406
56.152344 156.25
56.152344 153.808594
56.152344 151.367188
58.59375 148.925781
58.59375 146.484375
61.035156 144.042969
61.035156 141.601563
63.476563 139.160156
63.476563 136.71875
65.917969 134.277344
65.917969 131.835938
68.359375 129.394531
70.800781 126.953125
70.800781 124.511719
73.242188 122.070313
73.242188 119.628906
73.242188 117.1875
75.683594 114.746094
75.683594 112.304688
78.125 109.863281
78.125 107.421875
78.125 104.980469
80.566406 102.539063
80.566406 100.097656
80.566406 97.65625
83.007813 95.214844
83.007813 92.773438
83.007813 90.332031
83.007813 87.890625
85.449219 85.449219
85.449219 83.007813
85.449219 80.566406
87.890625 78.125
87.890625 75.683594
87.890625 73.242188
90.332031 70.800781
90.332031 68.359375
92.773438 65.917969
92.773438 63.476563
95.214844 61.035156
95.214844 58.59375
97.65625 56.152344
97.65625 53.710938
100.097656 51.269531
100.097656 48.828125
100.097656 46.386719
102.539063 43.945313
104.980469 41.503906
104.980469 39.0625
104.980469 36.621094
107.421875 34.179688
107.421875 31.738281
107.421875 29.296875
107.421875 26.855469
109.863281 24.414063
109.863281 21.972656
109.863281 19.53125
109.863281 17.089844
