17.089844 75.683594
17.089844 73.242188
17.089844 70.800781
17.089844 68.359375
17.089844 65.917969
17.089844 63.476563
17.089844 61.035156
17.089844 58.59375
19.53125 56.152344
21.972656 53.710938
24.414063 51.269531
26.855469 48.828125
29.296875 46.386719
31.738281 43.945313
34.179688 41.503906
36.621094 41.503906
39.0625 39.0625
41.503906 36.621094
43.945313 34.179688
46.386719 31.738281
48.828125 31.738281
51.269531 29.296875
53.710938 26.855469
53.710938 24.414063
53.710938 2.441406
53.710938 4.882813
53.710938 7.324219
53.710938 9.765625
53.710938 12.207031
53.710938 14.648438
53.710938 17.089844
53.710938 19.53125
53.710938 21.972656
