109.863281 124.511719
109.863281 122.070313
109.863281 119.628906
109.863281 117.1875
109.863281 114.746094
109.863281 112.304688
109.863281 109.863281
109.863281 107.421875
107.421875 104.980469
104.980469 102.539063
102.539063 102.539063
100.097656 100.097656
97.65625 97.65625
95.214844 95.214844
92.773438 92.773438
92.773438 90.332031
90.332031 87.890625
87.890625 85.449219
85.449219 83.007813
83.007813 80.566406
80.566406 80.566406
78.125 78.125
75.683594 75.683594
73.242188 73.242188
70.800781 70.800781
68.359375 70.800781
65.917969 68.359375
63.476563 65.917969
61.035156 63.476563
58.59375 61.035156
56.152344 58.59375
53.710938 56.152344
53.710938 53.710938
51.269531 51.269531
48.828125 48.828125
46.386719 46.386719
43.945313 43.945313
41.503906 41.503906
41.503906 39.0625
39.0625 36.621094
36.621094 34.179688
36.621094 31.738281
34.179688 29.296875
31.738281 29.296875
29.296875 26.855469
26.855469 24.414063
24.414063 21.972656
21.972656 21.972656
19.53125 19.53125
17.089844 17.089844
14.648438 14.648438
12.207031 12.207031
12.207031 9.765625
12.207031 2.441406
12.207031 4.882813
12.207031 7.324219
