73.242188 136.71875
73.242188 134.277344
73.242188 131.835938
73.242188 129.394531
73.242188 126.953125
73.242188 124.511719
73.242188 122.070313
73.242188 119.628906
73.242188 117.1875
73.242188 114.746094
73.242188 112.304688
73.242188 109.863281
73.242188 107.421875
70.800781 104.980469
70.800781 102.539063
68.359375 100.097656
68.359375 97.65625
65.917969 95.214844
63.476563 92.773438
63.476563 90.332031
61.035156 87.890625
58.59375 85.449219
56.152344 83.007813
53.710938 80.566406
53.710938 78.125
51.269531 75.683594
48.828125 73.242188
48.828125 70.800781
46.386719 68.359375
46.386719 65.917969
43.945313 63.476563
41.503906 61.035156
41.503906 58.59375
39.0625 56.152344
36.621094 53.710938
36.621094 51.269531
34.179688 48.828125
34.179688 46.386719
31.738281 43.945313
31.738281 41.503906
29.296875 39.0625
26.855469 36.621094
26.855469 34.179688
26.855469 31.738281
26.855469 29.296875
24.414063 26.855469
21.972656 24.414063
21.972656 21.972656
19.53125 19.53125
19.53125 17.089844
19.53125 2.441406
19.53125 4.882813
19.53125 7.324219
19.53125 9.765625
19.53125 12.207031
19.53125 14.648438
