70.800781 83.007813
68.359375 83.007813
65.917969 80.566406
65.917969 78.125
63.476563 75.683594
61.035156 73.242188
58.59375 70.800781
56.152344 68.359375
56.152344 65.917969
53.710938 63.476563
51.269531 61.035156
48.828125 58.59375
46.386719 56.152344
43.945313 53.710938
41.503906 51.269531
41.503906 48.828125
39.0625 46.386719
36.621094 43.945313
36.621094 41.503906
34.179688 39.0625
34.179688 36.621094
31.738281 34.179688
29.296875 31.738281
29.296875 29.296875
26.855469 26.855469
24.414063 24.414063
21.972656 21.972656
19.53125 19.53125
17.089844 17.089844
14.648438 14.648438
12.207031 12.207031
12.207031 9.765625
