107.421875 236.816406
107.421875 234.375
107.421875 231.933594
107.421875 229.492188
107.421875 227.050781
107.421875 224.609375
107.421875 222.167969
107.421875 219.726563
107.421875 217.285156
107.421875 214.84375
107.421875 212.402344
107.421875 209.960938
104.980469 207.519531
102.539063 205.078125
102.539063 202.636719
100.097656 200.195313
97.65625 197.753906
97.65625 195.3125
97.65625 192.871094
97.65625 190.429688
97.65625 187.988281
95.214844 185.546875
95.214844 183.105469
95.214844 180.664063
95.214844 178.222656
92.773438 175.78125
92.773438 173.339844
92.773438 170.898438
92.773438 168.457031
92.773438 166.015625
92.773438 163.574219
92.773438 161.132813
90.332031 158.691406
87.890625 156.25
87.890625 153.808594
85.449219 151.367188
83.007813 148.925781
83.007813 146.484375
80.566406 144.042969
80.566406 141.601563
78.125 139.160156
78.125 136.71875
75.683594 134.277344
73.242188 131.835938
73.242188 129.394531
70.800781 126.953125
68.359375 124.511719
68.359375 122.070313
65.917969 119.628906
63.476563 117.1875
61.035156 114.746094
61.035156 112.304688
58.59375 109.863281
56.152344 107.421875
56.152344 104.980469
56.152344 102.539063
53.710938 100.097656
51.269531 97.65625
51.269531 95.214844
48.828125 92.773438
48.828125 90.332031
48.828125 87.890625
48.828125 85.449219
48.828125 83.007813
46.386719 80.566406
46.386719 78.125
43.945313 75.683594
43.945313 73.242188
41.503906 70.800781
41.503906 68.359375
41.503906 65.917969
39.0625 63.476563
39.0625 61.035156
39.0625 58.59375
36.621094 56.152344
36.621094 53.710938
36.621094 51.269531
36.621094 48.828125
34.179688 46.386719
34.179688 43.945313
31.738281 41.503906
31.738281 39.0625
29.296875 36.621094
26.855469 34.179688
24.414063 31.738281
24.414063 29.296875
21.972656 26.855469
21.972656 24.414063
19.53125 21.972656
19.53125 19.53125
19.53125 17.089844
17.089844 14.648438
9.765625 7.324219
12.207031 9.765625
14.648438 12.207031
