7.324219 92.773438
9.765625 90.332031
12.207031 87.890625
14.648438 85.449219
17.089844 83.007813
19.53125 80.566406
21.972656 78.125
24.414063 75.683594
26.855469 73.242188
29.296875 70.800781
31.738281 70.800781
34.179688 70.800781
36.621094 68.359375
39.0625 68.359375
41.503906 65.917969
43.945313 65.917969
46.386719 63.476563
48.828125 63.476563
51.269531 61.035156
53.710938 58.59375
56.152344 58.59375
58.59375 56.152344
61.035156 56.152344
63.476563 53.710938
65.917969 53.710938
68.359375 51.269531
70.800781 51.269531
73.242188 51.269531
75.683594 48.828125
78.125 48.828125
80.566406 48.828125
83.007813 46.386719
85.449219 46.386719
87.890625 46.386719
90.332031 43.945313
92.773438 43.945313
95.214844 43.945313
97.65625 43.945313
100.097656 41.503906
102.539063 41.503906
104.980469 41.503906
107.421875 39.0625
109.863281 39.0625
112.304688 39.0625
114.746094 39.0625
117.1875 39.0625
119.628906 39.0625
122.070313 39.0625
124.511719 36.621094
126.953125 36.621094
129.394531 36.621094
131.835938 36.621094
134.277344 36.621094
136.71875 36.621094
139.160156 36.621094
141.601563 36.621094
144.042969 36.621094
146.484375 36.621094
148.925781 36.621094
151.367188 36.621094
153.808594 39.0625
156.25 39.0625
158.691406 36.621094
161.132813 36.621094
163.574219 36.621094
166.015625 36.621094
168.457031 36.621094
170.898438 36.621094
173.339844 36.621094
175.78125 36.621094
178.222656 34.179688
180.664063 31.738281
183.105469 31.738281
185.546875 29.296875
187.988281 29.296875
190.429688 29.296875
192.871094 29.296875
195.3125 26.855469
197.753906 26.855469
200.195313 26.855469
202.636719 26.855469
205.078125 24.414063
207.519531 24.414063
209.960938 24.414063
212.402344 21.972656
214.84375 21.972656
217.285156 21.972656
219.726563 21.972656
222.167969 21.972656
224.609375 21.972656
227.050781 24.414063
229.492188 24.414063
231.933594 24.414063
234.375 26.855469
234.375 29.296875
234.375 31.738281
234.375 34.179688
234.375 36.621094
234.375 39.0625
236.816406 41.503906
236.816406 43.945313
236.816406 46.386719
236.816406 48.828125
236.816406 51.269531
236.816406 53.710938
236.816406 56.152344
236.816406 58.59375
234.375 61.035156
234.375 63.476563
234.375 65.917969
234.375 68.359375
231.933594 70.800781
231.933594 73.242188
231.933594 75.683594
231.933594 78.125
231.933594 80.566406
229.492188 83.007813
229.492188 85.449219
229.492188 87.890625
229.492188 90.332031
227.050781 92.773438
227.050781 95.214844
227.050781 97.65625
227.050781 100.097656
227.050781 102.539063
227.050781 104.980469
224.609375 107.421875
224.609375 109.863281
224.609375 112.304688
224.609375 122.070313
224.609375 119.628906
224.609375 117.1875
224.609375 114.746094
