14.648438 41.503906
17.089844 41.503906
19.53125 39.0625
21.972656 39.0625
24.414063 39.0625
26.855469 36.621094
29.296875 36.621094
31.738281 36.621094
34.179688 36.621094
36.621094 36.621094
39.0625 36.621094
41.503906 34.179688
43.945313 34.179688
46.386719 34.179688
48.828125 34.179688
51.269531 34.179688
53.710938 31.738281
56.152344 29.296875
58.59375 29.296875
61.035156 29.296875
63.476563 26.855469
65.917969 26.855469
68.359375 24.414063
70.800781 24.414063
73.242188 24.414063
75.683594 21.972656
78.125 21.972656
80.566406 19.53125
83.007813 19.53125
85.449219 17.089844
87.890625 17.089844
90.332031 17.089844
92.773438 17.089844
95.214844 14.648438
