114.746094 107.421875
112.304688 107.421875
109.863281 104.980469
107.421875 102.539063
104.980469 102.539063
102.539063 100.097656
100.097656 97.65625
97.65625 95.214844
95.214844 92.773438
92.773438 90.332031
92.773438 87.890625
90.332031 85.449219
87.890625 83.007813
85.449219 80.566406
83.007813 78.125
80.566406 78.125
78.125 75.683594
75.683594 73.242188
73.242188 70.800781
70.800781 70.800781
68.359375 68.359375
65.917969 65.917969
63.476563 63.476563
61.035156 61.035156
58.59375 58.59375
56.152344 56.152344
53.710938 53.710938
51.269531 51.269531
51.269531 48.828125
48.828125 46.386719
46.386719 43.945313
43.945313 41.503906
41.503906 39.0625
39.0625 36.621094
36.621094 34.179688
36.621094 31.738281
34.179688 29.296875
31.738281 26.855469
29.296875 24.414063
26.855469 21.972656
24.414063 19.53125
21.972656 17.089844
19.53125 17.089844
17.089844 14.648438
14.648438 14.648438
