21.972656 144.042969
21.972656 141.601563
21.972656 139.160156
21.972656 136.71875
21.972656 134.277344
24.414063 131.835938
24.414063 129.394531
24.414063 126.953125
26.855469 124.511719
29.296875 122.070313
29.296875 119.628906
31.738281 117.1875
34.179688 114.746094
36.621094 112.304688
39.0625 109.863281
41.503906 107.421875
43.945313 104.980469
43.945313 102.539063
46.386719 100.097656
46.386719 97.65625
48.828125 95.214844
48.828125 92.773438
51.269531 90.332031
51.269531 87.890625
51.269531 85.449219
51.269531 83.007813
53.710938 80.566406
53.710938 78.125
53.710938 75.683594
53.710938 73.242188
56.152344 70.800781
56.152344 68.359375
56.152344 65.917969
58.59375 63.476563
58.59375 61.035156
61.035156 58.59375
61.035156 56.152344
61.035156 53.710938
63.476563 51.269531
63.476563 48.828125
65.917969 46.386719
65.917969 43.945313
68.359375 41.503906
68.359375 39.0625
68.359375 36.621094
70.800781 34.179688
70.800781 31.738281
73.242188 29.296875
73.242188 26.855469
75.683594 24.414063
75.683594 21.972656
78.125 19.53125
80.566406 17.089844
80.566406 14.648438
