249.023438 332.03125
249.023438 329.589844
249.023438 327.148438
249.023438 324.707031
249.023438 322.265625
249.023438 319.824219
249.023438 317.382813
249.023438 314.941406
246.582031 312.5
246.582031 310.058594
244.140625 307.617188
244.140625 305.175781
241.699219 302.734375
241.699219 300.292969
239.257813 297.851563
236.816406 295.410156
234.375 292.96875
231.933594 290.527344
231.933594 288.085938
231.933594 285.644531
229.492188 283.203125
227.050781 280.761719
227.050781 278.320313
224.609375 275.878906
224.609375 273.4375
222.167969 270.996094
219.726563 268.554688
217.285156 266.113281
217.285156 263.671875
217.285156 261.230469
214.84375 258.789063
214.84375 256.347656
214.84375 253.90625
214.84375 251.464844
214.84375 249.023438
212.402344 246.582031
212.402344 244.140625
212.402344 241.699219
212.402344 239.257813
209.960938 236.816406
207.519531 234.375
205.078125 231.933594
205.078125 229.492188
202.636719 227.050781
200.195313 224.609375
200.195313 222.167969
197.753906 219.726563
197.753906 217.285156
195.3125 214.84375
192.871094 212.402344
190.429688 209.960938
187.988281 207.519531
185.546875 205.078125
183.105469 202.636719
180.664063 200.195313
178.222656 197.753906
178.222656 195.3125
175.78125 192.871094
175.78125 190.429688
173.339844 187.988281
170.898438 185.546875
168.457031 183.105469
168.457031 180.664063
166.015625 178.222656
166.015625 175.78125
163.574219 173.339844
161.132813 170.898438
158.691406 168.457031
158.691406 166.015625
156.25 163.574219
156.25 161.132813
153.808594 158.691406
151.367188 156.25
148.925781 153.808594
146.484375 151.367188
146.484375 148.925781
144.042969 146.484375
141.601563 144.042969
139.160156 141.601563
136.71875 139.160156
134.277344 136.71875
131.835938 134.277344
129.394531 131.835938
129.394531 129.394531
126.953125 126.953125
124.511719 124.511719
122.070313 124.511719
119.628906 122.070313
117.1875 119.628906
114.746094 119.628906
112.304688 117.1875
109.863281 114.746094
107.421875 112.304688
104.980469 109.863281
102.539063 107.421875
100.097656 107.421875
97.65625 104.980469
95.214844 104.980469
92.773438 102.539063
90.332031 100.097656
87.890625 97.65625
85.449219 95.214844
83.007813 92.773438
80.566406 90.332031
78.125 87.890625
75.683594 85.449219
73.242188 85.449219
70.800781 83.007813
68.359375 80.566406
65.917969 78.125
63.476563 75.683594
61.035156 75.683594
58.59375 73.242188
56.152344 70.800781
53.710938 68.359375
51.269531 65.917969
48.828125 63.476563
46.386719 61.035156
43.945313 58.59375
41.503906 56.152344
39.0625 53.710938
36.621094 51.269531
34.179688 48.828125
31.738281 46.386719
31.738281 43.945313
29.296875 41.503906
26.855469 39.0625
24.414063 36.621094
21.972656 34.179688
21.972656 31.738281
19.53125 29.296875
19.53125 26.855469
17.089844 24.414063
17.089844 21.972656
14.648438 19.53125
14.648438 17.089844
12.207031 14.648438
12.207031 12.207031
9.765625 9.765625
9.765625 7.324219
9.765625 2.441406
9.765625 4.882813
