14.648438 139.160156
14.648438 136.71875
14.648438 134.277344
14.648438 131.835938
14.648438 129.394531
14.648438 126.953125
14.648438 124.511719
14.648438 122.070313
14.648438 119.628906
14.648438 117.1875
14.648438 114.746094
14.648438 112.304688
17.089844 109.863281
17.089844 107.421875
19.53125 104.980469
21.972656 102.539063
21.972656 100.097656
21.972656 97.65625
21.972656 95.214844
24.414063 92.773438
24.414063 90.332031
24.414063 87.890625
24.414063 85.449219
26.855469 83.007813
26.855469 80.566406
26.855469 78.125
29.296875 75.683594
29.296875 73.242188
31.738281 70.800781
31.738281 68.359375
31.738281 65.917969
34.179688 63.476563
34.179688 61.035156
34.179688 58.59375
34.179688 56.152344
36.621094 53.710938
36.621094 51.269531
39.0625 48.828125
39.0625 46.386719
41.503906 43.945313
41.503906 41.503906
43.945313 39.0625
43.945313 36.621094
46.386719 34.179688
48.828125 31.738281
48.828125 29.296875
51.269531 26.855469
51.269531 24.414063
51.269531 21.972656
53.710938 19.53125
53.710938 17.089844
53.710938 14.648438
