7.324219 95.214844
9.765625 92.773438
12.207031 90.332031
14.648438 87.890625
17.089844 85.449219
19.53125 85.449219
21.972656 85.449219
24.414063 83.007813
26.855469 83.007813
29.296875 80.566406
31.738281 78.125
34.179688 78.125
36.621094 78.125
39.0625 78.125
41.503906 75.683594
43.945313 73.242188
46.386719 70.800781
48.828125 70.800781
51.269531 68.359375
53.710938 68.359375
56.152344 65.917969
58.59375 63.476563
61.035156 61.035156
63.476563 58.59375
65.917969 56.152344
68.359375 53.710938
70.800781 51.269531
73.242188 48.828125
75.683594 46.386719
78.125 43.945313
80.566406 41.503906
83.007813 39.0625
85.449219 36.621094
87.890625 34.179688
90.332031 31.738281
92.773438 31.738281
95.214844 29.296875
97.65625 29.296875
100.097656 26.855469
102.539063 24.414063
104.980469 21.972656
107.421875 21.972656
109.863281 19.53125
112.304688 19.53125
114.746094 17.089844
117.1875 17.089844
119.628906 17.089844
122.070313 17.089844
124.511719 17.089844
126.953125 14.648438
129.394531 14.648438
131.835938 14.648438
134.277344 12.207031
141.601563 4.882813
139.160156 7.324219
136.71875 9.765625
