17.089844 97.65625
17.089844 95.214844
17.089844 92.773438
19.53125 90.332031
19.53125 87.890625
19.53125 85.449219
21.972656 83.007813
24.414063 80.566406
24.414063 78.125
26.855469 75.683594
26.855469 73.242188
29.296875 70.800781
29.296875 68.359375
31.738281 65.917969
34.179688 63.476563
36.621094 61.035156
36.621094 58.59375
39.0625 56.152344
39.0625 53.710938
41.503906 51.269531
41.503906 48.828125
43.945313 46.386719
46.386719 43.945313
46.386719 41.503906
48.828125 39.0625
48.828125 36.621094
48.828125 34.179688
48.828125 31.738281
51.269531 29.296875
51.269531 26.855469
51.269531 24.414063
51.269531 21.972656
53.710938 19.53125
53.710938 17.089844
53.710938 14.648438
56.152344 12.207031
56.152344 9.765625
