97.65625 205.078125
97.65625 202.636719
97.65625 200.195313
97.65625 197.753906
97.65625 195.3125
97.65625 192.871094
97.65625 190.429688
95.214844 187.988281
92.773438 185.546875
90.332031 183.105469
90.332031 180.664063
90.332031 178.222656
90.332031 175.78125
90.332031 173.339844
87.890625 170.898438
87.890625 168.457031
87.890625 166.015625
85.449219 163.574219
85.449219 161.132813
83.007813 158.691406
83.007813 156.25
83.007813 153.808594
80.566406 151.367188
80.566406 148.925781
80.566406 146.484375
78.125 144.042969
78.125 141.601563
75.683594 139.160156
75.683594 136.71875
73.242188 134.277344
73.242188 131.835938
70.800781 129.394531
70.800781 126.953125
68.359375 124.511719
68.359375 122.070313
68.359375 119.628906
65.917969 117.1875
65.917969 114.746094
63.476563 112.304688
63.476563 109.863281
61.035156 107.421875
61.035156 104.980469
58.59375 102.539063
58.59375 100.097656
58.59375 97.65625
56.152344 95.214844
56.152344 92.773438
53.710938 90.332031
53.710938 87.890625
51.269531 85.449219
51.269531 83.007813
51.269531 80.566406
51.269531 78.125
48.828125 75.683594
48.828125 73.242188
48.828125 70.800781
48.828125 68.359375
46.386719 65.917969
46.386719 63.476563
43.945313 61.035156
43.945313 58.59375
41.503906 56.152344
41.503906 53.710938
41.503906 51.269531
39.0625 48.828125
39.0625 46.386719
36.621094 43.945313
36.621094 41.503906
34.179688 39.0625
31.738281 36.621094
31.738281 34.179688
31.738281 31.738281
29.296875 29.296875
26.855469 26.855469
26.855469 24.414063
24.414063 21.972656
21.972656 19.53125
19.53125 17.089844
17.089844 14.648438
14.648438 14.648438
2.441406 14.648438
4.882813 14.648438
7.324219 14.648438
9.765625 14.648438
12.207031 14.648438
