70.800781 112.304688
70.800781 109.863281
70.800781 107.421875
70.800781 104.980469
70.800781 102.539063
70.800781 100.097656
70.800781 97.65625
70.800781 95.214844
70.800781 92.773438
70.800781 90.332031
70.800781 87.890625
68.359375 85.449219
68.359375 83.007813
65.917969 80.566406
63.476563 78.125
63.476563 75.683594
61.035156 73.242188
61.035156 70.800781
61.035156 68.359375
58.59375 65.917969
58.59375 63.476563
56.152344 61.035156
56.152344 58.59375
53.710938 56.152344
51.269531 53.710938
48.828125 51.269531
46.386719 48.828125
43.945313 46.386719
43.945313 43.945313
41.503906 41.503906
41.503906 39.0625
39.0625 36.621094
36.621094 34.179688
36.621094 31.738281
34.179688 29.296875
31.738281 26.855469
29.296875 26.855469
26.855469 24.414063
24.414063 21.972656
21.972656 19.53125
19.53125 17.089844
17.089844 17.089844
2.441406 17.089844
4.882813 17.089844
7.324219 17.089844
9.765625 17.089844
12.207031 17.089844
14.648438 17.089844
