14.648438 53.710938
14.648438 51.269531
17.089844 48.828125
19.53125 46.386719
21.972656 43.945313
24.414063 43.945313
26.855469 41.503906
29.296875 41.503906
31.738281 39.0625
34.179688 39.0625
36.621094 36.621094
39.0625 34.179688
41.503906 34.179688
43.945313 31.738281
46.386719 31.738281
48.828125 29.296875
51.269531 26.855469
53.710938 26.855469
56.152344 24.414063
58.59375 21.972656
61.035156 21.972656
63.476563 21.972656
65.917969 21.972656
68.359375 19.53125
70.800781 19.53125
73.242188 17.089844
75.683594 17.089844
78.125 14.648438
