7.324219 46.386719
9.765625 43.945313
12.207031 41.503906
14.648438 39.0625
17.089844 36.621094
19.53125 36.621094
21.972656 34.179688
24.414063 34.179688
26.855469 34.179688
29.296875 34.179688
31.738281 31.738281
34.179688 31.738281
36.621094 29.296875
39.0625 26.855469
41.503906 26.855469
43.945313 26.855469
46.386719 24.414063
48.828125 21.972656
51.269531 21.972656
53.710938 21.972656
56.152344 21.972656
58.59375 21.972656
61.035156 21.972656
63.476563 21.972656
65.917969 19.53125
68.359375 19.53125
70.800781 19.53125
73.242188 19.53125
75.683594 17.089844
78.125 17.089844
80.566406 17.089844
83.007813 14.648438
85.449219 14.648438
87.890625 12.207031
90.332031 9.765625
92.773438 9.765625
95.214844 7.324219
97.65625 4.882813
