24.414063 87.890625
26.855469 85.449219
29.296875 83.007813
31.738281 80.566406
34.179688 78.125
36.621094 75.683594
39.0625 73.242188
41.503906 70.800781
41.503906 68.359375
43.945313 65.917969
46.386719 63.476563
48.828125 61.035156
48.828125 58.59375
51.269531 56.152344
53.710938 53.710938
56.152344 51.269531
56.152344 48.828125
58.59375 46.386719
58.59375 43.945313
61.035156 41.503906
61.035156 39.0625
63.476563 36.621094
63.476563 34.179688
65.917969 31.738281
68.359375 29.296875
68.359375 26.855469
70.800781 24.414063
73.242188 21.972656
75.683594 19.53125
78.125 17.089844
80.566406 14.648438
80.566406 12.207031
