61.035156 78.125
58.59375 78.125
56.152344 75.683594
53.710938 73.242188
51.269531 70.800781
51.269531 68.359375
51.269531 65.917969
48.828125 63.476563
48.828125 61.035156
46.386719 58.59375
46.386719 56.152344
43.945313 53.710938
41.503906 51.269531
39.0625 48.828125
36.621094 46.386719
34.179688 43.945313
31.738281 41.503906
31.738281 39.0625
29.296875 36.621094
26.855469 34.179688
24.414063 31.738281
21.972656 29.296875
21.972656 26.855469
21.972656 24.414063
19.53125 21.972656
19.53125 19.53125
17.089844 17.089844
14.648438 14.648438
12.207031 12.207031
12.207031 9.765625
