126.953125 68.359375
124.511719 68.359375
122.070313 68.359375
119.628906 68.359375
117.1875 68.359375
114.746094 68.359375
112.304688 68.359375
109.863281 68.359375
107.421875 68.359375
104.980469 68.359375
102.539063 68.359375
100.097656 65.917969
97.65625 65.917969
95.214844 63.476563
92.773438 63.476563
90.332031 61.035156
87.890625 58.59375
85.449219 58.59375
83.007813 56.152344
80.566406 56.152344
78.125 53.710938
75.683594 53.710938
73.242188 51.269531
70.800781 51.269531
68.359375 48.828125
65.917969 48.828125
63.476563 46.386719
61.035156 46.386719
58.59375 43.945313
56.152344 43.945313
53.710938 41.503906
51.269531 39.0625
48.828125 39.0625
46.386719 36.621094
43.945313 34.179688
41.503906 31.738281
39.0625 31.738281
36.621094 29.296875
34.179688 26.855469
31.738281 24.414063
29.296875 21.972656
26.855469 19.53125
24.414063 17.089844
21.972656 14.648438
19.53125 14.648438
17.089844 12.207031
14.648438 12.207031
12.207031 9.765625
9.765625 7.324219
7.324219 7.324219
2.441406 7.324219
4.882813 7.324219
