261.230469 175.78125
258.789063 178.222656
256.347656 180.664063
253.90625 183.105469
251.464844 183.105469
249.023438 180.664063
246.582031 180.664063
244.140625 180.664063
241.699219 178.222656
239.257813 178.222656
236.816406 175.78125
234.375 175.78125
231.933594 175.78125
229.492188 173.339844
227.050781 173.339844
224.609375 170.898438
222.167969 170.898438
219.726563 170.898438
217.285156 168.457031
214.84375 168.457031
212.402344 166.015625
209.960938 163.574219
207.519531 163.574219
205.078125 161.132813
202.636719 161.132813
200.195313 158.691406
197.753906 158.691406
195.3125 156.25
192.871094 153.808594
190.429688 153.808594
187.988281 153.808594
185.546875 151.367188
183.105469 151.367188
180.664063 148.925781
178.222656 148.925781
175.78125 148.925781
173.339844 146.484375
170.898438 146.484375
168.457031 146.484375
166.015625 144.042969
163.574219 144.042969
161.132813 141.601563
158.691406 141.601563
156.25 141.601563
153.808594 139.160156
151.367188 139.160156
148.925781 139.160156
146.484375 136.71875
144.042969 136.71875
141.601563 134.277344
139.160156 134.277344
136.71875 134.277344
134.277344 134.277344
131.835938 131.835938
129.394531 131.835938
126.953125 131.835938
124.511719 129.394531
122.070313 129.394531
119.628906 129.394531
117.1875 129.394531
114.746094 126.953125
112.304688 126.953125
109.863281 124.511719
107.421875 124.511719
104.980469 124.511719
102.539063 122.070313
100.097656 119.628906
97.65625 119.628906
95.214844 119.628906
92.773438 117.1875
90.332031 117.1875
87.890625 114.746094
85.449219 112.304688
83.007813 112.304688
80.566406 109.863281
78.125 107.421875
75.683594 107.421875
73.242188 104.980469
70.800781 102.539063
68.359375 100.097656
65.917969 100.097656
63.476563 97.65625
61.035156 95.214844
58.59375 92.773438
56.152344 92.773438
53.710938 90.332031
51.269531 87.890625
48.828125 85.449219
46.386719 85.449219
43.945313 83.007813
41.503906 80.566406
39.0625 78.125
36.621094 75.683594
36.621094 73.242188
34.179688 70.800781
34.179688 68.359375
31.738281 65.917969
31.738281 63.476563
29.296875 61.035156
29.296875 58.59375
26.855469 56.152344
26.855469 53.710938
24.414063 51.269531
24.414063 48.828125
24.414063 46.386719
24.414063 43.945313
21.972656 41.503906
21.972656 39.0625
21.972656 36.621094
21.972656 34.179688
21.972656 31.738281
19.53125 29.296875
19.53125 26.855469
17.089844 24.414063
17.089844 21.972656
14.648438 19.53125
12.207031 17.089844
9.765625 14.648438
9.765625 12.207031
7.324219 9.765625
4.882813 7.324219
2.441406 4.882813
2.441406 2.441406
