9.765625 75.683594
12.207031 73.242188
14.648438 73.242188
17.089844 70.800781
19.53125 70.800781
21.972656 68.359375
24.414063 65.917969
26.855469 65.917969
29.296875 63.476563
31.738281 63.476563
34.179688 61.035156
36.621094 58.59375
39.0625 56.152344
41.503906 56.152344
43.945313 53.710938
46.386719 53.710938
48.828125 51.269531
51.269531 48.828125
53.710938 48.828125
56.152344 46.386719
58.59375 46.386719
61.035156 43.945313
63.476563 43.945313
65.917969 41.503906
68.359375 39.0625
70.800781 39.0625
73.242188 36.621094
75.683594 36.621094
78.125 34.179688
80.566406 34.179688
83.007813 31.738281
85.449219 31.738281
87.890625 29.296875
90.332031 26.855469
92.773438 26.855469
95.214844 24.414063
97.65625 21.972656
100.097656 21.972656
102.539063 21.972656
104.980469 19.53125
107.421875 19.53125
109.863281 19.53125
112.304688 17.089844
114.746094 17.089844
