14.648438 290.527344
14.648438 288.085938
14.648438 285.644531
14.648438 283.203125
14.648438 280.761719
14.648438 278.320313
14.648438 275.878906
17.089844 273.4375
19.53125 270.996094
21.972656 268.554688
24.414063 266.113281
26.855469 263.671875
29.296875 261.230469
31.738281 261.230469
34.179688 258.789063
36.621094 258.789063
39.0625 256.347656
41.503906 253.90625
43.945313 251.464844
46.386719 249.023438
48.828125 249.023438
51.269531 246.582031
53.710938 244.140625
56.152344 241.699219
58.59375 239.257813
61.035156 236.816406
63.476563 234.375
65.917969 231.933594
68.359375 229.492188
70.800781 227.050781
73.242188 224.609375
75.683594 222.167969
78.125 219.726563
78.125 217.285156
80.566406 214.84375
83.007813 212.402344
83.007813 209.960938
85.449219 207.519531
87.890625 205.078125
87.890625 202.636719
90.332031 200.195313
90.332031 197.753906
92.773438 195.3125
92.773438 192.871094
92.773438 190.429688
95.214844 187.988281
97.65625 185.546875
100.097656 183.105469
100.097656 180.664063
102.539063 178.222656
104.980469 175.78125
104.980469 173.339844
107.421875 170.898438
109.863281 168.457031
109.863281 166.015625
112.304688 163.574219
114.746094 161.132813
114.746094 158.691406
117.1875 156.25
119.628906 153.808594
119.628906 151.367188
122.070313 148.925781
122.070313 146.484375
124.511719 144.042969
126.953125 141.601563
126.953125 139.160156
126.953125 136.71875
126.953125 134.277344
129.394531 131.835938
129.394531 129.394531
131.835938 126.953125
131.835938 124.511719
131.835938 122.070313
134.277344 119.628906
134.277344 117.1875
136.71875 114.746094
139.160156 112.304688
139.160156 109.863281
141.601563 107.421875
144.042969 104.980469
146.484375 102.539063
146.484375 100.097656
148.925781 97.65625
148.925781 95.214844
151.367188 92.773438
151.367188 90.332031
153.808594 87.890625
153.808594 85.449219
153.808594 83.007813
156.25 80.566406
156.25 78.125
158.691406 75.683594
158.691406 73.242188
161.132813 70.800781
161.132813 68.359375
163.574219 65.917969
166.015625 63.476563
166.015625 61.035156
166.015625 58.59375
168.457031 56.152344
168.457031 53.710938
170.898438 51.269531
170.898438 48.828125
173.339844 46.386719
175.78125 43.945313
178.222656 41.503906
178.222656 39.0625
180.664063 36.621094
180.664063 34.179688
183.105469 31.738281
183.105469 29.296875
185.546875 26.855469
187.988281 24.414063
187.988281 21.972656
190.429688 19.53125
190.429688 17.089844
192.871094 14.648438
195.3125 12.207031
200.195313 7.324219
197.753906 9.765625
