39.0625 131.835938
39.0625 129.394531
39.0625 126.953125
39.0625 124.511719
39.0625 122.070313
39.0625 119.628906
39.0625 117.1875
39.0625 114.746094
41.503906 112.304688
41.503906 109.863281
41.503906 107.421875
41.503906 104.980469
41.503906 102.539063
41.503906 100.097656
41.503906 97.65625
41.503906 95.214844
41.503906 92.773438
41.503906 90.332031
41.503906 87.890625
41.503906 85.449219
41.503906 83.007813
39.0625 80.566406
39.0625 78.125
36.621094 75.683594
36.621094 73.242188
36.621094 70.800781
34.179688 68.359375
34.179688 65.917969
34.179688 63.476563
34.179688 61.035156
34.179688 58.59375
34.179688 56.152344
31.738281 53.710938
31.738281 51.269531
31.738281 48.828125
31.738281 46.386719
31.738281 43.945313
29.296875 41.503906
29.296875 39.0625
29.296875 36.621094
26.855469 34.179688
26.855469 31.738281
24.414063 29.296875
21.972656 26.855469
21.972656 24.414063
19.53125 21.972656
17.089844 19.53125
17.089844 17.089844
14.648438 14.648438
14.648438 12.207031
