14.648438 168.457031
14.648438 166.015625
17.089844 163.574219
19.53125 161.132813
21.972656 158.691406
24.414063 156.25
26.855469 153.808594
29.296875 151.367188
31.738281 148.925781
34.179688 146.484375
36.621094 144.042969
39.0625 144.042969
41.503906 144.042969
43.945313 141.601563
46.386719 139.160156
48.828125 139.160156
51.269531 139.160156
53.710938 136.71875
56.152344 136.71875
58.59375 134.277344
61.035156 134.277344
63.476563 131.835938
65.917969 131.835938
68.359375 129.394531
70.800781 126.953125
73.242188 126.953125
75.683594 124.511719
78.125 122.070313
80.566406 122.070313
83.007813 122.070313
85.449219 119.628906
87.890625 119.628906
90.332031 117.1875
92.773438 117.1875
95.214844 114.746094
97.65625 114.746094
100.097656 112.304688
102.539063 112.304688
104.980469 109.863281
107.421875 109.863281
109.863281 107.421875
112.304688 107.421875
114.746094 104.980469
117.1875 102.539063
119.628906 100.097656
122.070313 100.097656
124.511719 97.65625
126.953125 97.65625
129.394531 95.214844
131.835938 92.773438
134.277344 90.332031
136.71875 90.332031
139.160156 87.890625
141.601563 85.449219
144.042969 85.449219
146.484375 83.007813
148.925781 83.007813
151.367188 80.566406
153.808594 80.566406
156.25 80.566406
158.691406 78.125
161.132813 78.125
163.574219 75.683594
166.015625 73.242188
168.457031 70.800781
170.898438 70.800781
173.339844 68.359375
175.78125 65.917969
178.222656 63.476563
180.664063 63.476563
183.105469 63.476563
185.546875 63.476563
187.988281 63.476563
190.429688 61.035156
192.871094 58.59375
195.3125 56.152344
197.753906 53.710938
200.195313 51.269531
202.636719 51.269531
205.078125 51.269531
207.519531 51.269531
209.960938 48.828125
212.402344 48.828125
214.84375 46.386719
217.285156 46.386719
219.726563 43.945313
222.167969 43.945313
224.609375 41.503906
227.050781 41.503906
229.492188 41.503906
231.933594 39.0625
234.375 39.0625
236.816406 36.621094
239.257813 34.179688
241.699219 34.179688
244.140625 31.738281
246.582031 29.296875
249.023438 26.855469
251.464844 26.855469
253.90625 24.414063
256.347656 21.972656
258.789063 21.972656
261.230469 21.972656
263.671875 21.972656
266.113281 21.972656
268.554688 21.972656
270.996094 21.972656
273.4375 21.972656
275.878906 24.414063
278.320313 24.414063
280.761719 24.414063
283.203125 24.414063
285.644531 24.414063
288.085938 21.972656
290.527344 21.972656
292.96875 21.972656
295.410156 21.972656
297.851563 19.53125
300.292969 17.089844
302.734375 14.648438
305.175781 14.648438
307.617188 12.207031
307.617188 9.765625
