85.449219 21.972656
83.007813 21.972656
80.566406 24.414063
78.125 24.414063
75.683594 24.414063
73.242188 24.414063
70.800781 24.414063
68.359375 24.414063
65.917969 21.972656
63.476563 21.972656
61.035156 21.972656
58.59375 21.972656
56.152344 21.972656
53.710938 21.972656
51.269531 19.53125
48.828125 19.53125
46.386719 21.972656
43.945313 21.972656
41.503906 21.972656
39.0625 21.972656
36.621094 21.972656
34.179688 21.972656
31.738281 21.972656
29.296875 21.972656
26.855469 21.972656
24.414063 21.972656
21.972656 21.972656
19.53125 24.414063
17.089844 26.855469
14.648438 29.296875
