168.457031 51.269531
166.015625 51.269531
163.574219 48.828125
161.132813 46.386719
158.691406 43.945313
156.25 41.503906
153.808594 41.503906
151.367188 39.0625
148.925781 39.0625
146.484375 36.621094
144.042969 36.621094
141.601563 36.621094
139.160156 36.621094
136.71875 36.621094
134.277344 34.179688
131.835938 34.179688
129.394531 34.179688
126.953125 31.738281
124.511719 31.738281
122.070313 31.738281
119.628906 31.738281
117.1875 31.738281
114.746094 29.296875
112.304688 29.296875
109.863281 26.855469
107.421875 24.414063
104.980469 24.414063
102.539063 21.972656
100.097656 21.972656
97.65625 21.972656
95.214844 19.53125
92.773438 19.53125
90.332031 19.53125
87.890625 19.53125
85.449219 17.089844
83.007813 17.089844
80.566406 17.089844
78.125 17.089844
75.683594 17.089844
73.242188 17.089844
70.800781 14.648438
68.359375 17.089844
65.917969 17.089844
63.476563 14.648438
61.035156 14.648438
58.59375 14.648438
56.152344 14.648438
53.710938 17.089844
51.269531 14.648438
48.828125 14.648438
46.386719 14.648438
43.945313 14.648438
41.503906 14.648438
39.0625 14.648438
36.621094 14.648438
34.179688 14.648438
31.738281 14.648438
29.296875 14.648438
26.855469 17.089844
24.414063 17.089844
21.972656 17.089844
19.53125 19.53125
17.089844 19.53125
14.648438 19.53125
