80.566406 78.125
80.566406 75.683594
80.566406 73.242188
78.125 70.800781
75.683594 68.359375
73.242188 65.917969
73.242188 63.476563
70.800781 61.035156
68.359375 58.59375
68.359375 56.152344
65.917969 53.710938
63.476563 51.269531
61.035156 48.828125
58.59375 46.386719
56.152344 43.945313
53.710938 41.503906
51.269531 39.0625
48.828125 36.621094
46.386719 36.621094
43.945313 34.179688
41.503906 34.179688
39.0625 34.179688
36.621094 31.738281
34.179688 29.296875
31.738281 26.855469
29.296875 26.855469
26.855469 24.414063
24.414063 24.414063
21.972656 21.972656
21.972656 19.53125
