107.421875 58.59375
104.980469 56.152344
102.539063 56.152344
100.097656 56.152344
97.65625 58.59375
95.214844 56.152344
92.773438 56.152344
90.332031 58.59375
87.890625 56.152344
85.449219 56.152344
83.007813 56.152344
80.566406 53.710938
78.125 53.710938
75.683594 53.710938
73.242188 53.710938
70.800781 51.269531
68.359375 48.828125
65.917969 48.828125
63.476563 48.828125
61.035156 46.386719
58.59375 46.386719
56.152344 46.386719
53.710938 43.945313
51.269531 41.503906
48.828125 41.503906
46.386719 39.0625
43.945313 36.621094
41.503906 34.179688
39.0625 31.738281
36.621094 29.296875
34.179688 29.296875
31.738281 26.855469
29.296875 26.855469
26.855469 24.414063
24.414063 21.972656
21.972656 19.53125
19.53125 17.089844
17.089844 17.089844
