53.710938 126.953125
53.710938 124.511719
51.269531 122.070313
51.269531 119.628906
51.269531 117.1875
48.828125 114.746094
48.828125 112.304688
46.386719 109.863281
43.945313 107.421875
43.945313 104.980469
43.945313 102.539063
41.503906 100.097656
41.503906 97.65625
41.503906 95.214844
39.0625 92.773438
39.0625 90.332031
36.621094 87.890625
36.621094 85.449219
36.621094 83.007813
36.621094 80.566406
36.621094 78.125
34.179688 75.683594
34.179688 73.242188
34.179688 70.800781
34.179688 68.359375
31.738281 65.917969
31.738281 63.476563
31.738281 61.035156
31.738281 58.59375
31.738281 56.152344
31.738281 53.710938
29.296875 51.269531
29.296875 48.828125
26.855469 46.386719
26.855469 43.945313
26.855469 41.503906
24.414063 39.0625
24.414063 36.621094
24.414063 34.179688
24.414063 31.738281
24.414063 29.296875
21.972656 26.855469
21.972656 24.414063
21.972656 21.972656
19.53125 19.53125
19.53125 17.089844
17.089844 14.648438
14.648438 12.207031
12.207031 12.207031
