9.765625 80.566406
12.207031 78.125
14.648438 75.683594
17.089844 73.242188
19.53125 70.800781
21.972656 68.359375
24.414063 68.359375
26.855469 65.917969
29.296875 63.476563
31.738281 63.476563
34.179688 63.476563
36.621094 61.035156
39.0625 61.035156
41.503906 58.59375
43.945313 56.152344
46.386719 56.152344
48.828125 53.710938
51.269531 53.710938
53.710938 51.269531
56.152344 51.269531
58.59375 48.828125
61.035156 48.828125
63.476563 46.386719
65.917969 46.386719
68.359375 43.945313
70.800781 43.945313
73.242188 43.945313
75.683594 41.503906
78.125 41.503906
80.566406 41.503906
83.007813 39.0625
85.449219 36.621094
87.890625 36.621094
90.332031 34.179688
92.773438 34.179688
95.214844 31.738281
97.65625 31.738281
100.097656 29.296875
102.539063 26.855469
104.980469 24.414063
107.421875 24.414063
109.863281 21.972656
112.304688 19.53125
112.304688 17.089844
