70.800781 136.71875
70.800781 134.277344
70.800781 131.835938
70.800781 129.394531
70.800781 126.953125
70.800781 124.511719
70.800781 122.070313
70.800781 119.628906
70.800781 117.1875
70.800781 114.746094
70.800781 112.304688
70.800781 109.863281
68.359375 107.421875
68.359375 104.980469
68.359375 102.539063
68.359375 100.097656
65.917969 97.65625
63.476563 95.214844
63.476563 92.773438
63.476563 90.332031
63.476563 87.890625
61.035156 85.449219
61.035156 83.007813
58.59375 80.566406
56.152344 78.125
56.152344 75.683594
53.710938 73.242188
51.269531 70.800781
48.828125 68.359375
46.386719 65.917969
43.945313 63.476563
41.503906 61.035156
41.503906 58.59375
41.503906 56.152344
39.0625 53.710938
39.0625 51.269531
36.621094 48.828125
36.621094 46.386719
34.179688 43.945313
34.179688 41.503906
34.179688 39.0625
31.738281 36.621094
31.738281 34.179688
29.296875 31.738281
26.855469 29.296875
24.414063 26.855469
24.414063 24.414063
21.972656 21.972656
19.53125 19.53125
19.53125 17.089844
19.53125 2.441406
19.53125 4.882813
19.53125 7.324219
19.53125 9.765625
19.53125 12.207031
19.53125 14.648438
