21.972656 268.554688
21.972656 266.113281
21.972656 263.671875
21.972656 261.230469
21.972656 258.789063
21.972656 256.347656
21.972656 253.90625
21.972656 251.464844
21.972656 249.023438
21.972656 246.582031
21.972656 244.140625
21.972656 241.699219
21.972656 239.257813
24.414063 236.816406
24.414063 234.375
24.414063 231.933594
24.414063 229.492188
26.855469 227.050781
26.855469 224.609375
29.296875 222.167969
29.296875 219.726563
31.738281 217.285156
31.738281 214.84375
31.738281 212.402344
31.738281 209.960938
34.179688 207.519531
34.179688 205.078125
34.179688 202.636719
34.179688 200.195313
34.179688 197.753906
36.621094 195.3125
36.621094 192.871094
36.621094 190.429688
39.0625 187.988281
41.503906 185.546875
41.503906 183.105469
43.945313 180.664063
46.386719 178.222656
48.828125 175.78125
48.828125 173.339844
51.269531 170.898438
53.710938 168.457031
53.710938 166.015625
56.152344 163.574219
56.152344 161.132813
56.152344 158.691406
58.59375 156.25
58.59375 153.808594
58.59375 151.367188
61.035156 148.925781
61.035156 146.484375
61.035156 144.042969
63.476563 141.601563
63.476563 139.160156
63.476563 136.71875
65.917969 134.277344
65.917969 131.835938
68.359375 129.394531
68.359375 126.953125
70.800781 124.511719
70.800781 122.070313
70.800781 119.628906
73.242188 117.1875
73.242188 114.746094
75.683594 112.304688
75.683594 109.863281
75.683594 107.421875
75.683594 104.980469
78.125 102.539063
78.125 100.097656
80.566406 97.65625
83.007813 95.214844
85.449219 92.773438
87.890625 90.332031
87.890625 87.890625
90.332031 85.449219
90.332031 83.007813
90.332031 80.566406
90.332031 78.125
90.332031 75.683594
90.332031 73.242188
90.332031 70.800781
92.773438 68.359375
92.773438 65.917969
92.773438 63.476563
95.214844 61.035156
95.214844 58.59375
97.65625 56.152344
97.65625 53.710938
100.097656 51.269531
100.097656 48.828125
102.539063 46.386719
104.980469 43.945313
104.980469 41.503906
107.421875 39.0625
109.863281 36.621094
109.863281 34.179688
109.863281 31.738281
112.304688 29.296875
112.304688 26.855469
112.304688 24.414063
112.304688 21.972656
114.746094 19.53125
117.1875 17.089844
119.628906 14.648438
129.394531 4.882813
126.953125 7.324219
124.511719 9.765625
122.070313 12.207031
