7.324219 131.835938
7.324219 129.394531
9.765625 126.953125
9.765625 124.511719
9.765625 122.070313
12.207031 119.628906
12.207031 117.1875
14.648438 114.746094
17.089844 112.304688
17.089844 109.863281
19.53125 107.421875
21.972656 104.980469
21.972656 102.539063
24.414063 100.097656
24.414063 97.65625
26.855469 95.214844
26.855469 92.773438
29.296875 90.332031
29.296875 87.890625
29.296875 85.449219
31.738281 83.007813
34.179688 80.566406
34.179688 78.125
36.621094 75.683594
39.0625 73.242188
41.503906 70.800781
43.945313 68.359375
46.386719 65.917969
46.386719 63.476563
48.828125 61.035156
48.828125 58.59375
51.269531 56.152344
53.710938 53.710938
53.710938 51.269531
56.152344 48.828125
56.152344 46.386719
58.59375 43.945313
61.035156 41.503906
63.476563 39.0625
63.476563 36.621094
63.476563 34.179688
65.917969 31.738281
65.917969 29.296875
68.359375 26.855469
70.800781 24.414063
70.800781 21.972656
70.800781 19.53125
70.800781 17.089844
70.800781 14.648438
73.242188 12.207031
73.242188 9.765625
