17.089844 2.441406
17.089844 4.882813
17.089844 7.324219
17.089844 9.765625
17.089844 12.207031
17.089844 14.648438
17.089844 17.089844
19.53125 19.53125
21.972656 21.972656
24.414063 24.414063
26.855469 26.855469
29.296875 26.855469
31.738281 29.296875
34.179688 29.296875
36.621094 31.738281
39.0625 34.179688
41.503906 36.621094
43.945313 39.0625
46.386719 41.503906
48.828125 43.945313
51.269531 43.945313
53.710938 46.386719
56.152344 48.828125
58.59375 51.269531
61.035156 51.269531
63.476563 53.710938
65.917969 53.710938
68.359375 53.710938
70.800781 51.269531
70.800781 48.828125
73.242188 46.386719
73.242188 43.945313
75.683594 41.503906
75.683594 39.0625
75.683594 36.621094
75.683594 34.179688
75.683594 31.738281
78.125 29.296875
78.125 26.855469
78.125 24.414063
78.125 21.972656
78.125 19.53125
78.125 17.089844
78.125 14.648438
78.125 12.207031
78.125 9.765625
78.125 7.324219
78.125 4.882813
