144.042969 19.53125
141.601563 19.53125
139.160156 19.53125
136.71875 19.53125
134.277344 19.53125
131.835938 19.53125
129.394531 19.53125
126.953125 19.53125
124.511719 19.53125
122.070313 19.53125
119.628906 19.53125
117.1875 19.53125
114.746094 19.53125
112.304688 21.972656
109.863281 21.972656
107.421875 21.972656
104.980469 21.972656
102.539063 21.972656
100.097656 21.972656
97.65625 21.972656
95.214844 21.972656
92.773438 21.972656
90.332031 21.972656
87.890625 21.972656
85.449219 21.972656
83.007813 21.972656
80.566406 21.972656
78.125 21.972656
75.683594 21.972656
73.242188 19.53125
70.800781 19.53125
68.359375 19.53125
65.917969 19.53125
63.476563 19.53125
61.035156 19.53125
58.59375 19.53125
56.152344 19.53125
53.710938 19.53125
51.269531 19.53125
48.828125 19.53125
46.386719 21.972656
43.945313 21.972656
41.503906 21.972656
39.0625 21.972656
36.621094 21.972656
34.179688 21.972656
31.738281 21.972656
29.296875 21.972656
26.855469 21.972656
24.414063 24.414063
21.972656 24.414063
19.53125 24.414063
2.441406 24.414063
4.882813 24.414063
7.324219 24.414063
9.765625 24.414063
12.207031 24.414063
14.648438 24.414063
17.089844 24.414063
