122.070313 58.59375
119.628906 56.152344
117.1875 53.710938
114.746094 51.269531
112.304688 48.828125
109.863281 46.386719
107.421875 46.386719
104.980469 43.945313
102.539063 43.945313
100.097656 41.503906
97.65625 39.0625
95.214844 39.0625
92.773438 39.0625
90.332031 36.621094
87.890625 36.621094
85.449219 34.179688
83.007813 34.179688
80.566406 34.179688
78.125 34.179688
75.683594 34.179688
73.242188 34.179688
70.800781 31.738281
68.359375 31.738281
65.917969 29.296875
63.476563 29.296875
61.035156 26.855469
58.59375 24.414063
56.152344 21.972656
53.710938 19.53125
51.269531 19.53125
48.828125 17.089844
46.386719 17.089844
43.945313 17.089844
41.503906 17.089844
39.0625 17.089844
36.621094 17.089844
34.179688 17.089844
31.738281 17.089844
29.296875 17.089844
26.855469 17.089844
24.414063 17.089844
21.972656 14.648438
19.53125 14.648438
17.089844 14.648438
2.441406 14.648438
4.882813 14.648438
7.324219 14.648438
9.765625 14.648438
12.207031 14.648438
14.648438 14.648438
