83.007813 36.621094
80.566406 36.621094
78.125 34.179688
75.683594 31.738281
73.242188 29.296875
70.800781 31.738281
68.359375 31.738281
65.917969 31.738281
63.476563 31.738281
61.035156 31.738281
58.59375 29.296875
56.152344 31.738281
53.710938 31.738281
51.269531 31.738281
48.828125 29.296875
46.386719 29.296875
43.945313 29.296875
41.503906 29.296875
39.0625 29.296875
36.621094 26.855469
34.179688 26.855469
31.738281 26.855469
29.296875 26.855469
26.855469 26.855469
24.414063 24.414063
21.972656 21.972656
21.972656 19.53125
21.972656 17.089844
21.972656 14.648438
21.972656 12.207031
21.972656 9.765625
21.972656 7.324219
24.414063 4.882813
24.414063 2.441406
