92.773438 36.621094
90.332031 36.621094
87.890625 36.621094
85.449219 36.621094
83.007813 34.179688
80.566406 34.179688
78.125 31.738281
75.683594 31.738281
73.242188 29.296875
70.800781 29.296875
68.359375 29.296875
65.917969 26.855469
63.476563 26.855469
61.035156 26.855469
58.59375 26.855469
56.152344 24.414063
53.710938 24.414063
51.269531 24.414063
48.828125 24.414063
46.386719 24.414063
43.945313 21.972656
41.503906 19.53125
39.0625 19.53125
36.621094 17.089844
34.179688 17.089844
31.738281 14.648438
29.296875 14.648438
26.855469 14.648438
24.414063 14.648438
21.972656 12.207031
19.53125 12.207031
17.089844 12.207031
14.648438 12.207031
12.207031 12.207031
