29.296875 158.691406
29.296875 156.25
29.296875 153.808594
29.296875 151.367188
29.296875 148.925781
29.296875 146.484375
29.296875 144.042969
26.855469 141.601563
26.855469 139.160156
26.855469 136.71875
26.855469 134.277344
26.855469 131.835938
26.855469 129.394531
26.855469 126.953125
26.855469 124.511719
26.855469 122.070313
26.855469 119.628906
26.855469 117.1875
26.855469 114.746094
29.296875 112.304688
29.296875 109.863281
29.296875 107.421875
29.296875 104.980469
26.855469 102.539063
26.855469 100.097656
26.855469 97.65625
26.855469 95.214844
24.414063 92.773438
24.414063 90.332031
24.414063 87.890625
21.972656 85.449219
21.972656 83.007813
21.972656 80.566406
19.53125 78.125
19.53125 75.683594
19.53125 73.242188
19.53125 70.800781
19.53125 68.359375
19.53125 65.917969
19.53125 63.476563
19.53125 61.035156
19.53125 58.59375
21.972656 56.152344
21.972656 53.710938
21.972656 51.269531
21.972656 48.828125
21.972656 46.386719
21.972656 43.945313
21.972656 41.503906
21.972656 39.0625
21.972656 36.621094
21.972656 34.179688
21.972656 31.738281
21.972656 29.296875
21.972656 26.855469
21.972656 24.414063
24.414063 21.972656
24.414063 19.53125
24.414063 17.089844
24.414063 14.648438
24.414063 2.441406
24.414063 4.882813
24.414063 7.324219
24.414063 9.765625
24.414063 12.207031
