17.089844 239.257813
19.53125 236.816406
21.972656 234.375
24.414063 231.933594
26.855469 229.492188
29.296875 227.050781
31.738281 224.609375
31.738281 222.167969
34.179688 219.726563
34.179688 217.285156
36.621094 214.84375
36.621094 212.402344
39.0625 209.960938
41.503906 207.519531
41.503906 205.078125
43.945313 202.636719
46.386719 200.195313
46.386719 197.753906
48.828125 195.3125
51.269531 192.871094
51.269531 190.429688
53.710938 187.988281
53.710938 185.546875
53.710938 183.105469
56.152344 180.664063
56.152344 178.222656
58.59375 175.78125
58.59375 173.339844
61.035156 170.898438
61.035156 168.457031
61.035156 166.015625
63.476563 163.574219
63.476563 161.132813
63.476563 158.691406
63.476563 156.25
65.917969 153.808594
65.917969 151.367188
68.359375 148.925781
68.359375 146.484375
70.800781 144.042969
73.242188 141.601563
75.683594 139.160156
78.125 136.71875
78.125 134.277344
80.566406 131.835938
83.007813 129.394531
85.449219 126.953125
85.449219 124.511719
87.890625 122.070313
87.890625 119.628906
87.890625 117.1875
87.890625 114.746094
87.890625 112.304688
90.332031 109.863281
90.332031 107.421875
92.773438 104.980469
92.773438 102.539063
92.773438 100.097656
95.214844 97.65625
95.214844 95.214844
95.214844 92.773438
95.214844 90.332031
97.65625 87.890625
100.097656 85.449219
100.097656 83.007813
100.097656 80.566406
100.097656 78.125
100.097656 75.683594
100.097656 73.242188
100.097656 70.800781
102.539063 68.359375
102.539063 65.917969
102.539063 63.476563
102.539063 61.035156
102.539063 58.59375
102.539063 56.152344
102.539063 53.710938
102.539063 51.269531
102.539063 48.828125
102.539063 46.386719
102.539063 43.945313
104.980469 41.503906
104.980469 39.0625
104.980469 36.621094
107.421875 34.179688
107.421875 31.738281
107.421875 29.296875
107.421875 26.855469
107.421875 24.414063
107.421875 21.972656
107.421875 19.53125
107.421875 17.089844
109.863281 14.648438
109.863281 12.207031
