14.648438 161.132813
14.648438 158.691406
14.648438 156.25
14.648438 153.808594
14.648438 151.367188
14.648438 148.925781
14.648438 146.484375
17.089844 144.042969
19.53125 141.601563
19.53125 139.160156
21.972656 136.71875
21.972656 134.277344
24.414063 131.835938
26.855469 129.394531
29.296875 126.953125
31.738281 124.511719
34.179688 122.070313
36.621094 119.628906
36.621094 117.1875
39.0625 114.746094
41.503906 112.304688
43.945313 109.863281
46.386719 107.421875
46.386719 104.980469
48.828125 102.539063
51.269531 100.097656
53.710938 97.65625
56.152344 95.214844
58.59375 92.773438
61.035156 90.332031
63.476563 87.890625
63.476563 85.449219
65.917969 83.007813
68.359375 80.566406
70.800781 78.125
70.800781 75.683594
73.242188 73.242188
75.683594 70.800781
78.125 68.359375
80.566406 65.917969
80.566406 63.476563
83.007813 61.035156
85.449219 58.59375
87.890625 56.152344
87.890625 53.710938
90.332031 51.269531
92.773438 48.828125
95.214844 46.386719
95.214844 43.945313
97.65625 41.503906
100.097656 39.0625
102.539063 36.621094
104.980469 34.179688
107.421875 34.179688
109.863281 31.738281
112.304688 29.296875
114.746094 26.855469
117.1875 24.414063
119.628906 21.972656
122.070313 19.53125
124.511719 17.089844
126.953125 14.648438
126.953125 12.207031
126.953125 2.441406
126.953125 4.882813
126.953125 7.324219
126.953125 9.765625
