253.90625 153.808594
253.90625 151.367188
253.90625 148.925781
253.90625 146.484375
253.90625 144.042969
253.90625 141.601563
253.90625 139.160156
253.90625 136.71875
251.464844 134.277344
249.023438 131.835938
246.582031 129.394531
244.140625 126.953125
241.699219 126.953125
239.257813 124.511719
236.816406 122.070313
234.375 119.628906
231.933594 119.628906
229.492188 117.1875
227.050781 114.746094
224.609375 112.304688
222.167969 109.863281
219.726563 107.421875
217.285156 104.980469
214.84375 102.539063
212.402344 100.097656
209.960938 97.65625
207.519531 97.65625
205.078125 95.214844
202.636719 92.773438
200.195313 92.773438
197.753906 90.332031
195.3125 87.890625
192.871094 87.890625
190.429688 85.449219
187.988281 83.007813
185.546875 80.566406
183.105469 78.125
180.664063 75.683594
178.222656 75.683594
175.78125 73.242188
173.339844 70.800781
170.898438 68.359375
168.457031 65.917969
166.015625 63.476563
163.574219 61.035156
161.132813 61.035156
158.691406 61.035156
156.25 58.59375
153.808594 58.59375
151.367188 58.59375
148.925781 56.152344
146.484375 53.710938
144.042969 51.269531
141.601563 48.828125
139.160156 48.828125
136.71875 46.386719
134.277344 46.386719
131.835938 43.945313
129.394531 43.945313
126.953125 41.503906
124.511719 41.503906
122.070313 39.0625
119.628906 39.0625
117.1875 36.621094
114.746094 34.179688
112.304688 34.179688
109.863281 31.738281
107.421875 31.738281
104.980469 31.738281
102.539063 31.738281
100.097656 31.738281
97.65625 29.296875
95.214844 29.296875
92.773438 26.855469
90.332031 26.855469
87.890625 26.855469
85.449219 26.855469
83.007813 26.855469
80.566406 26.855469
78.125 26.855469
75.683594 26.855469
73.242188 26.855469
70.800781 24.414063
68.359375 24.414063
65.917969 24.414063
63.476563 24.414063
61.035156 21.972656
58.59375 21.972656
56.152344 21.972656
53.710938 19.53125
51.269531 19.53125
48.828125 19.53125
46.386719 19.53125
43.945313 19.53125
41.503906 19.53125
39.0625 19.53125
36.621094 19.53125
34.179688 19.53125
31.738281 21.972656
29.296875 21.972656
26.855469 21.972656
24.414063 21.972656
21.972656 21.972656
19.53125 21.972656
17.089844 21.972656
14.648438 21.972656
12.207031 24.414063
7.324219 29.296875
9.765625 26.855469
