212.402344 202.636719
212.402344 200.195313
212.402344 197.753906
212.402344 195.3125
209.960938 192.871094
209.960938 190.429688
207.519531 187.988281
205.078125 185.546875
202.636719 183.105469
202.636719 180.664063
200.195313 178.222656
197.753906 175.78125
195.3125 173.339844
192.871094 170.898438
190.429688 168.457031
187.988281 166.015625
185.546875 163.574219
183.105469 161.132813
180.664063 158.691406
180.664063 156.25
178.222656 153.808594
178.222656 151.367188
175.78125 148.925781
175.78125 146.484375
173.339844 144.042969
170.898438 141.601563
168.457031 139.160156
166.015625 136.71875
163.574219 134.277344
163.574219 131.835938
161.132813 129.394531
158.691406 126.953125
156.25 124.511719
153.808594 122.070313
151.367188 119.628906
148.925781 117.1875
148.925781 114.746094
148.925781 112.304688
146.484375 109.863281
144.042969 107.421875
141.601563 104.980469
139.160156 102.539063
136.71875 100.097656
134.277344 97.65625
131.835938 95.214844
129.394531 92.773438
129.394531 90.332031
126.953125 87.890625
124.511719 85.449219
122.070313 83.007813
119.628906 80.566406
117.1875 80.566406
114.746094 78.125
112.304688 75.683594
109.863281 73.242188
107.421875 70.800781
104.980469 68.359375
102.539063 65.917969
100.097656 63.476563
97.65625 61.035156
95.214844 58.59375
92.773438 56.152344
90.332031 53.710938
87.890625 51.269531
85.449219 48.828125
83.007813 46.386719
80.566406 46.386719
78.125 46.386719
75.683594 43.945313
73.242188 41.503906
70.800781 39.0625
68.359375 36.621094
65.917969 36.621094
63.476563 34.179688
61.035156 34.179688
58.59375 34.179688
56.152344 31.738281
53.710938 34.179688
51.269531 31.738281
48.828125 34.179688
46.386719 31.738281
43.945313 31.738281
41.503906 31.738281
39.0625 29.296875
36.621094 29.296875
34.179688 29.296875
31.738281 29.296875
29.296875 29.296875
26.855469 26.855469
24.414063 24.414063
21.972656 21.972656
19.53125 19.53125
17.089844 17.089844
14.648438 14.648438
14.648438 12.207031
