234.375 26.855469
231.933594 26.855469
229.492188 26.855469
227.050781 26.855469
224.609375 26.855469
222.167969 26.855469
219.726563 26.855469
217.285156 26.855469
214.84375 26.855469
212.402344 26.855469
209.960938 26.855469
207.519531 26.855469
205.078125 26.855469
202.636719 26.855469
200.195313 26.855469
197.753906 26.855469
195.3125 26.855469
192.871094 26.855469
190.429688 26.855469
187.988281 26.855469
185.546875 26.855469
183.105469 26.855469
180.664063 26.855469
178.222656 26.855469
175.78125 26.855469
173.339844 26.855469
170.898438 24.414063
168.457031 24.414063
166.015625 24.414063
163.574219 24.414063
161.132813 24.414063
158.691406 24.414063
156.25 24.414063
153.808594 21.972656
151.367188 21.972656
148.925781 21.972656
146.484375 21.972656
144.042969 21.972656
141.601563 21.972656
139.160156 21.972656
136.71875 21.972656
134.277344 21.972656
131.835938 21.972656
129.394531 21.972656
126.953125 21.972656
124.511719 21.972656
122.070313 21.972656
119.628906 21.972656
117.1875 21.972656
114.746094 21.972656
112.304688 21.972656
109.863281 21.972656
107.421875 21.972656
104.980469 21.972656
102.539063 21.972656
100.097656 21.972656
97.65625 21.972656
95.214844 21.972656
92.773438 21.972656
90.332031 21.972656
87.890625 21.972656
85.449219 21.972656
83.007813 21.972656
80.566406 21.972656
78.125 21.972656
75.683594 21.972656
73.242188 21.972656
70.800781 21.972656
68.359375 21.972656
65.917969 21.972656
63.476563 21.972656
61.035156 21.972656
58.59375 21.972656
56.152344 21.972656
53.710938 21.972656
51.269531 21.972656
48.828125 21.972656
46.386719 21.972656
43.945313 21.972656
41.503906 21.972656
39.0625 21.972656
36.621094 21.972656
34.179688 24.414063
31.738281 24.414063
29.296875 24.414063
26.855469 24.414063
24.414063 24.414063
21.972656 24.414063
19.53125 24.414063
2.441406 24.414063
4.882813 24.414063
7.324219 24.414063
9.765625 24.414063
12.207031 24.414063
14.648438 24.414063
17.089844 24.414063
