85.449219 51.269531
83.007813 51.269531
80.566406 51.269531
78.125 51.269531
75.683594 51.269531
73.242188 51.269531
70.800781 51.269531
68.359375 51.269531
65.917969 48.828125
63.476563 46.386719
61.035156 46.386719
58.59375 43.945313
56.152344 41.503906
53.710938 39.0625
51.269531 36.621094
48.828125 34.179688
46.386719 34.179688
43.945313 31.738281
41.503906 31.738281
39.0625 29.296875
36.621094 26.855469
34.179688 26.855469
31.738281 26.855469
29.296875 24.414063
26.855469 24.414063
24.414063 21.972656
21.972656 19.53125
19.53125 19.53125
17.089844 17.089844
17.089844 14.648438
17.089844 2.441406
17.089844 4.882813
17.089844 7.324219
17.089844 9.765625
17.089844 12.207031
