78.125 17.089844
75.683594 17.089844
73.242188 14.648438
70.800781 17.089844
68.359375 17.089844
65.917969 17.089844
63.476563 17.089844
61.035156 19.53125
58.59375 17.089844
56.152344 17.089844
53.710938 17.089844
51.269531 17.089844
48.828125 14.648438
46.386719 14.648438
43.945313 14.648438
41.503906 14.648438
39.0625 14.648438
36.621094 12.207031
34.179688 12.207031
31.738281 14.648438
29.296875 14.648438
26.855469 12.207031
24.414063 12.207031
21.972656 14.648438
19.53125 14.648438
17.089844 14.648438
14.648438 14.648438
12.207031 17.089844
9.765625 17.089844
7.324219 17.089844
