261.230469 100.097656
261.230469 97.65625
258.789063 95.214844
258.789063 92.773438
256.347656 90.332031
256.347656 87.890625
253.90625 85.449219
251.464844 83.007813
251.464844 80.566406
249.023438 78.125
249.023438 75.683594
246.582031 73.242188
244.140625 70.800781
241.699219 68.359375
239.257813 68.359375
236.816406 68.359375
234.375 68.359375
231.933594 70.800781
229.492188 70.800781
227.050781 73.242188
224.609375 73.242188
222.167969 75.683594
219.726563 75.683594
217.285156 75.683594
214.84375 75.683594
212.402344 75.683594
209.960938 75.683594
207.519531 75.683594
205.078125 73.242188
202.636719 73.242188
200.195313 73.242188
197.753906 70.800781
195.3125 70.800781
192.871094 68.359375
190.429688 68.359375
187.988281 68.359375
185.546875 65.917969
183.105469 65.917969
180.664063 65.917969
178.222656 65.917969
175.78125 65.917969
173.339844 63.476563
170.898438 63.476563
168.457031 63.476563
166.015625 63.476563
163.574219 61.035156
161.132813 61.035156
158.691406 58.59375
156.25 58.59375
153.808594 56.152344
151.367188 56.152344
148.925781 56.152344
146.484375 53.710938
144.042969 53.710938
141.601563 51.269531
139.160156 51.269531
136.71875 48.828125
134.277344 46.386719
131.835938 46.386719
129.394531 43.945313
126.953125 43.945313
124.511719 43.945313
122.070313 43.945313
119.628906 43.945313
117.1875 41.503906
114.746094 41.503906
112.304688 41.503906
109.863281 39.0625
107.421875 39.0625
104.980469 39.0625
102.539063 41.503906
100.097656 39.0625
97.65625 41.503906
95.214844 41.503906
92.773438 41.503906
90.332031 39.0625
87.890625 36.621094
85.449219 36.621094
83.007813 34.179688
80.566406 34.179688
78.125 31.738281
75.683594 29.296875
73.242188 29.296875
70.800781 29.296875
68.359375 29.296875
65.917969 26.855469
63.476563 24.414063
61.035156 24.414063
58.59375 21.972656
56.152344 21.972656
53.710938 21.972656
51.269531 21.972656
48.828125 21.972656
46.386719 21.972656
43.945313 21.972656
41.503906 19.53125
39.0625 21.972656
36.621094 19.53125
34.179688 19.53125
31.738281 19.53125
29.296875 19.53125
26.855469 19.53125
24.414063 19.53125
21.972656 17.089844
19.53125 17.089844
17.089844 17.089844
14.648438 14.648438
14.648438 12.207031
