75.683594 24.414063
73.242188 24.414063
70.800781 24.414063
68.359375 24.414063
65.917969 24.414063
63.476563 24.414063
61.035156 24.414063
58.59375 24.414063
56.152344 24.414063
53.710938 24.414063
51.269531 24.414063
48.828125 24.414063
46.386719 24.414063
43.945313 24.414063
41.503906 24.414063
39.0625 24.414063
36.621094 24.414063
34.179688 21.972656
31.738281 21.972656
29.296875 21.972656
26.855469 21.972656
24.414063 21.972656
21.972656 21.972656
19.53125 19.53125
17.089844 17.089844
17.089844 14.648438
17.089844 2.441406
17.089844 4.882813
17.089844 7.324219
17.089844 9.765625
17.089844 12.207031
