19.53125 36.621094
21.972656 39.0625
24.414063 39.0625
26.855469 39.0625
29.296875 41.503906
31.738281 41.503906
34.179688 41.503906
36.621094 43.945313
39.0625 43.945313
41.503906 46.386719
43.945313 46.386719
46.386719 46.386719
48.828125 46.386719
51.269531 46.386719
53.710938 48.828125
56.152344 48.828125
58.59375 48.828125
61.035156 48.828125
63.476563 48.828125
65.917969 48.828125
68.359375 48.828125
70.800781 51.269531
73.242188 51.269531
75.683594 51.269531
78.125 51.269531
80.566406 53.710938
83.007813 53.710938
85.449219 53.710938
87.890625 53.710938
90.332031 53.710938
92.773438 53.710938
95.214844 53.710938
97.65625 53.710938
100.097656 53.710938
102.539063 53.710938
104.980469 53.710938
107.421875 53.710938
109.863281 53.710938
112.304688 53.710938
114.746094 53.710938
117.1875 56.152344
119.628906 53.710938
122.070313 53.710938
124.511719 53.710938
126.953125 56.152344
129.394531 56.152344
131.835938 56.152344
134.277344 56.152344
136.71875 58.59375
139.160156 58.59375
141.601563 56.152344
144.042969 56.152344
146.484375 56.152344
148.925781 56.152344
151.367188 56.152344
153.808594 56.152344
156.25 53.710938
158.691406 53.710938
161.132813 53.710938
163.574219 53.710938
166.015625 51.269531
168.457031 51.269531
170.898438 51.269531
173.339844 51.269531
175.78125 51.269531
178.222656 51.269531
180.664063 51.269531
183.105469 51.269531
185.546875 48.828125
187.988281 48.828125
190.429688 48.828125
192.871094 48.828125
195.3125 48.828125
197.753906 48.828125
200.195313 46.386719
202.636719 46.386719
205.078125 46.386719
207.519531 46.386719
209.960938 46.386719
212.402344 46.386719
214.84375 46.386719
217.285156 46.386719
219.726563 46.386719
222.167969 46.386719
224.609375 46.386719
227.050781 46.386719
229.492188 46.386719
231.933594 46.386719
234.375 46.386719
236.816406 46.386719
239.257813 46.386719
241.699219 46.386719
244.140625 43.945313
246.582031 43.945313
249.023438 43.945313
251.464844 43.945313
253.90625 43.945313
256.347656 43.945313
258.789063 41.503906
261.230469 41.503906
263.671875 39.0625
266.113281 39.0625
268.554688 39.0625
270.996094 39.0625
273.4375 39.0625
275.878906 39.0625
278.320313 39.0625
280.761719 39.0625
283.203125 39.0625
285.644531 39.0625
288.085938 39.0625
290.527344 39.0625
292.96875 39.0625
295.410156 39.0625
297.851563 39.0625
300.292969 39.0625
302.734375 36.621094
305.175781 36.621094
307.617188 36.621094
310.058594 36.621094
312.5 36.621094
314.941406 36.621094
317.382813 36.621094
319.824219 36.621094
322.265625 36.621094
324.707031 34.179688
327.148438 34.179688
329.589844 34.179688
332.03125 34.179688
334.472656 34.179688
336.914063 34.179688
339.355469 34.179688
341.796875 34.179688
344.238281 31.738281
346.679688 31.738281
349.121094 31.738281
351.5625 31.738281
354.003906 31.738281
356.445313 34.179688
358.886719 34.179688
361.328125 34.179688
363.769531 34.179688
366.210938 36.621094
368.652344 36.621094
371.09375 36.621094
373.535156 34.179688
375.976563 34.179688
378.417969 34.179688
380.859375 34.179688
383.300781 34.179688
385.742188 34.179688
388.183594 34.179688
390.625 36.621094
393.066406 34.179688
395.507813 34.179688
397.949219 34.179688
400.390625 34.179688
402.832031 34.179688
405.273438 34.179688
407.714844 34.179688
410.15625 34.179688
412.597656 34.179688
415.039063 31.738281
417.480469 31.738281
419.921875 29.296875
422.363281 29.296875
424.804688 26.855469
427.246094 26.855469
429.6875 26.855469
432.128906 24.414063
434.570313 24.414063
437.011719 24.414063
439.453125 24.414063
441.894531 24.414063
444.335938 24.414063
446.777344 24.414063
449.21875 24.414063
451.660156 24.414063
454.101563 24.414063
456.542969 21.972656
458.984375 19.53125
461.425781 19.53125
463.867188 17.089844
466.308594 14.648438
