14.648438 78.125
14.648438 75.683594
14.648438 73.242188
14.648438 70.800781
14.648438 68.359375
14.648438 65.917969
14.648438 63.476563
14.648438 61.035156
14.648438 58.59375
17.089844 56.152344
17.089844 53.710938
17.089844 51.269531
17.089844 48.828125
19.53125 46.386719
19.53125 43.945313
21.972656 41.503906
21.972656 39.0625
21.972656 36.621094
24.414063 34.179688
24.414063 31.738281
26.855469 29.296875
29.296875 26.855469
31.738281 24.414063
31.738281 21.972656
31.738281 19.53125
34.179688 17.089844
34.179688 14.648438
34.179688 2.441406
34.179688 4.882813
34.179688 7.324219
34.179688 9.765625
34.179688 12.207031
