126.953125 14.648438
124.511719 17.089844
122.070313 19.53125
119.628906 21.972656
117.1875 21.972656
114.746094 21.972656
112.304688 21.972656
109.863281 21.972656
107.421875 21.972656
104.980469 21.972656
102.539063 21.972656
100.097656 21.972656
97.65625 21.972656
95.214844 21.972656
92.773438 24.414063
90.332031 24.414063
87.890625 24.414063
85.449219 24.414063
83.007813 24.414063
80.566406 24.414063
78.125 24.414063
75.683594 24.414063
73.242188 24.414063
70.800781 24.414063
68.359375 21.972656
65.917969 21.972656
63.476563 21.972656
61.035156 21.972656
58.59375 21.972656
56.152344 21.972656
53.710938 19.53125
51.269531 19.53125
48.828125 19.53125
46.386719 19.53125
43.945313 19.53125
41.503906 17.089844
39.0625 17.089844
36.621094 17.089844
34.179688 17.089844
31.738281 17.089844
29.296875 17.089844
26.855469 17.089844
24.414063 17.089844
21.972656 17.089844
19.53125 17.089844
17.089844 17.089844
2.441406 17.089844
4.882813 17.089844
7.324219 17.089844
9.765625 17.089844
12.207031 17.089844
14.648438 17.089844
