200.195313 46.386719
197.753906 46.386719
195.3125 46.386719
192.871094 46.386719
190.429688 46.386719
187.988281 46.386719
185.546875 46.386719
183.105469 46.386719
180.664063 46.386719
178.222656 46.386719
175.78125 46.386719
173.339844 48.828125
170.898438 48.828125
168.457031 48.828125
166.015625 48.828125
163.574219 48.828125
161.132813 51.269531
158.691406 51.269531
156.25 51.269531
153.808594 51.269531
151.367188 53.710938
148.925781 53.710938
146.484375 53.710938
144.042969 53.710938
141.601563 53.710938
139.160156 56.152344
136.71875 56.152344
134.277344 56.152344
131.835938 56.152344
129.394531 56.152344
126.953125 56.152344
124.511719 56.152344
122.070313 56.152344
119.628906 56.152344
117.1875 56.152344
114.746094 56.152344
112.304688 56.152344
109.863281 56.152344
107.421875 56.152344
104.980469 56.152344
102.539063 56.152344
100.097656 56.152344
97.65625 56.152344
95.214844 56.152344
92.773438 56.152344
90.332031 56.152344
87.890625 56.152344
85.449219 53.710938
83.007813 53.710938
80.566406 53.710938
78.125 53.710938
75.683594 51.269531
73.242188 48.828125
70.800781 48.828125
68.359375 48.828125
65.917969 46.386719
63.476563 46.386719
61.035156 43.945313
58.59375 43.945313
56.152344 43.945313
53.710938 41.503906
51.269531 41.503906
48.828125 39.0625
46.386719 39.0625
43.945313 36.621094
41.503906 36.621094
39.0625 34.179688
36.621094 34.179688
34.179688 31.738281
31.738281 31.738281
29.296875 29.296875
26.855469 26.855469
24.414063 24.414063
21.972656 21.972656
21.972656 19.53125
21.972656 2.441406
21.972656 4.882813
21.972656 7.324219
21.972656 9.765625
21.972656 12.207031
21.972656 14.648438
21.972656 17.089844
