7.324219 114.746094
9.765625 112.304688
12.207031 109.863281
14.648438 107.421875
17.089844 107.421875
19.53125 104.980469
21.972656 104.980469
24.414063 104.980469
26.855469 104.980469
29.296875 104.980469
31.738281 104.980469
34.179688 104.980469
36.621094 104.980469
39.0625 102.539063
41.503906 102.539063
43.945313 100.097656
46.386719 97.65625
48.828125 95.214844
51.269531 95.214844
53.710938 92.773438
56.152344 92.773438
58.59375 92.773438
61.035156 90.332031
63.476563 90.332031
65.917969 87.890625
68.359375 85.449219
70.800781 85.449219
73.242188 83.007813
75.683594 83.007813
78.125 83.007813
80.566406 80.566406
83.007813 80.566406
85.449219 80.566406
87.890625 78.125
90.332031 78.125
92.773438 75.683594
95.214844 75.683594
97.65625 73.242188
100.097656 73.242188
102.539063 70.800781
104.980469 70.800781
107.421875 68.359375
109.863281 68.359375
112.304688 65.917969
114.746094 65.917969
117.1875 65.917969
119.628906 63.476563
122.070313 61.035156
124.511719 61.035156
126.953125 58.59375
129.394531 58.59375
131.835938 58.59375
134.277344 56.152344
136.71875 56.152344
139.160156 56.152344
141.601563 56.152344
144.042969 56.152344
146.484375 56.152344
148.925781 53.710938
151.367188 53.710938
153.808594 53.710938
156.25 53.710938
158.691406 53.710938
161.132813 51.269531
163.574219 51.269531
166.015625 51.269531
168.457031 51.269531
170.898438 51.269531
173.339844 51.269531
175.78125 51.269531
178.222656 48.828125
180.664063 48.828125
183.105469 46.386719
185.546875 46.386719
187.988281 43.945313
190.429688 43.945313
192.871094 43.945313
195.3125 43.945313
197.753906 43.945313
200.195313 43.945313
202.636719 43.945313
205.078125 43.945313
207.519531 43.945313
209.960938 43.945313
212.402344 43.945313
214.84375 43.945313
217.285156 43.945313
219.726563 43.945313
222.167969 43.945313
224.609375 43.945313
227.050781 43.945313
229.492188 43.945313
231.933594 43.945313
234.375 43.945313
236.816406 43.945313
239.257813 46.386719
241.699219 46.386719
244.140625 46.386719
246.582031 46.386719
249.023438 46.386719
251.464844 46.386719
253.90625 46.386719
256.347656 46.386719
258.789063 46.386719
261.230469 46.386719
263.671875 46.386719
266.113281 46.386719
268.554688 46.386719
270.996094 46.386719
273.4375 46.386719
275.878906 46.386719
278.320313 46.386719
280.761719 46.386719
283.203125 46.386719
285.644531 46.386719
288.085938 46.386719
290.527344 46.386719
292.96875 46.386719
295.410156 46.386719
297.851563 46.386719
300.292969 46.386719
302.734375 48.828125
305.175781 48.828125
307.617188 48.828125
310.058594 48.828125
312.5 48.828125
314.941406 48.828125
317.382813 48.828125
319.824219 48.828125
322.265625 48.828125
324.707031 48.828125
327.148438 48.828125
329.589844 48.828125
332.03125 51.269531
334.472656 51.269531
336.914063 51.269531
339.355469 51.269531
341.796875 51.269531
344.238281 51.269531
346.679688 51.269531
349.121094 51.269531
351.5625 51.269531
354.003906 51.269531
356.445313 51.269531
358.886719 51.269531
361.328125 51.269531
363.769531 48.828125
366.210938 48.828125
368.652344 46.386719
371.09375 46.386719
373.535156 43.945313
375.976563 43.945313
378.417969 43.945313
380.859375 43.945313
383.300781 43.945313
385.742188 43.945313
388.183594 43.945313
390.625 41.503906
393.066406 41.503906
395.507813 41.503906
397.949219 39.0625
400.390625 39.0625
402.832031 39.0625
405.273438 39.0625
407.714844 36.621094
410.15625 36.621094
412.597656 34.179688
415.039063 34.179688
417.480469 31.738281
419.921875 31.738281
422.363281 29.296875
424.804688 26.855469
427.246094 26.855469
429.6875 24.414063
432.128906 24.414063
434.570313 21.972656
437.011719 19.53125
439.453125 19.53125
441.894531 19.53125
444.335938 19.53125
446.777344 19.53125
449.21875 17.089844
451.660156 17.089844
454.101563 17.089844
456.542969 17.089844
458.984375 17.089844
461.425781 17.089844
463.867188 14.648438
466.308594 14.648438
468.75 12.207031
471.191406 12.207031
473.632813 9.765625
476.074219 9.765625
478.515625 9.765625
480.957031 9.765625
483.398438 7.324219
485.839844 7.324219
488.28125 7.324219
493.164063 7.324219
490.722656 7.324219
