2.441406 63.476563
4.882813 63.476563
7.324219 63.476563
9.765625 63.476563
12.207031 63.476563
14.648438 63.476563
17.089844 63.476563
19.53125 63.476563
21.972656 61.035156
24.414063 61.035156
26.855469 61.035156
29.296875 58.59375
31.738281 58.59375
34.179688 58.59375
36.621094 56.152344
39.0625 56.152344
41.503906 53.710938
43.945313 53.710938
46.386719 51.269531
48.828125 51.269531
51.269531 51.269531
53.710938 51.269531
56.152344 48.828125
58.59375 48.828125
61.035156 48.828125
63.476563 46.386719
65.917969 46.386719
68.359375 46.386719
70.800781 43.945313
73.242188 43.945313
75.683594 41.503906
78.125 41.503906
80.566406 39.0625
83.007813 39.0625
85.449219 39.0625
87.890625 36.621094
90.332031 36.621094
92.773438 36.621094
95.214844 36.621094
97.65625 34.179688
100.097656 34.179688
102.539063 34.179688
104.980469 31.738281
107.421875 31.738281
109.863281 31.738281
112.304688 29.296875
114.746094 26.855469
117.1875 26.855469
119.628906 26.855469
122.070313 24.414063
124.511719 24.414063
126.953125 21.972656
129.394531 21.972656
131.835938 21.972656
134.277344 21.972656
136.71875 19.53125
139.160156 19.53125
141.601563 19.53125
144.042969 19.53125
146.484375 17.089844
148.925781 17.089844
151.367188 17.089844
166.015625 17.089844
163.574219 17.089844
161.132813 17.089844
158.691406 17.089844
156.25 17.089844
153.808594 17.089844
