65.917969 73.242188
63.476563 73.242188
61.035156 73.242188
58.59375 73.242188
56.152344 73.242188
53.710938 73.242188
51.269531 73.242188
48.828125 73.242188
46.386719 73.242188
43.945313 73.242188
41.503906 70.800781
39.0625 68.359375
39.0625 65.917969
36.621094 63.476563
36.621094 61.035156
34.179688 58.59375
34.179688 56.152344
31.738281 53.710938
31.738281 51.269531
31.738281 48.828125
29.296875 46.386719
29.296875 43.945313
29.296875 41.503906
29.296875 39.0625
26.855469 36.621094
26.855469 34.179688
24.414063 31.738281
24.414063 29.296875
24.414063 26.855469
24.414063 24.414063
24.414063 21.972656
21.972656 19.53125
21.972656 17.089844
21.972656 2.441406
21.972656 4.882813
21.972656 7.324219
21.972656 9.765625
21.972656 12.207031
21.972656 14.648438
