144.042969 107.421875
144.042969 104.980469
144.042969 102.539063
144.042969 100.097656
141.601563 97.65625
139.160156 95.214844
136.71875 92.773438
134.277344 90.332031
131.835938 87.890625
129.394531 85.449219
126.953125 85.449219
124.511719 83.007813
122.070313 80.566406
119.628906 80.566406
117.1875 78.125
114.746094 75.683594
112.304688 73.242188
109.863281 70.800781
107.421875 70.800781
104.980469 68.359375
102.539063 65.917969
100.097656 65.917969
97.65625 63.476563
95.214844 61.035156
92.773438 61.035156
90.332031 58.59375
87.890625 58.59375
85.449219 56.152344
83.007813 53.710938
80.566406 53.710938
78.125 53.710938
75.683594 51.269531
73.242188 51.269531
70.800781 48.828125
68.359375 48.828125
65.917969 46.386719
63.476563 46.386719
61.035156 43.945313
58.59375 43.945313
56.152344 41.503906
53.710938 39.0625
51.269531 39.0625
48.828125 36.621094
46.386719 36.621094
43.945313 34.179688
41.503906 31.738281
39.0625 31.738281
36.621094 29.296875
34.179688 26.855469
31.738281 26.855469
29.296875 24.414063
26.855469 24.414063
24.414063 21.972656
21.972656 19.53125
19.53125 17.089844
17.089844 17.089844
2.441406 17.089844
4.882813 17.089844
7.324219 17.089844
9.765625 17.089844
12.207031 17.089844
14.648438 17.089844
