17.089844 26.855469
19.53125 26.855469
21.972656 26.855469
24.414063 24.414063
26.855469 24.414063
29.296875 24.414063
31.738281 24.414063
34.179688 26.855469
36.621094 26.855469
39.0625 24.414063
41.503906 24.414063
43.945313 24.414063
46.386719 21.972656
48.828125 21.972656
51.269531 21.972656
53.710938 19.53125
56.152344 19.53125
58.59375 19.53125
61.035156 17.089844
63.476563 17.089844
65.917969 17.089844
68.359375 17.089844
70.800781 17.089844
73.242188 17.089844
75.683594 17.089844
78.125 17.089844
80.566406 17.089844
83.007813 17.089844
85.449219 14.648438
87.890625 14.648438
90.332031 14.648438
92.773438 12.207031
95.214844 12.207031
97.65625 12.207031
100.097656 9.765625
