12.207031 83.007813
12.207031 80.566406
12.207031 78.125
12.207031 75.683594
12.207031 73.242188
12.207031 70.800781
14.648438 68.359375
17.089844 65.917969
17.089844 63.476563
19.53125 61.035156
19.53125 58.59375
21.972656 56.152344
21.972656 53.710938
24.414063 51.269531
26.855469 48.828125
26.855469 46.386719
29.296875 43.945313
31.738281 41.503906
31.738281 39.0625
34.179688 36.621094
36.621094 34.179688
39.0625 31.738281
39.0625 29.296875
41.503906 26.855469
41.503906 24.414063
43.945313 21.972656
46.386719 19.53125
48.828125 17.089844
48.828125 14.648438
48.828125 2.441406
48.828125 4.882813
48.828125 7.324219
48.828125 9.765625
48.828125 12.207031
