205.078125 46.386719
202.636719 46.386719
200.195313 46.386719
197.753906 46.386719
195.3125 46.386719
192.871094 46.386719
190.429688 46.386719
187.988281 46.386719
185.546875 46.386719
183.105469 43.945313
180.664063 43.945313
178.222656 43.945313
175.78125 43.945313
173.339844 41.503906
170.898438 41.503906
168.457031 39.0625
166.015625 39.0625
163.574219 39.0625
161.132813 39.0625
158.691406 36.621094
156.25 36.621094
153.808594 36.621094
151.367188 36.621094
148.925781 36.621094
146.484375 34.179688
144.042969 34.179688
141.601563 31.738281
139.160156 31.738281
136.71875 29.296875
134.277344 29.296875
131.835938 26.855469
129.394531 26.855469
126.953125 26.855469
124.511719 26.855469
122.070313 26.855469
119.628906 26.855469
117.1875 24.414063
114.746094 24.414063
112.304688 24.414063
109.863281 21.972656
107.421875 21.972656
104.980469 21.972656
102.539063 21.972656
100.097656 21.972656
97.65625 21.972656
95.214844 21.972656
92.773438 21.972656
90.332031 21.972656
87.890625 24.414063
85.449219 24.414063
83.007813 24.414063
80.566406 24.414063
78.125 24.414063
75.683594 26.855469
73.242188 26.855469
70.800781 29.296875
68.359375 29.296875
65.917969 31.738281
63.476563 31.738281
61.035156 31.738281
58.59375 34.179688
56.152344 34.179688
53.710938 36.621094
51.269531 36.621094
48.828125 36.621094
46.386719 36.621094
43.945313 39.0625
41.503906 39.0625
39.0625 41.503906
36.621094 41.503906
34.179688 43.945313
31.738281 43.945313
29.296875 46.386719
26.855469 46.386719
24.414063 48.828125
21.972656 51.269531
19.53125 51.269531
17.089844 53.710938
14.648438 56.152344
4.882813 65.917969
7.324219 63.476563
9.765625 61.035156
12.207031 58.59375
