207.519531 107.421875
205.078125 107.421875
202.636719 107.421875
200.195313 107.421875
197.753906 107.421875
195.3125 107.421875
192.871094 107.421875
190.429688 107.421875
187.988281 107.421875
185.546875 107.421875
183.105469 107.421875
180.664063 107.421875
178.222656 104.980469
175.78125 104.980469
173.339844 102.539063
170.898438 102.539063
168.457031 100.097656
166.015625 100.097656
163.574219 97.65625
161.132813 97.65625
158.691406 97.65625
156.25 95.214844
153.808594 95.214844
151.367188 95.214844
148.925781 95.214844
146.484375 95.214844
144.042969 95.214844
141.601563 95.214844
139.160156 95.214844
136.71875 95.214844
134.277344 95.214844
131.835938 95.214844
129.394531 95.214844
126.953125 95.214844
124.511719 95.214844
122.070313 95.214844
119.628906 95.214844
117.1875 95.214844
114.746094 92.773438
112.304688 92.773438
109.863281 92.773438
107.421875 90.332031
104.980469 90.332031
102.539063 87.890625
100.097656 87.890625
97.65625 87.890625
95.214844 85.449219
92.773438 85.449219
90.332031 83.007813
87.890625 83.007813
85.449219 83.007813
83.007813 85.449219
80.566406 85.449219
78.125 85.449219
75.683594 83.007813
73.242188 83.007813
70.800781 83.007813
68.359375 83.007813
65.917969 83.007813
63.476563 83.007813
61.035156 83.007813
58.59375 85.449219
56.152344 85.449219
53.710938 85.449219
51.269531 87.890625
48.828125 87.890625
46.386719 90.332031
43.945313 90.332031
41.503906 92.773438
39.0625 95.214844
36.621094 97.65625
34.179688 97.65625
31.738281 100.097656
29.296875 102.539063
26.855469 104.980469
24.414063 107.421875
21.972656 109.863281
19.53125 112.304688
19.53125 114.746094
17.089844 117.1875
14.648438 119.628906
12.207031 122.070313
4.882813 129.394531
7.324219 126.953125
9.765625 124.511719
