65.917969 107.421875
65.917969 104.980469
65.917969 102.539063
65.917969 100.097656
65.917969 97.65625
65.917969 95.214844
65.917969 92.773438
65.917969 90.332031
65.917969 87.890625
65.917969 85.449219
65.917969 83.007813
65.917969 80.566406
65.917969 78.125
65.917969 75.683594
65.917969 73.242188
65.917969 70.800781
63.476563 68.359375
61.035156 65.917969
58.59375 63.476563
56.152344 61.035156
53.710938 61.035156
51.269531 58.59375
48.828125 56.152344
48.828125 53.710938
46.386719 51.269531
43.945313 48.828125
41.503906 46.386719
39.0625 43.945313
39.0625 41.503906
36.621094 39.0625
34.179688 36.621094
31.738281 34.179688
29.296875 31.738281
29.296875 29.296875
26.855469 26.855469
26.855469 24.414063
24.414063 21.972656
21.972656 19.53125
19.53125 19.53125
2.441406 19.53125
4.882813 19.53125
7.324219 19.53125
9.765625 19.53125
12.207031 19.53125
14.648438 19.53125
17.089844 19.53125
