92.773438 170.898438
92.773438 168.457031
90.332031 166.015625
87.890625 163.574219
87.890625 161.132813
87.890625 158.691406
85.449219 156.25
85.449219 153.808594
85.449219 151.367188
83.007813 148.925781
83.007813 146.484375
80.566406 144.042969
80.566406 141.601563
78.125 139.160156
75.683594 136.71875
75.683594 134.277344
73.242188 131.835938
73.242188 129.394531
70.800781 126.953125
70.800781 124.511719
68.359375 122.070313
68.359375 119.628906
68.359375 117.1875
65.917969 114.746094
65.917969 112.304688
65.917969 109.863281
63.476563 107.421875
63.476563 104.980469
61.035156 102.539063
61.035156 100.097656
58.59375 97.65625
56.152344 95.214844
56.152344 92.773438
53.710938 90.332031
51.269531 87.890625
51.269531 85.449219
48.828125 83.007813
46.386719 80.566406
46.386719 78.125
46.386719 75.683594
43.945313 73.242188
43.945313 70.800781
41.503906 68.359375
41.503906 65.917969
41.503906 63.476563
39.0625 61.035156
39.0625 58.59375
36.621094 56.152344
36.621094 53.710938
34.179688 51.269531
31.738281 48.828125
31.738281 46.386719
29.296875 43.945313
29.296875 41.503906
26.855469 39.0625
24.414063 36.621094
21.972656 34.179688
21.972656 31.738281
19.53125 29.296875
19.53125 26.855469
17.089844 24.414063
17.089844 21.972656
17.089844 19.53125
17.089844 17.089844
14.648438 14.648438
14.648438 12.207031
