12.207031 126.953125
12.207031 124.511719
12.207031 122.070313
12.207031 119.628906
12.207031 117.1875
12.207031 114.746094
14.648438 112.304688
17.089844 109.863281
19.53125 109.863281
21.972656 107.421875
21.972656 104.980469
24.414063 102.539063
26.855469 100.097656
29.296875 97.65625
31.738281 95.214844
34.179688 92.773438
36.621094 90.332031
39.0625 87.890625
41.503906 87.890625
43.945313 85.449219
46.386719 83.007813
48.828125 83.007813
51.269531 80.566406
53.710938 80.566406
56.152344 78.125
58.59375 75.683594
61.035156 75.683594
63.476563 73.242188
65.917969 70.800781
68.359375 70.800781
70.800781 68.359375
73.242188 68.359375
75.683594 65.917969
78.125 63.476563
80.566406 63.476563
83.007813 61.035156
85.449219 58.59375
87.890625 56.152344
90.332031 56.152344
92.773438 53.710938
95.214844 51.269531
97.65625 51.269531
100.097656 48.828125
102.539063 46.386719
104.980469 43.945313
107.421875 41.503906
109.863281 39.0625
112.304688 39.0625
114.746094 36.621094
117.1875 34.179688
119.628906 31.738281
122.070313 29.296875
124.511719 26.855469
126.953125 24.414063
129.394531 24.414063
131.835938 24.414063
134.277344 24.414063
136.71875 21.972656
139.160156 21.972656
141.601563 24.414063
144.042969 21.972656
153.808594 12.207031
151.367188 14.648438
148.925781 17.089844
146.484375 19.53125
