29.296875 80.566406
29.296875 78.125
29.296875 75.683594
29.296875 73.242188
29.296875 70.800781
29.296875 68.359375
29.296875 65.917969
29.296875 63.476563
29.296875 61.035156
29.296875 58.59375
29.296875 56.152344
29.296875 53.710938
29.296875 51.269531
31.738281 48.828125
31.738281 46.386719
31.738281 43.945313
31.738281 41.503906
31.738281 39.0625
31.738281 36.621094
34.179688 34.179688
34.179688 31.738281
36.621094 29.296875
36.621094 26.855469
36.621094 2.441406
36.621094 4.882813
36.621094 7.324219
36.621094 9.765625
36.621094 12.207031
36.621094 14.648438
36.621094 17.089844
36.621094 19.53125
36.621094 21.972656
36.621094 24.414063
