14.648438 114.746094
14.648438 112.304688
14.648438 109.863281
14.648438 107.421875
14.648438 104.980469
14.648438 102.539063
14.648438 100.097656
14.648438 97.65625
14.648438 95.214844
17.089844 92.773438
17.089844 90.332031
17.089844 87.890625
19.53125 85.449219
19.53125 83.007813
19.53125 80.566406
21.972656 78.125
21.972656 75.683594
24.414063 73.242188
24.414063 70.800781
26.855469 68.359375
26.855469 65.917969
26.855469 63.476563
29.296875 61.035156
29.296875 58.59375
31.738281 56.152344
31.738281 53.710938
34.179688 51.269531
34.179688 48.828125
34.179688 46.386719
34.179688 43.945313
36.621094 41.503906
36.621094 39.0625
36.621094 36.621094
36.621094 34.179688
39.0625 31.738281
39.0625 29.296875
39.0625 26.855469
39.0625 24.414063
39.0625 21.972656
39.0625 19.53125
39.0625 17.089844
39.0625 2.441406
39.0625 4.882813
39.0625 7.324219
39.0625 9.765625
39.0625 12.207031
39.0625 14.648438
