80.566406 75.683594
78.125 75.683594
75.683594 75.683594
73.242188 75.683594
70.800781 75.683594
68.359375 75.683594
65.917969 75.683594
63.476563 75.683594
61.035156 73.242188
58.59375 70.800781
56.152344 68.359375
53.710938 65.917969
51.269531 63.476563
48.828125 63.476563
46.386719 61.035156
43.945313 58.59375
41.503906 56.152344
39.0625 53.710938
36.621094 51.269531
34.179688 48.828125
34.179688 46.386719
31.738281 43.945313
29.296875 41.503906
29.296875 39.0625
26.855469 36.621094
24.414063 34.179688
21.972656 31.738281
21.972656 29.296875
21.972656 26.855469
19.53125 24.414063
19.53125 21.972656
19.53125 19.53125
19.53125 17.089844
19.53125 2.441406
19.53125 4.882813
19.53125 7.324219
19.53125 9.765625
19.53125 12.207031
19.53125 14.648438
