73.242188 268.554688
73.242188 266.113281
73.242188 263.671875
75.683594 261.230469
73.242188 258.789063
73.242188 256.347656
73.242188 253.90625
73.242188 251.464844
73.242188 249.023438
73.242188 246.582031
73.242188 244.140625
73.242188 241.699219
73.242188 239.257813
73.242188 236.816406
70.800781 234.375
70.800781 231.933594
70.800781 229.492188
70.800781 227.050781
73.242188 224.609375
73.242188 222.167969
73.242188 219.726563
73.242188 217.285156
73.242188 214.84375
73.242188 212.402344
73.242188 209.960938
73.242188 207.519531
73.242188 205.078125
73.242188 202.636719
73.242188 200.195313
70.800781 197.753906
70.800781 195.3125
70.800781 192.871094
68.359375 190.429688
68.359375 187.988281
68.359375 185.546875
68.359375 183.105469
68.359375 180.664063
65.917969 178.222656
65.917969 175.78125
65.917969 173.339844
63.476563 170.898438
63.476563 168.457031
61.035156 166.015625
61.035156 163.574219
61.035156 161.132813
58.59375 158.691406
58.59375 156.25
58.59375 153.808594
58.59375 151.367188
56.152344 148.925781
56.152344 146.484375
56.152344 144.042969
53.710938 141.601563
53.710938 139.160156
51.269531 136.71875
51.269531 134.277344
51.269531 131.835938
48.828125 129.394531
48.828125 126.953125
48.828125 124.511719
48.828125 122.070313
46.386719 119.628906
46.386719 117.1875
46.386719 114.746094
43.945313 112.304688
43.945313 109.863281
43.945313 107.421875
41.503906 104.980469
41.503906 102.539063
39.0625 100.097656
39.0625 97.65625
36.621094 95.214844
36.621094 92.773438
36.621094 90.332031
34.179688 87.890625
34.179688 85.449219
31.738281 83.007813
31.738281 80.566406
31.738281 78.125
29.296875 75.683594
29.296875 73.242188
26.855469 70.800781
24.414063 68.359375
24.414063 65.917969
24.414063 63.476563
24.414063 61.035156
21.972656 58.59375
21.972656 56.152344
21.972656 53.710938
21.972656 51.269531
21.972656 48.828125
21.972656 46.386719
21.972656 43.945313
19.53125 41.503906
19.53125 39.0625
19.53125 36.621094
19.53125 34.179688
19.53125 31.738281
19.53125 29.296875
17.089844 26.855469
17.089844 24.414063
17.089844 21.972656
17.089844 19.53125
17.089844 17.089844
17.089844 14.648438
17.089844 12.207031
