14.648438 249.023438
14.648438 246.582031
14.648438 244.140625
14.648438 241.699219
14.648438 239.257813
14.648438 236.816406
14.648438 234.375
14.648438 231.933594
17.089844 229.492188
17.089844 227.050781
17.089844 224.609375
19.53125 222.167969
21.972656 219.726563
24.414063 217.285156
24.414063 214.84375
26.855469 212.402344
29.296875 209.960938
31.738281 207.519531
34.179688 205.078125
34.179688 202.636719
34.179688 200.195313
36.621094 197.753906
36.621094 195.3125
39.0625 192.871094
39.0625 190.429688
41.503906 187.988281
43.945313 185.546875
46.386719 183.105469
48.828125 180.664063
48.828125 178.222656
51.269531 175.78125
53.710938 173.339844
53.710938 170.898438
56.152344 168.457031
56.152344 166.015625
58.59375 163.574219
58.59375 161.132813
61.035156 158.691406
63.476563 156.25
65.917969 153.808594
65.917969 151.367188
68.359375 148.925781
68.359375 146.484375
70.800781 144.042969
70.800781 141.601563
73.242188 139.160156
75.683594 136.71875
75.683594 134.277344
78.125 131.835938
80.566406 129.394531
83.007813 126.953125
85.449219 124.511719
85.449219 122.070313
87.890625 119.628906
90.332031 117.1875
90.332031 114.746094
92.773438 112.304688
92.773438 109.863281
95.214844 107.421875
95.214844 104.980469
97.65625 102.539063
97.65625 100.097656
97.65625 97.65625
100.097656 95.214844
100.097656 92.773438
100.097656 90.332031
102.539063 87.890625
102.539063 85.449219
102.539063 83.007813
104.980469 80.566406
104.980469 78.125
107.421875 75.683594
109.863281 73.242188
109.863281 70.800781
109.863281 68.359375
112.304688 65.917969
112.304688 63.476563
112.304688 61.035156
114.746094 58.59375
114.746094 56.152344
114.746094 53.710938
117.1875 51.269531
117.1875 48.828125
119.628906 46.386719
119.628906 43.945313
119.628906 41.503906
119.628906 39.0625
122.070313 36.621094
122.070313 34.179688
124.511719 31.738281
126.953125 29.296875
126.953125 26.855469
129.394531 24.414063
131.835938 21.972656
131.835938 19.53125
131.835938 17.089844
131.835938 14.648438
131.835938 12.207031
131.835938 2.441406
131.835938 4.882813
131.835938 7.324219
131.835938 9.765625
