163.574219 41.503906
161.132813 41.503906
158.691406 41.503906
156.25 41.503906
153.808594 41.503906
151.367188 41.503906
148.925781 41.503906
146.484375 41.503906
144.042969 39.0625
141.601563 39.0625
139.160156 39.0625
136.71875 39.0625
134.277344 39.0625
131.835938 39.0625
129.394531 39.0625
126.953125 39.0625
124.511719 39.0625
122.070313 39.0625
119.628906 39.0625
117.1875 39.0625
114.746094 39.0625
112.304688 39.0625
109.863281 36.621094
107.421875 36.621094
104.980469 36.621094
102.539063 34.179688
100.097656 34.179688
97.65625 34.179688
95.214844 34.179688
92.773438 34.179688
90.332031 31.738281
87.890625 31.738281
85.449219 31.738281
83.007813 29.296875
80.566406 29.296875
78.125 29.296875
75.683594 26.855469
73.242188 26.855469
70.800781 26.855469
68.359375 26.855469
65.917969 26.855469
63.476563 29.296875
61.035156 29.296875
58.59375 29.296875
56.152344 29.296875
53.710938 29.296875
51.269531 29.296875
48.828125 31.738281
46.386719 31.738281
43.945313 31.738281
41.503906 34.179688
39.0625 34.179688
36.621094 31.738281
34.179688 31.738281
31.738281 31.738281
29.296875 31.738281
26.855469 31.738281
24.414063 29.296875
9.765625 14.648438
12.207031 17.089844
14.648438 19.53125
17.089844 21.972656
19.53125 24.414063
21.972656 26.855469
