12.207031 63.476563
12.207031 61.035156
12.207031 58.59375
12.207031 56.152344
12.207031 53.710938
12.207031 51.269531
14.648438 48.828125
17.089844 46.386719
19.53125 46.386719
21.972656 43.945313
24.414063 41.503906
26.855469 39.0625
29.296875 39.0625
31.738281 39.0625
34.179688 36.621094
36.621094 34.179688
39.0625 34.179688
41.503906 34.179688
43.945313 31.738281
46.386719 31.738281
48.828125 31.738281
51.269531 31.738281
53.710938 29.296875
56.152344 29.296875
58.59375 26.855469
61.035156 26.855469
63.476563 26.855469
65.917969 24.414063
68.359375 24.414063
70.800781 21.972656
73.242188 21.972656
75.683594 21.972656
78.125 19.53125
80.566406 19.53125
83.007813 19.53125
85.449219 19.53125
87.890625 19.53125
90.332031 19.53125
92.773438 19.53125
95.214844 19.53125
97.65625 19.53125
100.097656 19.53125
102.539063 17.089844
104.980469 17.089844
107.421875 17.089844
119.628906 17.089844
117.1875 17.089844
114.746094 17.089844
112.304688 17.089844
109.863281 17.089844
