4.882813 63.476563
7.324219 61.035156
9.765625 58.59375
12.207031 56.152344
14.648438 53.710938
17.089844 51.269531
19.53125 48.828125
21.972656 46.386719
24.414063 43.945313
24.414063 41.503906
24.414063 39.0625
26.855469 36.621094
26.855469 34.179688
26.855469 31.738281
29.296875 29.296875
29.296875 26.855469
31.738281 24.414063
34.179688 21.972656
34.179688 19.53125
36.621094 17.089844
36.621094 14.648438
36.621094 2.441406
36.621094 4.882813
36.621094 7.324219
36.621094 9.765625
36.621094 12.207031
