109.863281 126.953125
107.421875 126.953125
104.980469 126.953125
102.539063 126.953125
100.097656 126.953125
97.65625 126.953125
95.214844 126.953125
92.773438 126.953125
90.332031 126.953125
87.890625 126.953125
85.449219 126.953125
83.007813 126.953125
80.566406 126.953125
78.125 126.953125
75.683594 126.953125
73.242188 126.953125
70.800781 124.511719
68.359375 124.511719
65.917969 124.511719
63.476563 122.070313
61.035156 122.070313
58.59375 119.628906
56.152344 119.628906
53.710938 117.1875
51.269531 117.1875
48.828125 114.746094
46.386719 114.746094
43.945313 112.304688
41.503906 109.863281
39.0625 109.863281
36.621094 107.421875
34.179688 104.980469
31.738281 102.539063
31.738281 100.097656
29.296875 97.65625
31.738281 95.214844
31.738281 92.773438
31.738281 90.332031
31.738281 87.890625
34.179688 85.449219
34.179688 83.007813
34.179688 80.566406
34.179688 78.125
36.621094 75.683594
39.0625 73.242188
39.0625 70.800781
41.503906 68.359375
43.945313 65.917969
46.386719 63.476563
48.828125 61.035156
48.828125 58.59375
51.269531 56.152344
53.710938 53.710938
56.152344 51.269531
56.152344 48.828125
58.59375 46.386719
61.035156 43.945313
63.476563 41.503906
65.917969 39.0625
68.359375 36.621094
70.800781 34.179688
73.242188 31.738281
75.683594 29.296875
78.125 26.855469
80.566406 24.414063
83.007813 21.972656
83.007813 19.53125
83.007813 2.441406
83.007813 4.882813
83.007813 7.324219
83.007813 9.765625
83.007813 12.207031
83.007813 14.648438
83.007813 17.089844
