112.304688 53.710938
112.304688 51.269531
112.304688 48.828125
112.304688 46.386719
112.304688 43.945313
112.304688 41.503906
112.304688 39.0625
112.304688 36.621094
112.304688 34.179688
109.863281 31.738281
107.421875 31.738281
104.980469 34.179688
102.539063 34.179688
100.097656 34.179688
97.65625 34.179688
95.214844 31.738281
92.773438 31.738281
90.332031 31.738281
87.890625 31.738281
85.449219 31.738281
83.007813 31.738281
80.566406 31.738281
78.125 29.296875
75.683594 29.296875
73.242188 29.296875
70.800781 29.296875
68.359375 26.855469
65.917969 26.855469
63.476563 26.855469
61.035156 24.414063
58.59375 24.414063
56.152344 24.414063
53.710938 24.414063
51.269531 24.414063
48.828125 24.414063
46.386719 21.972656
43.945313 21.972656
41.503906 21.972656
39.0625 21.972656
36.621094 21.972656
34.179688 21.972656
31.738281 21.972656
29.296875 19.53125
26.855469 19.53125
24.414063 19.53125
21.972656 17.089844
19.53125 14.648438
17.089844 14.648438
14.648438 12.207031
12.207031 9.765625
7.324219 4.882813
9.765625 7.324219
