26.855469 114.746094
26.855469 112.304688
26.855469 109.863281
26.855469 107.421875
26.855469 104.980469
26.855469 102.539063
26.855469 100.097656
26.855469 97.65625
24.414063 95.214844
24.414063 92.773438
24.414063 90.332031
24.414063 87.890625
24.414063 85.449219
21.972656 83.007813
21.972656 80.566406
21.972656 78.125
21.972656 75.683594
21.972656 73.242188
21.972656 70.800781
21.972656 68.359375
21.972656 65.917969
21.972656 63.476563
21.972656 61.035156
21.972656 58.59375
21.972656 56.152344
21.972656 53.710938
21.972656 51.269531
24.414063 48.828125
24.414063 46.386719
24.414063 43.945313
21.972656 41.503906
21.972656 39.0625
21.972656 36.621094
21.972656 34.179688
19.53125 31.738281
19.53125 29.296875
19.53125 26.855469
17.089844 24.414063
17.089844 21.972656
17.089844 19.53125
17.089844 17.089844
14.648438 14.648438
14.648438 12.207031
14.648438 2.441406
14.648438 4.882813
14.648438 7.324219
14.648438 9.765625
