61.035156 156.25
61.035156 153.808594
61.035156 151.367188
61.035156 148.925781
61.035156 146.484375
61.035156 144.042969
61.035156 141.601563
58.59375 139.160156
58.59375 136.71875
58.59375 134.277344
58.59375 131.835938
58.59375 129.394531
58.59375 126.953125
58.59375 124.511719
58.59375 122.070313
58.59375 119.628906
58.59375 117.1875
58.59375 114.746094
58.59375 112.304688
58.59375 109.863281
58.59375 107.421875
56.152344 104.980469
56.152344 102.539063
56.152344 100.097656
56.152344 97.65625
56.152344 95.214844
53.710938 92.773438
53.710938 90.332031
53.710938 87.890625
53.710938 85.449219
53.710938 83.007813
51.269531 80.566406
51.269531 78.125
48.828125 75.683594
48.828125 73.242188
46.386719 70.800781
46.386719 68.359375
46.386719 65.917969
43.945313 63.476563
43.945313 61.035156
43.945313 58.59375
41.503906 56.152344
39.0625 53.710938
36.621094 51.269531
36.621094 48.828125
36.621094 46.386719
34.179688 43.945313
34.179688 41.503906
31.738281 39.0625
31.738281 36.621094
29.296875 34.179688
29.296875 31.738281
26.855469 29.296875
24.414063 26.855469
21.972656 24.414063
21.972656 21.972656
21.972656 2.441406
21.972656 4.882813
21.972656 7.324219
21.972656 9.765625
21.972656 12.207031
21.972656 14.648438
21.972656 17.089844
21.972656 19.53125
