14.648438 153.808594
14.648438 151.367188
14.648438 148.925781
14.648438 146.484375
17.089844 144.042969
17.089844 141.601563
19.53125 139.160156
19.53125 136.71875
19.53125 134.277344
19.53125 131.835938
21.972656 129.394531
21.972656 126.953125
21.972656 124.511719
24.414063 122.070313
24.414063 119.628906
24.414063 117.1875
24.414063 114.746094
24.414063 112.304688
24.414063 109.863281
24.414063 107.421875
24.414063 104.980469
24.414063 102.539063
24.414063 100.097656
24.414063 97.65625
26.855469 95.214844
26.855469 92.773438
29.296875 90.332031
29.296875 87.890625
31.738281 85.449219
31.738281 83.007813
34.179688 80.566406
34.179688 78.125
34.179688 75.683594
36.621094 73.242188
36.621094 70.800781
36.621094 68.359375
39.0625 65.917969
39.0625 63.476563
39.0625 61.035156
41.503906 58.59375
41.503906 56.152344
43.945313 53.710938
43.945313 51.269531
43.945313 48.828125
46.386719 46.386719
46.386719 43.945313
48.828125 41.503906
48.828125 39.0625
51.269531 36.621094
51.269531 34.179688
53.710938 31.738281
53.710938 29.296875
56.152344 26.855469
56.152344 24.414063
58.59375 21.972656
58.59375 19.53125
61.035156 17.089844
61.035156 14.648438
61.035156 12.207031
