166.015625 107.421875
166.015625 109.863281
166.015625 112.304688
166.015625 114.746094
166.015625 117.1875
166.015625 119.628906
166.015625 122.070313
166.015625 124.511719
166.015625 126.953125
163.574219 129.394531
161.132813 131.835938
158.691406 131.835938
156.25 131.835938
153.808594 131.835938
151.367188 131.835938
148.925781 131.835938
146.484375 131.835938
144.042969 129.394531
141.601563 126.953125
139.160156 126.953125
136.71875 124.511719
134.277344 124.511719
131.835938 124.511719
129.394531 124.511719
126.953125 122.070313
124.511719 122.070313
122.070313 119.628906
119.628906 117.1875
117.1875 117.1875
114.746094 114.746094
112.304688 112.304688
109.863281 109.863281
107.421875 107.421875
104.980469 107.421875
102.539063 104.980469
100.097656 102.539063
97.65625 100.097656
95.214844 97.65625
92.773438 95.214844
90.332031 92.773438
87.890625 90.332031
85.449219 87.890625
83.007813 85.449219
80.566406 83.007813
78.125 80.566406
75.683594 78.125
75.683594 75.683594
73.242188 73.242188
70.800781 70.800781
70.800781 68.359375
68.359375 65.917969
65.917969 63.476563
63.476563 61.035156
61.035156 58.59375
58.59375 56.152344
56.152344 53.710938
53.710938 51.269531
51.269531 48.828125
48.828125 46.386719
46.386719 43.945313
43.945313 41.503906
41.503906 39.0625
39.0625 39.0625
36.621094 36.621094
34.179688 34.179688
31.738281 31.738281
29.296875 29.296875
26.855469 29.296875
24.414063 26.855469
21.972656 24.414063
21.972656 21.972656
19.53125 19.53125
19.53125 17.089844
19.53125 2.441406
19.53125 4.882813
19.53125 7.324219
19.53125 9.765625
19.53125 12.207031
19.53125 14.648438
