141.601563 58.59375
139.160156 58.59375
136.71875 56.152344
134.277344 56.152344
131.835938 56.152344
129.394531 53.710938
126.953125 53.710938
124.511719 53.710938
122.070313 53.710938
119.628906 53.710938
117.1875 53.710938
114.746094 53.710938
112.304688 53.710938
109.863281 53.710938
107.421875 53.710938
104.980469 51.269531
102.539063 51.269531
100.097656 48.828125
97.65625 48.828125
95.214844 48.828125
92.773438 48.828125
90.332031 46.386719
87.890625 46.386719
85.449219 43.945313
83.007813 43.945313
80.566406 41.503906
78.125 41.503906
75.683594 39.0625
73.242188 39.0625
70.800781 39.0625
68.359375 36.621094
65.917969 36.621094
63.476563 34.179688
61.035156 34.179688
58.59375 34.179688
56.152344 31.738281
53.710938 31.738281
51.269531 31.738281
48.828125 29.296875
46.386719 29.296875
43.945313 26.855469
41.503906 26.855469
39.0625 26.855469
36.621094 24.414063
34.179688 24.414063
31.738281 24.414063
29.296875 21.972656
26.855469 21.972656
24.414063 19.53125
21.972656 19.53125
19.53125 17.089844
