4.882813 202.636719
7.324219 200.195313
9.765625 197.753906
12.207031 195.3125
14.648438 192.871094
17.089844 190.429688
19.53125 187.988281
21.972656 187.988281
24.414063 185.546875
26.855469 183.105469
29.296875 183.105469
31.738281 180.664063
34.179688 178.222656
36.621094 175.78125
39.0625 175.78125
41.503906 173.339844
43.945313 170.898438
46.386719 170.898438
48.828125 168.457031
51.269531 166.015625
53.710938 166.015625
56.152344 163.574219
58.59375 163.574219
61.035156 161.132813
63.476563 158.691406
63.476563 156.25
63.476563 153.808594
63.476563 151.367188
63.476563 148.925781
63.476563 146.484375
63.476563 144.042969
63.476563 141.601563
63.476563 139.160156
63.476563 136.71875
63.476563 134.277344
65.917969 131.835938
65.917969 129.394531
65.917969 126.953125
65.917969 124.511719
68.359375 122.070313
68.359375 119.628906
70.800781 117.1875
73.242188 114.746094
73.242188 112.304688
75.683594 109.863281
78.125 107.421875
80.566406 104.980469
83.007813 102.539063
83.007813 100.097656
85.449219 97.65625
85.449219 95.214844
87.890625 92.773438
87.890625 90.332031
87.890625 87.890625
87.890625 85.449219
90.332031 83.007813
90.332031 80.566406
90.332031 78.125
92.773438 75.683594
92.773438 73.242188
95.214844 70.800781
95.214844 68.359375
95.214844 65.917969
97.65625 63.476563
97.65625 61.035156
100.097656 58.59375
100.097656 56.152344
102.539063 53.710938
102.539063 51.269531
102.539063 48.828125
102.539063 46.386719
102.539063 43.945313
102.539063 41.503906
104.980469 39.0625
104.980469 36.621094
104.980469 34.179688
107.421875 31.738281
109.863281 29.296875
109.863281 26.855469
112.304688 24.414063
112.304688 21.972656
112.304688 19.53125
112.304688 17.089844
112.304688 14.648438
112.304688 12.207031
109.863281 9.765625
109.863281 7.324219
109.863281 2.441406
109.863281 4.882813
