24.414063 148.925781
26.855469 146.484375
29.296875 144.042969
31.738281 144.042969
34.179688 141.601563
36.621094 141.601563
39.0625 139.160156
41.503906 136.71875
43.945313 134.277344
46.386719 131.835938
46.386719 129.394531
48.828125 126.953125
48.828125 124.511719
48.828125 122.070313
48.828125 119.628906
48.828125 117.1875
48.828125 114.746094
48.828125 112.304688
51.269531 109.863281
53.710938 107.421875
56.152344 104.980469
58.59375 104.980469
61.035156 104.980469
63.476563 104.980469
65.917969 102.539063
68.359375 100.097656
70.800781 100.097656
73.242188 97.65625
75.683594 97.65625
78.125 95.214844
80.566406 92.773438
83.007813 92.773438
85.449219 90.332031
87.890625 87.890625
90.332031 85.449219
92.773438 83.007813
95.214844 80.566406
97.65625 80.566406
100.097656 78.125
102.539063 78.125
104.980469 78.125
107.421875 75.683594
109.863281 73.242188
112.304688 70.800781
114.746094 68.359375
117.1875 65.917969
117.1875 63.476563
119.628906 61.035156
122.070313 58.59375
124.511719 56.152344
126.953125 53.710938
129.394531 51.269531
131.835938 48.828125
131.835938 46.386719
134.277344 43.945313
136.71875 41.503906
136.71875 39.0625
139.160156 36.621094
139.160156 34.179688
141.601563 31.738281
144.042969 29.296875
144.042969 26.855469
146.484375 24.414063
146.484375 21.972656
146.484375 19.53125
146.484375 17.089844
