124.511719 26.855469
122.070313 26.855469
119.628906 26.855469
117.1875 26.855469
114.746094 26.855469
112.304688 26.855469
109.863281 26.855469
107.421875 26.855469
104.980469 26.855469
102.539063 26.855469
100.097656 26.855469
97.65625 24.414063
95.214844 24.414063
92.773438 24.414063
90.332031 24.414063
87.890625 21.972656
85.449219 19.53125
83.007813 19.53125
80.566406 17.089844
78.125 17.089844
75.683594 17.089844
73.242188 17.089844
70.800781 14.648438
68.359375 14.648438
65.917969 14.648438
63.476563 14.648438
61.035156 14.648438
58.59375 14.648438
56.152344 14.648438
53.710938 12.207031
51.269531 12.207031
48.828125 12.207031
46.386719 12.207031
43.945313 12.207031
41.503906 12.207031
39.0625 9.765625
36.621094 9.765625
34.179688 9.765625
31.738281 9.765625
29.296875 9.765625
26.855469 9.765625
24.414063 9.765625
21.972656 7.324219
19.53125 7.324219
17.089844 7.324219
14.648438 7.324219
12.207031 7.324219
9.765625 7.324219
7.324219 4.882813
