29.296875 95.214844
29.296875 92.773438
29.296875 90.332031
29.296875 87.890625
29.296875 85.449219
29.296875 83.007813
29.296875 80.566406
29.296875 78.125
26.855469 75.683594
26.855469 73.242188
26.855469 70.800781
24.414063 68.359375
24.414063 65.917969
21.972656 63.476563
21.972656 61.035156
21.972656 58.59375
21.972656 56.152344
21.972656 53.710938
21.972656 51.269531
21.972656 48.828125
21.972656 46.386719
21.972656 43.945313
21.972656 41.503906
21.972656 39.0625
21.972656 36.621094
21.972656 34.179688
19.53125 31.738281
19.53125 29.296875
19.53125 26.855469
19.53125 24.414063
19.53125 21.972656
19.53125 19.53125
17.089844 17.089844
4.882813 4.882813
7.324219 7.324219
9.765625 9.765625
12.207031 12.207031
14.648438 14.648438
