136.71875 107.421875
134.277344 104.980469
131.835938 102.539063
129.394531 100.097656
126.953125 97.65625
124.511719 95.214844
122.070313 95.214844
119.628906 95.214844
117.1875 92.773438
114.746094 92.773438
112.304688 90.332031
109.863281 90.332031
107.421875 87.890625
104.980469 87.890625
102.539063 87.890625
100.097656 87.890625
97.65625 87.890625
95.214844 87.890625
92.773438 87.890625
90.332031 87.890625
87.890625 85.449219
85.449219 85.449219
83.007813 83.007813
80.566406 83.007813
78.125 83.007813
75.683594 80.566406
73.242188 80.566406
70.800781 80.566406
68.359375 78.125
65.917969 78.125
63.476563 75.683594
61.035156 75.683594
58.59375 73.242188
56.152344 73.242188
53.710938 70.800781
51.269531 68.359375
48.828125 65.917969
46.386719 63.476563
43.945313 61.035156
41.503906 61.035156
39.0625 61.035156
36.621094 63.476563
36.621094 65.917969
34.179688 68.359375
34.179688 70.800781
31.738281 73.242188
29.296875 75.683594
29.296875 78.125
26.855469 80.566406
26.855469 83.007813
24.414063 85.449219
24.414063 87.890625
24.414063 90.332031
24.414063 92.773438
21.972656 95.214844
21.972656 97.65625
21.972656 100.097656
19.53125 102.539063
19.53125 104.980469
19.53125 107.421875
19.53125 109.863281
17.089844 112.304688
17.089844 114.746094
17.089844 117.1875
17.089844 119.628906
19.53125 122.070313
19.53125 124.511719
19.53125 126.953125
19.53125 129.394531
17.089844 131.835938
17.089844 134.277344
19.53125 136.71875
19.53125 139.160156
19.53125 141.601563
19.53125 156.25
19.53125 153.808594
19.53125 151.367188
19.53125 148.925781
19.53125 146.484375
19.53125 144.042969
