95.214844 75.683594
92.773438 75.683594
90.332031 75.683594
87.890625 75.683594
85.449219 75.683594
83.007813 75.683594
80.566406 75.683594
78.125 73.242188
75.683594 70.800781
73.242188 70.800781
70.800781 68.359375
68.359375 65.917969
65.917969 65.917969
63.476563 63.476563
61.035156 63.476563
58.59375 61.035156
56.152344 58.59375
53.710938 56.152344
51.269531 53.710938
48.828125 51.269531
46.386719 48.828125
43.945313 46.386719
41.503906 43.945313
39.0625 41.503906
36.621094 39.0625
34.179688 36.621094
31.738281 34.179688
29.296875 31.738281
26.855469 29.296875
24.414063 26.855469
21.972656 24.414063
19.53125 21.972656
19.53125 19.53125
17.089844 17.089844
17.089844 14.648438
17.089844 12.207031
17.089844 2.441406
17.089844 4.882813
17.089844 7.324219
17.089844 9.765625
