12.207031 148.925781
12.207031 146.484375
12.207031 144.042969
12.207031 141.601563
12.207031 139.160156
12.207031 136.71875
14.648438 134.277344
17.089844 131.835938
17.089844 129.394531
19.53125 126.953125
19.53125 124.511719
19.53125 122.070313
21.972656 119.628906
24.414063 117.1875
24.414063 114.746094
26.855469 112.304688
29.296875 109.863281
31.738281 107.421875
34.179688 104.980469
36.621094 102.539063
39.0625 100.097656
41.503906 97.65625
43.945313 95.214844
46.386719 92.773438
46.386719 90.332031
48.828125 87.890625
48.828125 85.449219
51.269531 83.007813
53.710938 80.566406
53.710938 78.125
56.152344 75.683594
58.59375 73.242188
58.59375 70.800781
61.035156 68.359375
61.035156 65.917969
63.476563 63.476563
65.917969 61.035156
65.917969 58.59375
65.917969 56.152344
68.359375 53.710938
68.359375 51.269531
70.800781 48.828125
73.242188 46.386719
73.242188 43.945313
75.683594 41.503906
78.125 39.0625
80.566406 36.621094
83.007813 34.179688
83.007813 31.738281
85.449219 29.296875
87.890625 26.855469
87.890625 24.414063
90.332031 21.972656
92.773438 19.53125
95.214844 17.089844
107.421875 4.882813
104.980469 7.324219
102.539063 9.765625
100.097656 12.207031
97.65625 14.648438
