19.53125 80.566406
19.53125 78.125
21.972656 75.683594
21.972656 73.242188
21.972656 70.800781
24.414063 68.359375
24.414063 65.917969
24.414063 63.476563
24.414063 61.035156
24.414063 58.59375
24.414063 56.152344
26.855469 53.710938
26.855469 51.269531
26.855469 48.828125
26.855469 46.386719
26.855469 43.945313
26.855469 41.503906
26.855469 39.0625
26.855469 36.621094
29.296875 34.179688
29.296875 31.738281
29.296875 29.296875
29.296875 26.855469
31.738281 24.414063
31.738281 21.972656
31.738281 19.53125
31.738281 17.089844
31.738281 14.648438
34.179688 12.207031
34.179688 9.765625
