14.648438 114.746094
17.089844 112.304688
19.53125 109.863281
21.972656 107.421875
24.414063 104.980469
26.855469 102.539063
29.296875 100.097656
31.738281 97.65625
34.179688 95.214844
36.621094 92.773438
39.0625 90.332031
41.503906 87.890625
43.945313 85.449219
46.386719 83.007813
48.828125 80.566406
51.269531 78.125
53.710938 75.683594
53.710938 73.242188
56.152344 70.800781
58.59375 68.359375
61.035156 65.917969
63.476563 63.476563
65.917969 61.035156
68.359375 58.59375
70.800781 56.152344
73.242188 53.710938
75.683594 51.269531
78.125 48.828125
80.566406 46.386719
83.007813 43.945313
85.449219 41.503906
87.890625 39.0625
90.332031 36.621094
92.773438 36.621094
95.214844 34.179688
95.214844 31.738281
97.65625 29.296875
100.097656 26.855469
100.097656 24.414063
102.539063 21.972656
104.980469 19.53125
107.421875 17.089844
107.421875 14.648438
