217.285156 124.511719
214.84375 122.070313
212.402344 122.070313
209.960938 119.628906
207.519531 117.1875
205.078125 114.746094
202.636719 114.746094
200.195313 114.746094
197.753906 114.746094
195.3125 112.304688
192.871094 112.304688
190.429688 109.863281
187.988281 109.863281
185.546875 109.863281
183.105469 107.421875
180.664063 107.421875
178.222656 104.980469
175.78125 104.980469
173.339844 104.980469
170.898438 102.539063
168.457031 102.539063
166.015625 100.097656
163.574219 100.097656
161.132813 97.65625
158.691406 97.65625
156.25 95.214844
153.808594 95.214844
151.367188 95.214844
148.925781 92.773438
146.484375 92.773438
144.042969 90.332031
141.601563 90.332031
139.160156 90.332031
136.71875 90.332031
134.277344 90.332031
131.835938 90.332031
129.394531 90.332031
126.953125 87.890625
124.511719 87.890625
122.070313 87.890625
119.628906 87.890625
117.1875 87.890625
114.746094 90.332031
112.304688 90.332031
109.863281 87.890625
107.421875 87.890625
104.980469 85.449219
102.539063 85.449219
100.097656 85.449219
97.65625 85.449219
95.214844 83.007813
92.773438 83.007813
90.332031 83.007813
87.890625 83.007813
85.449219 80.566406
83.007813 80.566406
80.566406 80.566406
78.125 80.566406
75.683594 78.125
73.242188 78.125
70.800781 78.125
68.359375 75.683594
65.917969 73.242188
63.476563 73.242188
61.035156 70.800781
58.59375 70.800781
56.152344 68.359375
53.710938 65.917969
51.269531 63.476563
48.828125 63.476563
46.386719 61.035156
43.945313 61.035156
41.503906 58.59375
41.503906 56.152344
41.503906 53.710938
43.945313 51.269531
43.945313 48.828125
46.386719 46.386719
48.828125 43.945313
51.269531 41.503906
53.710938 39.0625
56.152344 36.621094
58.59375 36.621094
61.035156 34.179688
63.476563 34.179688
65.917969 31.738281
68.359375 29.296875
70.800781 29.296875
73.242188 26.855469
75.683594 26.855469
78.125 26.855469
80.566406 26.855469
83.007813 24.414063
85.449219 24.414063
87.890625 21.972656
90.332031 21.972656
92.773438 21.972656
95.214844 21.972656
97.65625 21.972656
100.097656 21.972656
102.539063 21.972656
104.980469 21.972656
107.421875 21.972656
109.863281 24.414063
112.304688 21.972656
114.746094 21.972656
117.1875 21.972656
119.628906 21.972656
122.070313 21.972656
124.511719 21.972656
126.953125 19.53125
129.394531 19.53125
131.835938 19.53125
134.277344 17.089844
136.71875 17.089844
139.160156 17.089844
141.601563 17.089844
144.042969 17.089844
146.484375 17.089844
148.925781 17.089844
151.367188 19.53125
153.808594 19.53125
156.25 19.53125
158.691406 21.972656
161.132813 21.972656
163.574219 21.972656
166.015625 19.53125
168.457031 21.972656
170.898438 21.972656
173.339844 21.972656
175.78125 21.972656
178.222656 24.414063
180.664063 24.414063
183.105469 24.414063
185.546875 24.414063
