114.746094 129.394531
114.746094 126.953125
114.746094 124.511719
114.746094 122.070313
114.746094 119.628906
114.746094 117.1875
114.746094 114.746094
114.746094 112.304688
114.746094 109.863281
114.746094 107.421875
114.746094 104.980469
114.746094 102.539063
114.746094 100.097656
112.304688 97.65625
112.304688 95.214844
109.863281 92.773438
107.421875 92.773438
104.980469 90.332031
102.539063 90.332031
100.097656 87.890625
97.65625 85.449219
95.214844 85.449219
92.773438 83.007813
90.332031 80.566406
87.890625 80.566406
85.449219 78.125
83.007813 75.683594
80.566406 73.242188
78.125 70.800781
75.683594 70.800781
73.242188 68.359375
70.800781 65.917969
68.359375 65.917969
65.917969 63.476563
63.476563 63.476563
61.035156 61.035156
58.59375 58.59375
56.152344 56.152344
53.710938 53.710938
51.269531 51.269531
48.828125 48.828125
46.386719 46.386719
43.945313 46.386719
41.503906 43.945313
39.0625 43.945313
36.621094 41.503906
34.179688 41.503906
31.738281 39.0625
29.296875 36.621094
26.855469 34.179688
24.414063 31.738281
24.414063 29.296875
21.972656 26.855469
19.53125 24.414063
19.53125 21.972656
17.089844 19.53125
17.089844 17.089844
14.648438 14.648438
7.324219 7.324219
9.765625 9.765625
12.207031 12.207031
