9.765625 183.105469
12.207031 180.664063
14.648438 178.222656
14.648438 175.78125
17.089844 173.339844
17.089844 170.898438
17.089844 168.457031
17.089844 166.015625
19.53125 163.574219
19.53125 161.132813
19.53125 158.691406
21.972656 156.25
21.972656 153.808594
21.972656 151.367188
21.972656 148.925781
21.972656 146.484375
21.972656 144.042969
21.972656 141.601563
24.414063 139.160156
24.414063 136.71875
24.414063 134.277344
24.414063 131.835938
24.414063 129.394531
24.414063 126.953125
26.855469 124.511719
26.855469 122.070313
29.296875 119.628906
29.296875 117.1875
31.738281 114.746094
34.179688 112.304688
34.179688 109.863281
36.621094 107.421875
36.621094 104.980469
39.0625 102.539063
41.503906 100.097656
41.503906 97.65625
41.503906 95.214844
43.945313 92.773438
43.945313 90.332031
46.386719 87.890625
46.386719 85.449219
48.828125 83.007813
51.269531 80.566406
53.710938 78.125
53.710938 75.683594
56.152344 73.242188
56.152344 70.800781
58.59375 68.359375
61.035156 65.917969
61.035156 63.476563
63.476563 61.035156
63.476563 58.59375
63.476563 56.152344
65.917969 53.710938
65.917969 51.269531
65.917969 48.828125
68.359375 46.386719
70.800781 43.945313
70.800781 41.503906
73.242188 39.0625
73.242188 36.621094
75.683594 34.179688
78.125 31.738281
80.566406 29.296875
80.566406 26.855469
80.566406 24.414063
83.007813 21.972656
83.007813 19.53125
