205.078125 175.78125
202.636719 175.78125
200.195313 173.339844
197.753906 170.898438
195.3125 168.457031
192.871094 166.015625
190.429688 163.574219
190.429688 161.132813
187.988281 158.691406
185.546875 156.25
183.105469 156.25
180.664063 153.808594
178.222656 151.367188
175.78125 151.367188
173.339844 148.925781
170.898438 148.925781
168.457031 146.484375
166.015625 146.484375
163.574219 144.042969
161.132813 144.042969
158.691406 144.042969
156.25 141.601563
153.808594 141.601563
151.367188 141.601563
148.925781 139.160156
146.484375 136.71875
144.042969 134.277344
141.601563 134.277344
139.160156 131.835938
136.71875 129.394531
134.277344 129.394531
131.835938 126.953125
129.394531 124.511719
126.953125 124.511719
124.511719 124.511719
122.070313 122.070313
119.628906 122.070313
117.1875 119.628906
114.746094 119.628906
112.304688 117.1875
109.863281 114.746094
107.421875 114.746094
104.980469 112.304688
102.539063 109.863281
100.097656 107.421875
97.65625 104.980469
95.214844 102.539063
92.773438 102.539063
90.332031 100.097656
87.890625 97.65625
85.449219 95.214844
85.449219 92.773438
83.007813 90.332031
80.566406 87.890625
78.125 85.449219
75.683594 83.007813
73.242188 80.566406
70.800781 78.125
68.359375 75.683594
65.917969 73.242188
63.476563 70.800781
63.476563 68.359375
61.035156 65.917969
58.59375 63.476563
58.59375 61.035156
56.152344 58.59375
53.710938 56.152344
53.710938 53.710938
51.269531 51.269531
48.828125 48.828125
46.386719 46.386719
46.386719 43.945313
43.945313 41.503906
41.503906 39.0625
39.0625 36.621094
36.621094 34.179688
36.621094 31.738281
34.179688 29.296875
31.738281 26.855469
29.296875 24.414063
26.855469 24.414063
24.414063 21.972656
21.972656 19.53125
19.53125 17.089844
17.089844 14.648438
14.648438 12.207031
12.207031 12.207031
