136.71875 102.539063
134.277344 104.980469
131.835938 107.421875
129.394531 107.421875
126.953125 104.980469
124.511719 104.980469
122.070313 102.539063
119.628906 102.539063
117.1875 100.097656
114.746094 100.097656
112.304688 97.65625
109.863281 95.214844
107.421875 92.773438
104.980469 90.332031
102.539063 90.332031
100.097656 87.890625
97.65625 85.449219
95.214844 85.449219
92.773438 83.007813
90.332031 80.566406
87.890625 78.125
85.449219 75.683594
83.007813 73.242188
83.007813 70.800781
80.566406 68.359375
78.125 68.359375
75.683594 65.917969
73.242188 63.476563
70.800781 61.035156
68.359375 58.59375
65.917969 56.152344
63.476563 56.152344
61.035156 53.710938
58.59375 51.269531
56.152344 48.828125
53.710938 46.386719
51.269531 43.945313
48.828125 41.503906
46.386719 41.503906
43.945313 39.0625
41.503906 39.0625
39.0625 36.621094
36.621094 36.621094
34.179688 34.179688
31.738281 31.738281
29.296875 29.296875
26.855469 26.855469
24.414063 26.855469
21.972656 24.414063
19.53125 21.972656
17.089844 19.53125
14.648438 17.089844
14.648438 14.648438
12.207031 12.207031
9.765625 9.765625
9.765625 7.324219
