7.324219 97.65625
9.765625 95.214844
12.207031 92.773438
14.648438 90.332031
17.089844 87.890625
19.53125 85.449219
21.972656 83.007813
24.414063 80.566406
26.855469 80.566406
29.296875 78.125
31.738281 78.125
34.179688 78.125
36.621094 78.125
39.0625 78.125
41.503906 78.125
43.945313 75.683594
46.386719 75.683594
48.828125 73.242188
51.269531 73.242188
53.710938 73.242188
56.152344 70.800781
58.59375 70.800781
61.035156 70.800781
63.476563 70.800781
65.917969 68.359375
68.359375 65.917969
70.800781 63.476563
73.242188 63.476563
75.683594 61.035156
78.125 58.59375
80.566406 56.152344
83.007813 53.710938
85.449219 51.269531
87.890625 48.828125
90.332031 48.828125
92.773438 46.386719
95.214844 43.945313
97.65625 43.945313
100.097656 43.945313
102.539063 43.945313
104.980469 43.945313
107.421875 41.503906
109.863281 41.503906
112.304688 41.503906
114.746094 41.503906
117.1875 39.0625
119.628906 39.0625
122.070313 36.621094
124.511719 36.621094
126.953125 36.621094
129.394531 36.621094
131.835938 34.179688
134.277344 31.738281
136.71875 29.296875
139.160156 29.296875
141.601563 29.296875
144.042969 26.855469
146.484375 26.855469
148.925781 26.855469
151.367188 24.414063
153.808594 26.855469
156.25 24.414063
158.691406 24.414063
161.132813 21.972656
163.574219 21.972656
166.015625 19.53125
178.222656 7.324219
175.78125 9.765625
173.339844 12.207031
170.898438 14.648438
168.457031 17.089844
