7.324219 112.304688
9.765625 109.863281
12.207031 107.421875
14.648438 104.980469
17.089844 102.539063
19.53125 100.097656
21.972656 100.097656
24.414063 97.65625
26.855469 95.214844
29.296875 92.773438
29.296875 90.332031
31.738281 87.890625
31.738281 85.449219
34.179688 83.007813
34.179688 80.566406
34.179688 78.125
36.621094 75.683594
36.621094 73.242188
39.0625 70.800781
39.0625 68.359375
39.0625 65.917969
41.503906 63.476563
43.945313 61.035156
43.945313 58.59375
46.386719 56.152344
46.386719 53.710938
48.828125 51.269531
51.269531 48.828125
51.269531 46.386719
53.710938 43.945313
56.152344 41.503906
56.152344 39.0625
56.152344 36.621094
58.59375 34.179688
61.035156 31.738281
63.476563 29.296875
63.476563 26.855469
65.917969 24.414063
65.917969 21.972656
68.359375 19.53125
80.566406 7.324219
78.125 9.765625
75.683594 12.207031
73.242188 14.648438
70.800781 17.089844
