83.007813 26.855469
80.566406 26.855469
78.125 26.855469
75.683594 26.855469
73.242188 26.855469
70.800781 26.855469
68.359375 26.855469
65.917969 24.414063
63.476563 24.414063
61.035156 24.414063
58.59375 24.414063
56.152344 21.972656
53.710938 21.972656
51.269531 21.972656
48.828125 21.972656
46.386719 21.972656
43.945313 21.972656
41.503906 19.53125
39.0625 19.53125
36.621094 19.53125
34.179688 19.53125
31.738281 17.089844
29.296875 17.089844
26.855469 17.089844
24.414063 19.53125
21.972656 19.53125
19.53125 19.53125
17.089844 19.53125
2.441406 19.53125
4.882813 19.53125
7.324219 19.53125
9.765625 19.53125
12.207031 19.53125
14.648438 19.53125
