73.242188 87.890625
73.242188 85.449219
70.800781 83.007813
68.359375 80.566406
68.359375 78.125
65.917969 75.683594
63.476563 73.242188
61.035156 70.800781
61.035156 68.359375
58.59375 65.917969
56.152344 63.476563
56.152344 61.035156
53.710938 58.59375
51.269531 56.152344
48.828125 53.710938
46.386719 51.269531
43.945313 48.828125
41.503906 46.386719
39.0625 43.945313
36.621094 41.503906
34.179688 39.0625
31.738281 36.621094
29.296875 34.179688
29.296875 31.738281
26.855469 29.296875
24.414063 26.855469
21.972656 24.414063
21.972656 21.972656
19.53125 19.53125
19.53125 17.089844
