85.449219 256.347656
85.449219 253.90625
85.449219 251.464844
83.007813 249.023438
83.007813 246.582031
83.007813 244.140625
80.566406 241.699219
80.566406 239.257813
78.125 236.816406
78.125 234.375
78.125 231.933594
75.683594 229.492188
73.242188 227.050781
73.242188 224.609375
73.242188 222.167969
73.242188 219.726563
73.242188 217.285156
73.242188 214.84375
73.242188 212.402344
75.683594 209.960938
75.683594 207.519531
75.683594 205.078125
75.683594 202.636719
75.683594 200.195313
75.683594 197.753906
78.125 195.3125
78.125 192.871094
75.683594 190.429688
78.125 187.988281
78.125 185.546875
75.683594 183.105469
75.683594 180.664063
78.125 178.222656
78.125 175.78125
78.125 173.339844
78.125 170.898438
78.125 168.457031
78.125 166.015625
75.683594 163.574219
75.683594 161.132813
73.242188 158.691406
70.800781 156.25
68.359375 153.808594
65.917969 151.367188
63.476563 148.925781
63.476563 146.484375
61.035156 144.042969
61.035156 141.601563
61.035156 139.160156
61.035156 136.71875
61.035156 134.277344
61.035156 131.835938
58.59375 129.394531
58.59375 126.953125
58.59375 124.511719
56.152344 122.070313
56.152344 119.628906
53.710938 117.1875
51.269531 114.746094
48.828125 112.304688
46.386719 109.863281
43.945313 107.421875
43.945313 104.980469
43.945313 102.539063
43.945313 100.097656
43.945313 97.65625
41.503906 95.214844
41.503906 92.773438
41.503906 90.332031
39.0625 87.890625
39.0625 85.449219
36.621094 83.007813
34.179688 80.566406
31.738281 78.125
31.738281 75.683594
29.296875 73.242188
29.296875 70.800781
26.855469 68.359375
26.855469 65.917969
24.414063 63.476563
24.414063 61.035156
24.414063 58.59375
24.414063 56.152344
24.414063 53.710938
21.972656 51.269531
19.53125 48.828125
19.53125 46.386719
19.53125 43.945313
19.53125 41.503906
17.089844 39.0625
14.648438 36.621094
12.207031 34.179688
12.207031 31.738281
12.207031 29.296875
12.207031 26.855469
14.648438 24.414063
17.089844 21.972656
19.53125 19.53125
19.53125 17.089844
19.53125 14.648438
19.53125 12.207031
19.53125 9.765625
19.53125 7.324219
19.53125 4.882813
