9.765625 139.160156
9.765625 136.71875
9.765625 134.277344
9.765625 131.835938
9.765625 129.394531
9.765625 126.953125
12.207031 124.511719
12.207031 122.070313
14.648438 119.628906
14.648438 117.1875
17.089844 114.746094
17.089844 112.304688
19.53125 109.863281
21.972656 107.421875
21.972656 104.980469
24.414063 102.539063
24.414063 100.097656
24.414063 97.65625
26.855469 95.214844
26.855469 92.773438
29.296875 90.332031
29.296875 87.890625
31.738281 85.449219
34.179688 83.007813
36.621094 80.566406
39.0625 78.125
39.0625 75.683594
41.503906 73.242188
43.945313 70.800781
43.945313 68.359375
46.386719 65.917969
48.828125 63.476563
48.828125 61.035156
51.269531 58.59375
53.710938 56.152344
53.710938 53.710938
56.152344 51.269531
56.152344 48.828125
58.59375 46.386719
58.59375 43.945313
61.035156 41.503906
63.476563 39.0625
63.476563 36.621094
65.917969 34.179688
65.917969 31.738281
68.359375 29.296875
68.359375 26.855469
70.800781 24.414063
70.800781 21.972656
70.800781 19.53125
70.800781 17.089844
73.242188 14.648438
73.242188 12.207031
73.242188 9.765625
73.242188 2.441406
73.242188 4.882813
73.242188 7.324219
