4.882813 126.953125
7.324219 124.511719
9.765625 122.070313
12.207031 119.628906
14.648438 117.1875
17.089844 114.746094
17.089844 112.304688
19.53125 109.863281
19.53125 107.421875
21.972656 104.980469
21.972656 102.539063
21.972656 100.097656
21.972656 97.65625
24.414063 95.214844
26.855469 92.773438
26.855469 90.332031
29.296875 87.890625
29.296875 85.449219
31.738281 83.007813
34.179688 80.566406
36.621094 78.125
36.621094 75.683594
39.0625 73.242188
41.503906 70.800781
43.945313 68.359375
46.386719 65.917969
46.386719 63.476563
48.828125 61.035156
51.269531 58.59375
53.710938 56.152344
56.152344 53.710938
58.59375 51.269531
61.035156 48.828125
63.476563 46.386719
65.917969 43.945313
65.917969 41.503906
68.359375 39.0625
70.800781 36.621094
73.242188 34.179688
73.242188 31.738281
73.242188 29.296875
75.683594 26.855469
78.125 24.414063
78.125 21.972656
78.125 19.53125
80.566406 17.089844
83.007813 14.648438
92.773438 4.882813
90.332031 7.324219
87.890625 9.765625
85.449219 12.207031
