117.1875 197.753906
114.746094 197.753906
112.304688 195.3125
112.304688 192.871094
112.304688 190.429688
112.304688 187.988281
112.304688 185.546875
109.863281 183.105469
109.863281 180.664063
109.863281 178.222656
107.421875 175.78125
107.421875 173.339844
104.980469 170.898438
102.539063 168.457031
102.539063 166.015625
100.097656 163.574219
97.65625 161.132813
95.214844 158.691406
95.214844 156.25
92.773438 153.808594
92.773438 151.367188
92.773438 148.925781
90.332031 146.484375
87.890625 144.042969
87.890625 141.601563
85.449219 139.160156
83.007813 136.71875
83.007813 134.277344
80.566406 131.835938
78.125 129.394531
75.683594 126.953125
73.242188 124.511719
73.242188 122.070313
70.800781 119.628906
68.359375 117.1875
68.359375 114.746094
65.917969 112.304688
65.917969 109.863281
63.476563 107.421875
63.476563 104.980469
63.476563 102.539063
61.035156 100.097656
61.035156 97.65625
58.59375 95.214844
58.59375 92.773438
58.59375 90.332031
58.59375 87.890625
58.59375 85.449219
56.152344 83.007813
56.152344 80.566406
56.152344 78.125
56.152344 75.683594
53.710938 73.242188
53.710938 70.800781
53.710938 68.359375
51.269531 65.917969
51.269531 63.476563
51.269531 61.035156
48.828125 58.59375
48.828125 56.152344
46.386719 53.710938
46.386719 51.269531
46.386719 48.828125
43.945313 46.386719
43.945313 43.945313
41.503906 41.503906
39.0625 39.0625
36.621094 36.621094
34.179688 34.179688
34.179688 31.738281
31.738281 29.296875
29.296875 26.855469
26.855469 26.855469
24.414063 24.414063
24.414063 21.972656
21.972656 19.53125
19.53125 17.089844
17.089844 17.089844
14.648438 17.089844
