12.207031 102.539063
12.207031 100.097656
12.207031 97.65625
12.207031 95.214844
12.207031 92.773438
12.207031 90.332031
14.648438 87.890625
14.648438 85.449219
17.089844 83.007813
17.089844 80.566406
19.53125 78.125
21.972656 75.683594
21.972656 73.242188
21.972656 70.800781
21.972656 68.359375
24.414063 65.917969
24.414063 63.476563
24.414063 61.035156
24.414063 58.59375
24.414063 56.152344
24.414063 53.710938
26.855469 51.269531
26.855469 48.828125
26.855469 46.386719
29.296875 43.945313
29.296875 41.503906
29.296875 39.0625
31.738281 36.621094
31.738281 34.179688
34.179688 31.738281
36.621094 29.296875
36.621094 26.855469
39.0625 24.414063
39.0625 21.972656
39.0625 19.53125
41.503906 17.089844
41.503906 14.648438
41.503906 12.207031
41.503906 2.441406
41.503906 4.882813
41.503906 7.324219
41.503906 9.765625
