43.945313 87.890625
43.945313 85.449219
43.945313 83.007813
43.945313 80.566406
43.945313 78.125
43.945313 75.683594
43.945313 73.242188
43.945313 70.800781
41.503906 68.359375
41.503906 65.917969
41.503906 63.476563
39.0625 61.035156
39.0625 58.59375
39.0625 56.152344
36.621094 53.710938
36.621094 51.269531
36.621094 48.828125
34.179688 46.386719
31.738281 43.945313
31.738281 41.503906
29.296875 39.0625
29.296875 36.621094
26.855469 34.179688
26.855469 31.738281
24.414063 29.296875
24.414063 26.855469
21.972656 24.414063
21.972656 21.972656
19.53125 19.53125
19.53125 17.089844
19.53125 2.441406
19.53125 4.882813
19.53125 7.324219
19.53125 9.765625
19.53125 12.207031
19.53125 14.648438
