185.546875 19.53125
183.105469 21.972656
180.664063 24.414063
178.222656 26.855469
175.78125 29.296875
173.339844 29.296875
170.898438 29.296875
168.457031 29.296875
166.015625 29.296875
163.574219 26.855469
161.132813 26.855469
158.691406 26.855469
156.25 26.855469
153.808594 26.855469
151.367188 24.414063
148.925781 26.855469
146.484375 26.855469
144.042969 26.855469
141.601563 26.855469
139.160156 26.855469
136.71875 24.414063
134.277344 24.414063
131.835938 24.414063
129.394531 21.972656
126.953125 21.972656
124.511719 21.972656
122.070313 21.972656
119.628906 21.972656
117.1875 21.972656
114.746094 21.972656
112.304688 21.972656
109.863281 19.53125
107.421875 19.53125
104.980469 19.53125
102.539063 19.53125
100.097656 19.53125
97.65625 19.53125
95.214844 19.53125
92.773438 19.53125
90.332031 17.089844
87.890625 17.089844
85.449219 17.089844
83.007813 17.089844
80.566406 17.089844
78.125 17.089844
75.683594 19.53125
73.242188 19.53125
70.800781 19.53125
68.359375 19.53125
65.917969 21.972656
63.476563 21.972656
61.035156 21.972656
58.59375 21.972656
56.152344 21.972656
53.710938 21.972656
51.269531 21.972656
48.828125 21.972656
46.386719 21.972656
43.945313 21.972656
41.503906 19.53125
39.0625 19.53125
36.621094 19.53125
34.179688 19.53125
31.738281 19.53125
29.296875 19.53125
26.855469 19.53125
24.414063 21.972656
21.972656 21.972656
19.53125 21.972656
17.089844 21.972656
14.648438 21.972656
2.441406 21.972656
4.882813 21.972656
7.324219 21.972656
9.765625 21.972656
12.207031 21.972656
