214.84375 407.714844
212.402344 405.273438
209.960938 402.832031
207.519531 400.390625
207.519531 397.949219
209.960938 395.507813
207.519531 393.066406
207.519531 390.625
207.519531 388.183594
207.519531 385.742188
207.519531 383.300781
207.519531 380.859375
205.078125 378.417969
205.078125 375.976563
202.636719 373.535156
202.636719 371.09375
200.195313 368.652344
200.195313 366.210938
200.195313 363.769531
200.195313 361.328125
197.753906 358.886719
197.753906 356.445313
195.3125 354.003906
195.3125 351.5625
192.871094 349.121094
192.871094 346.679688
190.429688 344.238281
190.429688 341.796875
187.988281 339.355469
187.988281 336.914063
187.988281 334.472656
185.546875 332.03125
185.546875 329.589844
185.546875 327.148438
183.105469 324.707031
183.105469 322.265625
183.105469 319.824219
180.664063 317.382813
180.664063 314.941406
178.222656 312.5
175.78125 310.058594
173.339844 307.617188
173.339844 305.175781
170.898438 302.734375
168.457031 300.292969
168.457031 297.851563
166.015625 295.410156
163.574219 292.96875
163.574219 290.527344
163.574219 288.085938
161.132813 285.644531
161.132813 283.203125
158.691406 280.761719
158.691406 278.320313
158.691406 275.878906
156.25 273.4375
156.25 270.996094
153.808594 268.554688
153.808594 266.113281
151.367188 263.671875
151.367188 261.230469
148.925781 258.789063
148.925781 256.347656
148.925781 253.90625
148.925781 251.464844
146.484375 249.023438
146.484375 246.582031
146.484375 244.140625
144.042969 241.699219
144.042969 239.257813
141.601563 236.816406
141.601563 234.375
139.160156 231.933594
136.71875 229.492188
136.71875 227.050781
134.277344 224.609375
134.277344 222.167969
134.277344 219.726563
134.277344 217.285156
131.835938 214.84375
131.835938 212.402344
131.835938 209.960938
131.835938 207.519531
131.835938 205.078125
131.835938 202.636719
131.835938 200.195313
131.835938 197.753906
129.394531 195.3125
129.394531 192.871094
126.953125 190.429688
126.953125 187.988281
126.953125 185.546875
126.953125 183.105469
124.511719 180.664063
124.511719 178.222656
124.511719 175.78125
124.511719 173.339844
124.511719 170.898438
124.511719 168.457031
124.511719 166.015625
122.070313 163.574219
122.070313 161.132813
122.070313 158.691406
122.070313 156.25
122.070313 153.808594
122.070313 151.367188
122.070313 148.925781
119.628906 146.484375
119.628906 144.042969
117.1875 141.601563
117.1875 139.160156
117.1875 136.71875
117.1875 134.277344
114.746094 131.835938
114.746094 129.394531
114.746094 126.953125
114.746094 124.511719
114.746094 122.070313
114.746094 119.628906
112.304688 117.1875
112.304688 114.746094
112.304688 112.304688
109.863281 109.863281
109.863281 107.421875
107.421875 104.980469
107.421875 102.539063
107.421875 100.097656
107.421875 97.65625
107.421875 95.214844
107.421875 92.773438
104.980469 90.332031
104.980469 87.890625
104.980469 85.449219
104.980469 83.007813
102.539063 80.566406
102.539063 78.125
102.539063 75.683594
100.097656 73.242188
100.097656 70.800781
100.097656 68.359375
100.097656 65.917969
100.097656 63.476563
97.65625 61.035156
97.65625 58.59375
95.214844 56.152344
92.773438 53.710938
92.773438 51.269531
90.332031 48.828125
87.890625 46.386719
85.449219 43.945313
83.007813 41.503906
80.566406 41.503906
78.125 41.503906
75.683594 39.0625
73.242188 41.503906
70.800781 43.945313
68.359375 43.945313
65.917969 46.386719
63.476563 48.828125
61.035156 48.828125
58.59375 51.269531
56.152344 53.710938
53.710938 56.152344
51.269531 58.59375
48.828125 58.59375
46.386719 61.035156
43.945313 63.476563
41.503906 65.917969
39.0625 68.359375
36.621094 68.359375
34.179688 70.800781
31.738281 73.242188
29.296875 75.683594
26.855469 78.125
24.414063 80.566406
21.972656 83.007813
19.53125 83.007813
17.089844 85.449219
4.882813 97.65625
7.324219 95.214844
9.765625 92.773438
12.207031 90.332031
14.648438 87.890625
