4.882813 214.84375
4.882813 212.402344
7.324219 209.960938
7.324219 207.519531
7.324219 205.078125
7.324219 202.636719
9.765625 200.195313
9.765625 197.753906
12.207031 195.3125
12.207031 192.871094
14.648438 190.429688
14.648438 187.988281
14.648438 185.546875
17.089844 183.105469
17.089844 180.664063
19.53125 178.222656
21.972656 175.78125
21.972656 173.339844
24.414063 170.898438
26.855469 168.457031
29.296875 166.015625
31.738281 163.574219
31.738281 161.132813
34.179688 158.691406
36.621094 156.25
36.621094 153.808594
39.0625 151.367188
41.503906 148.925781
41.503906 146.484375
43.945313 144.042969
46.386719 141.601563
48.828125 139.160156
51.269531 136.71875
53.710938 134.277344
56.152344 131.835938
58.59375 129.394531
61.035156 126.953125
63.476563 124.511719
65.917969 122.070313
68.359375 122.070313
70.800781 122.070313
73.242188 119.628906
75.683594 117.1875
78.125 114.746094
80.566406 112.304688
83.007813 109.863281
85.449219 107.421875
87.890625 104.980469
90.332031 102.539063
92.773438 100.097656
95.214844 97.65625
97.65625 95.214844
100.097656 92.773438
102.539063 90.332031
104.980469 90.332031
107.421875 87.890625
109.863281 87.890625
112.304688 85.449219
114.746094 83.007813
117.1875 80.566406
119.628906 78.125
122.070313 75.683594
124.511719 73.242188
126.953125 70.800781
129.394531 68.359375
131.835938 65.917969
134.277344 63.476563
136.71875 63.476563
139.160156 61.035156
141.601563 58.59375
144.042969 56.152344
146.484375 53.710938
148.925781 51.269531
151.367188 48.828125
153.808594 46.386719
156.25 46.386719
158.691406 43.945313
161.132813 43.945313
163.574219 41.503906
166.015625 39.0625
168.457031 39.0625
170.898438 36.621094
173.339844 34.179688
173.339844 31.738281
175.78125 29.296875
178.222656 26.855469
180.664063 26.855469
183.105469 24.414063
185.546875 21.972656
187.988281 19.53125
190.429688 17.089844
192.871094 14.648438
195.3125 14.648438
197.753906 12.207031
200.195313 12.207031
202.636719 12.207031
205.078125 9.765625
207.519531 9.765625
