14.648438 53.710938
17.089844 51.269531
17.089844 48.828125
19.53125 46.386719
19.53125 43.945313
21.972656 41.503906
24.414063 39.0625
26.855469 36.621094
29.296875 34.179688
31.738281 34.179688
34.179688 31.738281
36.621094 31.738281
39.0625 29.296875
41.503906 29.296875
43.945313 29.296875
46.386719 26.855469
48.828125 26.855469
51.269531 26.855469
53.710938 26.855469
56.152344 24.414063
58.59375 21.972656
61.035156 21.972656
63.476563 19.53125
65.917969 19.53125
68.359375 19.53125
70.800781 17.089844
73.242188 17.089844
75.683594 17.089844
78.125 17.089844
80.566406 14.648438
83.007813 14.648438
85.449219 14.648438
87.890625 14.648438
90.332031 12.207031
92.773438 12.207031
95.214844 12.207031
97.65625 9.765625
100.097656 9.765625
102.539063 9.765625
104.980469 7.324219
