92.773438 46.386719
90.332031 46.386719
87.890625 43.945313
85.449219 43.945313
83.007813 41.503906
80.566406 41.503906
78.125 39.0625
75.683594 39.0625
73.242188 36.621094
70.800781 36.621094
68.359375 34.179688
65.917969 34.179688
63.476563 31.738281
61.035156 31.738281
58.59375 29.296875
56.152344 26.855469
53.710938 24.414063
51.269531 21.972656
48.828125 19.53125
46.386719 19.53125
43.945313 17.089844
41.503906 17.089844
39.0625 14.648438
36.621094 14.648438
34.179688 12.207031
31.738281 12.207031
29.296875 12.207031
26.855469 12.207031
24.414063 9.765625
21.972656 9.765625
19.53125 9.765625
17.089844 9.765625
14.648438 9.765625
12.207031 7.324219
9.765625 7.324219
7.324219 4.882813
