104.980469 70.800781
102.539063 70.800781
100.097656 68.359375
97.65625 65.917969
95.214844 65.917969
92.773438 63.476563
90.332031 63.476563
87.890625 61.035156
85.449219 61.035156
83.007813 61.035156
80.566406 58.59375
78.125 58.59375
75.683594 58.59375
73.242188 58.59375
70.800781 56.152344
68.359375 53.710938
65.917969 53.710938
63.476563 51.269531
61.035156 51.269531
58.59375 48.828125
56.152344 46.386719
53.710938 43.945313
51.269531 41.503906
48.828125 39.0625
46.386719 36.621094
43.945313 34.179688
41.503906 31.738281
39.0625 31.738281
36.621094 31.738281
34.179688 31.738281
31.738281 31.738281
29.296875 31.738281
26.855469 31.738281
24.414063 34.179688
21.972656 36.621094
19.53125 36.621094
17.089844 39.0625
14.648438 39.0625
12.207031 39.0625
