19.53125 158.691406
21.972656 156.25
24.414063 153.808594
26.855469 151.367188
29.296875 148.925781
31.738281 146.484375
34.179688 144.042969
36.621094 141.601563
39.0625 139.160156
41.503906 139.160156
43.945313 136.71875
46.386719 134.277344
48.828125 131.835938
48.828125 129.394531
48.828125 126.953125
48.828125 124.511719
48.828125 122.070313
48.828125 119.628906
48.828125 117.1875
51.269531 114.746094
51.269531 112.304688
51.269531 109.863281
53.710938 107.421875
56.152344 104.980469
58.59375 104.980469
61.035156 104.980469
63.476563 104.980469
65.917969 102.539063
68.359375 102.539063
70.800781 102.539063
73.242188 100.097656
75.683594 100.097656
78.125 97.65625
80.566406 95.214844
83.007813 95.214844
85.449219 92.773438
87.890625 90.332031
87.890625 87.890625
90.332031 85.449219
92.773438 85.449219
95.214844 83.007813
97.65625 80.566406
100.097656 80.566406
102.539063 78.125
104.980469 78.125
107.421875 78.125
109.863281 75.683594
112.304688 73.242188
114.746094 70.800781
117.1875 68.359375
119.628906 65.917969
122.070313 63.476563
122.070313 61.035156
124.511719 58.59375
126.953125 56.152344
129.394531 53.710938
131.835938 51.269531
134.277344 48.828125
134.277344 46.386719
136.71875 43.945313
139.160156 41.503906
141.601563 39.0625
141.601563 36.621094
141.601563 34.179688
144.042969 31.738281
144.042969 29.296875
146.484375 26.855469
146.484375 24.414063
146.484375 21.972656
148.925781 19.53125
148.925781 17.089844
148.925781 2.441406
148.925781 4.882813
148.925781 7.324219
148.925781 9.765625
148.925781 12.207031
148.925781 14.648438
