17.089844 146.484375
17.089844 144.042969
17.089844 141.601563
17.089844 139.160156
17.089844 136.71875
14.648438 134.277344
14.648438 131.835938
14.648438 129.394531
14.648438 126.953125
14.648438 124.511719
14.648438 122.070313
17.089844 119.628906
17.089844 117.1875
19.53125 114.746094
19.53125 112.304688
19.53125 109.863281
21.972656 107.421875
24.414063 104.980469
26.855469 102.539063
29.296875 100.097656
29.296875 97.65625
31.738281 95.214844
34.179688 92.773438
36.621094 90.332031
39.0625 87.890625
41.503906 85.449219
43.945313 83.007813
43.945313 80.566406
46.386719 78.125
46.386719 75.683594
48.828125 73.242188
51.269531 70.800781
51.269531 68.359375
53.710938 65.917969
56.152344 63.476563
58.59375 61.035156
61.035156 58.59375
63.476563 56.152344
65.917969 53.710938
68.359375 51.269531
70.800781 48.828125
73.242188 48.828125
75.683594 48.828125
78.125 46.386719
80.566406 43.945313
83.007813 43.945313
85.449219 41.503906
87.890625 41.503906
90.332031 39.0625
92.773438 39.0625
95.214844 39.0625
97.65625 39.0625
100.097656 36.621094
102.539063 34.179688
104.980469 34.179688
107.421875 31.738281
109.863281 29.296875
112.304688 26.855469
114.746094 26.855469
117.1875 24.414063
119.628906 21.972656
122.070313 19.53125
122.070313 17.089844
124.511719 14.648438
134.277344 4.882813
131.835938 7.324219
129.394531 9.765625
126.953125 12.207031
