7.324219 46.386719
9.765625 43.945313
12.207031 41.503906
14.648438 39.0625
17.089844 36.621094
19.53125 34.179688
21.972656 31.738281
24.414063 29.296875
26.855469 29.296875
29.296875 26.855469
31.738281 26.855469
34.179688 26.855469
36.621094 26.855469
39.0625 26.855469
41.503906 26.855469
43.945313 26.855469
46.386719 26.855469
48.828125 26.855469
51.269531 26.855469
53.710938 26.855469
56.152344 26.855469
58.59375 26.855469
61.035156 26.855469
63.476563 26.855469
65.917969 26.855469
68.359375 24.414063
70.800781 24.414063
73.242188 24.414063
75.683594 24.414063
78.125 24.414063
80.566406 24.414063
83.007813 24.414063
85.449219 24.414063
87.890625 21.972656
90.332031 21.972656
92.773438 21.972656
95.214844 19.53125
97.65625 19.53125
100.097656 17.089844
102.539063 17.089844
104.980469 17.089844
107.421875 17.089844
109.863281 17.089844
119.628906 17.089844
117.1875 17.089844
114.746094 17.089844
112.304688 17.089844
