75.683594 56.152344
73.242188 56.152344
70.800781 56.152344
68.359375 56.152344
65.917969 56.152344
63.476563 56.152344
61.035156 56.152344
58.59375 56.152344
56.152344 56.152344
53.710938 56.152344
51.269531 53.710938
48.828125 53.710938
46.386719 51.269531
43.945313 48.828125
41.503906 46.386719
39.0625 43.945313
36.621094 41.503906
34.179688 41.503906
31.738281 39.0625
29.296875 36.621094
29.296875 34.179688
26.855469 31.738281
24.414063 29.296875
24.414063 26.855469
21.972656 24.414063
21.972656 21.972656
19.53125 19.53125
17.089844 17.089844
14.648438 14.648438
14.648438 12.207031
14.648438 2.441406
14.648438 4.882813
14.648438 7.324219
14.648438 9.765625
