21.972656 104.980469
21.972656 102.539063
21.972656 100.097656
21.972656 97.65625
21.972656 95.214844
21.972656 92.773438
21.972656 90.332031
21.972656 87.890625
21.972656 85.449219
21.972656 83.007813
21.972656 80.566406
24.414063 78.125
26.855469 75.683594
29.296875 73.242188
31.738281 70.800781
31.738281 68.359375
34.179688 65.917969
36.621094 63.476563
39.0625 61.035156
41.503906 58.59375
41.503906 56.152344
43.945313 53.710938
43.945313 51.269531
46.386719 48.828125
48.828125 46.386719
51.269531 43.945313
53.710938 41.503906
56.152344 39.0625
58.59375 36.621094
58.59375 34.179688
61.035156 31.738281
63.476563 29.296875
65.917969 26.855469
65.917969 24.414063
65.917969 21.972656
68.359375 19.53125
68.359375 17.089844
68.359375 14.648438
68.359375 2.441406
68.359375 4.882813
68.359375 7.324219
68.359375 9.765625
68.359375 12.207031
