229.492188 236.816406
229.492188 234.375
229.492188 231.933594
229.492188 229.492188
229.492188 227.050781
229.492188 224.609375
229.492188 222.167969
227.050781 219.726563
224.609375 217.285156
222.167969 217.285156
219.726563 217.285156
217.285156 214.84375
214.84375 214.84375
212.402344 212.402344
209.960938 212.402344
207.519531 209.960938
205.078125 209.960938
202.636719 207.519531
200.195313 207.519531
197.753906 207.519531
195.3125 205.078125
192.871094 205.078125
190.429688 205.078125
187.988281 202.636719
185.546875 200.195313
183.105469 200.195313
180.664063 200.195313
178.222656 200.195313
175.78125 200.195313
173.339844 197.753906
170.898438 197.753906
168.457031 195.3125
166.015625 192.871094
163.574219 190.429688
161.132813 190.429688
158.691406 187.988281
156.25 187.988281
153.808594 185.546875
151.367188 183.105469
148.925781 180.664063
146.484375 180.664063
144.042969 178.222656
141.601563 178.222656
139.160156 175.78125
136.71875 175.78125
134.277344 173.339844
131.835938 170.898438
129.394531 168.457031
126.953125 166.015625
124.511719 166.015625
122.070313 163.574219
119.628906 161.132813
117.1875 158.691406
114.746094 156.25
112.304688 153.808594
109.863281 151.367188
107.421875 148.925781
104.980469 146.484375
104.980469 144.042969
102.539063 141.601563
100.097656 139.160156
97.65625 136.71875
97.65625 134.277344
95.214844 131.835938
95.214844 129.394531
92.773438 126.953125
90.332031 124.511719
90.332031 122.070313
87.890625 119.628906
85.449219 117.1875
83.007813 114.746094
83.007813 112.304688
80.566406 109.863281
78.125 107.421875
75.683594 104.980469
75.683594 102.539063
73.242188 100.097656
70.800781 97.65625
70.800781 95.214844
68.359375 92.773438
65.917969 90.332031
63.476563 87.890625
61.035156 85.449219
61.035156 83.007813
58.59375 80.566406
58.59375 78.125
56.152344 75.683594
53.710938 73.242188
53.710938 70.800781
51.269531 68.359375
48.828125 65.917969
48.828125 63.476563
46.386719 61.035156
46.386719 58.59375
43.945313 56.152344
41.503906 53.710938
41.503906 51.269531
39.0625 48.828125
39.0625 46.386719
39.0625 43.945313
36.621094 41.503906
36.621094 39.0625
34.179688 36.621094
31.738281 34.179688
29.296875 31.738281
29.296875 29.296875
26.855469 26.855469
26.855469 24.414063
24.414063 21.972656
21.972656 19.53125
19.53125 17.089844
17.089844 17.089844
2.441406 17.089844
4.882813 17.089844
7.324219 17.089844
9.765625 17.089844
12.207031 17.089844
14.648438 17.089844
