2.441406 46.386719
4.882813 46.386719
7.324219 46.386719
9.765625 46.386719
12.207031 46.386719
14.648438 46.386719
17.089844 46.386719
19.53125 46.386719
21.972656 46.386719
24.414063 43.945313
26.855469 43.945313
29.296875 43.945313
31.738281 43.945313
34.179688 41.503906
36.621094 41.503906
39.0625 41.503906
41.503906 41.503906
43.945313 41.503906
46.386719 39.0625
48.828125 39.0625
51.269531 39.0625
53.710938 39.0625
56.152344 41.503906
58.59375 41.503906
61.035156 41.503906
63.476563 41.503906
65.917969 41.503906
68.359375 39.0625
70.800781 39.0625
73.242188 39.0625
75.683594 41.503906
78.125 39.0625
80.566406 39.0625
83.007813 41.503906
85.449219 41.503906
87.890625 41.503906
90.332031 41.503906
92.773438 41.503906
95.214844 41.503906
97.65625 41.503906
100.097656 41.503906
102.539063 41.503906
104.980469 41.503906
107.421875 41.503906
109.863281 41.503906
112.304688 41.503906
114.746094 41.503906
117.1875 43.945313
119.628906 43.945313
122.070313 46.386719
124.511719 46.386719
126.953125 48.828125
129.394531 48.828125
131.835938 48.828125
134.277344 48.828125
136.71875 48.828125
139.160156 51.269531
141.601563 48.828125
144.042969 46.386719
146.484375 43.945313
148.925781 43.945313
151.367188 41.503906
153.808594 41.503906
156.25 39.0625
158.691406 36.621094
161.132813 36.621094
163.574219 34.179688
166.015625 36.621094
168.457031 34.179688
170.898438 31.738281
173.339844 34.179688
175.78125 34.179688
178.222656 36.621094
180.664063 39.0625
183.105469 41.503906
185.546875 43.945313
187.988281 46.386719
190.429688 48.828125
192.871094 51.269531
192.871094 53.710938
195.3125 56.152344
195.3125 58.59375
197.753906 61.035156
195.3125 63.476563
195.3125 65.917969
192.871094 68.359375
190.429688 70.800781
190.429688 73.242188
187.988281 75.683594
187.988281 78.125
185.546875 80.566406
183.105469 83.007813
183.105469 85.449219
180.664063 87.890625
178.222656 90.332031
175.78125 92.773438
173.339844 95.214844
173.339844 97.65625
170.898438 100.097656
168.457031 102.539063
168.457031 104.980469
166.015625 107.421875
166.015625 109.863281
163.574219 112.304688
163.574219 114.746094
161.132813 117.1875
161.132813 119.628906
161.132813 122.070313
158.691406 124.511719
158.691406 126.953125
