17.089844 180.664063
17.089844 178.222656
17.089844 175.78125
17.089844 173.339844
17.089844 170.898438
17.089844 168.457031
17.089844 166.015625
17.089844 163.574219
17.089844 161.132813
17.089844 158.691406
19.53125 156.25
19.53125 153.808594
19.53125 151.367188
21.972656 148.925781
21.972656 146.484375
24.414063 144.042969
26.855469 141.601563
26.855469 139.160156
29.296875 136.71875
29.296875 134.277344
31.738281 131.835938
31.738281 129.394531
31.738281 126.953125
34.179688 124.511719
34.179688 122.070313
34.179688 119.628906
36.621094 117.1875
36.621094 114.746094
36.621094 112.304688
39.0625 109.863281
39.0625 107.421875
39.0625 104.980469
41.503906 102.539063
41.503906 100.097656
43.945313 97.65625
43.945313 95.214844
46.386719 92.773438
46.386719 90.332031
46.386719 87.890625
48.828125 85.449219
48.828125 83.007813
51.269531 80.566406
51.269531 78.125
53.710938 75.683594
53.710938 73.242188
56.152344 70.800781
58.59375 68.359375
58.59375 65.917969
61.035156 63.476563
61.035156 61.035156
61.035156 58.59375
63.476563 56.152344
63.476563 53.710938
63.476563 51.269531
63.476563 48.828125
65.917969 46.386719
65.917969 43.945313
65.917969 41.503906
65.917969 39.0625
68.359375 36.621094
68.359375 34.179688
68.359375 31.738281
68.359375 29.296875
70.800781 26.855469
70.800781 24.414063
73.242188 21.972656
73.242188 19.53125
75.683594 17.089844
75.683594 14.648438
75.683594 2.441406
75.683594 4.882813
75.683594 7.324219
75.683594 9.765625
75.683594 12.207031
