153.808594 51.269531
153.808594 48.828125
153.808594 46.386719
153.808594 43.945313
153.808594 41.503906
153.808594 39.0625
153.808594 36.621094
153.808594 34.179688
153.808594 31.738281
151.367188 29.296875
148.925781 26.855469
146.484375 26.855469
144.042969 26.855469
141.601563 24.414063
139.160156 24.414063
136.71875 24.414063
134.277344 24.414063
131.835938 24.414063
129.394531 24.414063
126.953125 24.414063
124.511719 24.414063
122.070313 26.855469
119.628906 26.855469
117.1875 26.855469
114.746094 26.855469
112.304688 26.855469
109.863281 24.414063
107.421875 24.414063
104.980469 24.414063
102.539063 24.414063
100.097656 24.414063
97.65625 21.972656
95.214844 21.972656
92.773438 21.972656
90.332031 21.972656
87.890625 21.972656
85.449219 19.53125
83.007813 19.53125
80.566406 19.53125
78.125 19.53125
75.683594 19.53125
73.242188 17.089844
70.800781 17.089844
68.359375 17.089844
65.917969 17.089844
63.476563 17.089844
61.035156 17.089844
58.59375 17.089844
56.152344 19.53125
53.710938 17.089844
51.269531 17.089844
48.828125 17.089844
46.386719 17.089844
43.945313 17.089844
41.503906 17.089844
39.0625 17.089844
36.621094 17.089844
34.179688 17.089844
31.738281 19.53125
29.296875 19.53125
26.855469 19.53125
24.414063 21.972656
21.972656 21.972656
19.53125 21.972656
17.089844 21.972656
14.648438 21.972656
12.207031 21.972656
2.441406 21.972656
4.882813 21.972656
7.324219 21.972656
9.765625 21.972656
