7.324219 73.242188
9.765625 70.800781
12.207031 68.359375
14.648438 65.917969
17.089844 63.476563
19.53125 61.035156
21.972656 58.59375
24.414063 56.152344
26.855469 53.710938
29.296875 51.269531
31.738281 51.269531
34.179688 48.828125
36.621094 48.828125
39.0625 46.386719
41.503906 46.386719
43.945313 43.945313
46.386719 43.945313
48.828125 41.503906
51.269531 39.0625
53.710938 39.0625
56.152344 36.621094
58.59375 36.621094
61.035156 34.179688
63.476563 31.738281
65.917969 29.296875
68.359375 26.855469
70.800781 26.855469
73.242188 24.414063
75.683594 21.972656
78.125 21.972656
97.65625 21.972656
95.214844 21.972656
92.773438 21.972656
90.332031 21.972656
87.890625 21.972656
85.449219 21.972656
83.007813 21.972656
80.566406 21.972656
