122.070313 590.820313
122.070313 588.378906
122.070313 585.9375
119.628906 583.496094
119.628906 581.054688
119.628906 578.613281
117.1875 576.171875
117.1875 573.730469
117.1875 571.289063
117.1875 568.847656
114.746094 566.40625
114.746094 563.964844
112.304688 561.523438
112.304688 559.082031
109.863281 556.640625
109.863281 554.199219
107.421875 551.757813
107.421875 549.316406
104.980469 546.875
104.980469 544.433594
102.539063 541.992188
102.539063 539.550781
100.097656 537.109375
100.097656 534.667969
100.097656 532.226563
100.097656 529.785156
100.097656 527.34375
97.65625 524.902344
97.65625 522.460938
97.65625 520.019531
97.65625 517.578125
95.214844 515.136719
95.214844 512.695313
95.214844 510.253906
95.214844 507.8125
92.773438 505.371094
90.332031 502.929688
90.332031 500.488281
87.890625 498.046875
87.890625 495.605469
87.890625 493.164063
87.890625 490.722656
85.449219 488.28125
85.449219 485.839844
83.007813 483.398438
83.007813 480.957031
80.566406 478.515625
80.566406 476.074219
80.566406 473.632813
80.566406 471.191406
78.125 468.75
78.125 466.308594
75.683594 463.867188
73.242188 461.425781
70.800781 458.984375
70.800781 456.542969
68.359375 454.101563
68.359375 451.660156
68.359375 449.21875
65.917969 446.777344
65.917969 444.335938
63.476563 441.894531
63.476563 439.453125
63.476563 437.011719
61.035156 434.570313
58.59375 432.128906
58.59375 429.6875
58.59375 427.246094
56.152344 424.804688
56.152344 422.363281
53.710938 419.921875
51.269531 417.480469
48.828125 415.039063
48.828125 412.597656
46.386719 410.15625
46.386719 407.714844
46.386719 405.273438
43.945313 402.832031
43.945313 400.390625
41.503906 397.949219
41.503906 395.507813
39.0625 393.066406
36.621094 390.625
36.621094 388.183594
34.179688 385.742188
31.738281 383.300781
31.738281 380.859375
31.738281 378.417969
29.296875 375.976563
29.296875 373.535156
29.296875 371.09375
26.855469 368.652344
26.855469 366.210938
24.414063 363.769531
24.414063 361.328125
24.414063 358.886719
21.972656 356.445313
21.972656 354.003906
21.972656 351.5625
21.972656 349.121094
19.53125 346.679688
19.53125 344.238281
19.53125 341.796875
19.53125 339.355469
19.53125 336.914063
19.53125 334.472656
19.53125 332.03125
19.53125 329.589844
19.53125 327.148438
19.53125 324.707031
19.53125 322.265625
19.53125 319.824219
19.53125 317.382813
17.089844 314.941406
17.089844 312.5
17.089844 310.058594
17.089844 307.617188
17.089844 305.175781
19.53125 302.734375
19.53125 300.292969
19.53125 297.851563
19.53125 295.410156
19.53125 292.96875
17.089844 290.527344
17.089844 288.085938
17.089844 285.644531
17.089844 283.203125
17.089844 280.761719
19.53125 278.320313
19.53125 275.878906
19.53125 273.4375
21.972656 270.996094
21.972656 268.554688
21.972656 266.113281
21.972656 263.671875
21.972656 261.230469
24.414063 258.789063
24.414063 256.347656
24.414063 253.90625
24.414063 251.464844
26.855469 249.023438
26.855469 246.582031
26.855469 244.140625
26.855469 241.699219
29.296875 239.257813
29.296875 236.816406
29.296875 234.375
31.738281 231.933594
31.738281 229.492188
31.738281 227.050781
34.179688 224.609375
36.621094 222.167969
36.621094 219.726563
36.621094 217.285156
39.0625 214.84375
39.0625 212.402344
39.0625 209.960938
39.0625 207.519531
41.503906 205.078125
41.503906 202.636719
41.503906 200.195313
41.503906 197.753906
43.945313 195.3125
43.945313 192.871094
43.945313 190.429688
43.945313 187.988281
46.386719 185.546875
46.386719 183.105469
48.828125 180.664063
48.828125 178.222656
48.828125 175.78125
51.269531 173.339844
51.269531 170.898438
51.269531 168.457031
51.269531 166.015625
51.269531 163.574219
51.269531 161.132813
51.269531 158.691406
53.710938 156.25
53.710938 153.808594
53.710938 151.367188
53.710938 148.925781
56.152344 146.484375
56.152344 144.042969
56.152344 141.601563
56.152344 139.160156
56.152344 136.71875
56.152344 134.277344
56.152344 131.835938
56.152344 129.394531
56.152344 126.953125
56.152344 124.511719
56.152344 122.070313
56.152344 119.628906
56.152344 117.1875
56.152344 114.746094
56.152344 112.304688
56.152344 109.863281
56.152344 107.421875
56.152344 104.980469
53.710938 102.539063
53.710938 100.097656
53.710938 97.65625
53.710938 95.214844
53.710938 92.773438
51.269531 90.332031
51.269531 87.890625
51.269531 85.449219
51.269531 83.007813
51.269531 80.566406
51.269531 78.125
51.269531 75.683594
51.269531 73.242188
51.269531 70.800781
51.269531 68.359375
51.269531 65.917969
48.828125 63.476563
48.828125 61.035156
48.828125 58.59375
48.828125 56.152344
48.828125 53.710938
48.828125 51.269531
51.269531 48.828125
51.269531 46.386719
51.269531 43.945313
51.269531 41.503906
51.269531 39.0625
51.269531 36.621094
51.269531 34.179688
51.269531 31.738281
51.269531 29.296875
51.269531 26.855469
51.269531 24.414063
51.269531 21.972656
51.269531 19.53125
51.269531 17.089844
48.828125 14.648438
